3.0,[0.012271470950508956,-0.025286794880230442,-0.0024925839170464315,0.00024804762688290793,0.0,0.00045259865020526313,1.2050408688647507,1.1746022250175379,-1.1217141214467186]
4.0,[0.012865124669284947,-0.026507980995423466,-0.002617639438540209,0.0002600415882625384,0.0,0.0004908388192921421,1.0768550562227164,0.9516123218637701,-1.1217141215675466]
5.0,[0.002429336139660639,-2.3343479445732855,-7.002890356488933,0.0014346994703373637,0.0,0.0005289889610183828,0.7318625387523712,0.6727424007475091,-1.562317521430213]
6.0,[0.015362653963772269,0.003546081946600073,0.02178524027840467,4.3206682676100165e-5,0.0,0.0005645502621505144,0.8559215360614778,0.5202215111761294,-1.0571766935805944]
7.0,[0.014576983176084468,-0.0307475526521254,-0.011752376849472057,0.0003293280315119773,0.0,0.0005853894374935318,0.6880468542126839,0.2807832344221532,-1.1293052264429788]
8.0,[0.017780128776697286,-0.01762145984685048,-0.03956586169806542,-0.0002122533260262571,0.0,0.0006459751598734997,0.6405851832069465,0.09979119087737288,-0.9943175532666823]
9.0,[0.011653469300654251,0.0030970189375996897,0.019041124232899165,3.666684733616421e-5,0.0,3.509145666285781e-7,0.5573215699564706,9.138400172619222e-8,-1.0561043798590508]
10.0,[0.01190015079070387,-0.0023334223442361686,-0.002496847173460992,-6.193090484885033e-5,0.0,2.2388974747337895e-6,0.5714824558190605,5.830462173785911e-7,-1.0223212264379107]
11.0,[0.011782674391724868,0.0014452439245360436,0.01013802375382511,-1.192574927699752e-5,0.0,1.266377589354935e-6,0.5643079361461374,3.29785830561181e-7,-1.0394372331862114]
12.0,[0.0119690734360726,-0.005765343757957452,-0.0123463905765675,-9.635243714001261e-5,0.0,1.814873327396966e-6,0.5764847659542541,4.726232623429599e-7,-1.010386992249611]
13.0,[0.01194306757194378,-0.004369837824924615,-0.008459721811959753,-8.413678642682497e-5,0.0,8.98306980705449e-7,0.5747730161802038,2.339341095587107e-7,-1.0144704107940072]
14.0,[0.01187493126053596,-0.0013216094885137861,0.000609645667282166,-5.166214123164536e-5,0.0,1.0397873409176675e-6,0.5700703444411106,2.7077795336397597e-7,-1.0256896924716863]
15.0,[0.011983227447368941,-0.00660236310068285,-0.014652812296844786,-0.0001042025132846902,0.0,1.3901654452960642e-6,0.5776465005253895,3.620222513791834e-7,-1.0076152738056585]
16.0,[0.01196675232980245,-0.005650235834764316,-0.01205364696943434,-9.623306596040492e-5,0.0,8.168426305989514e-7,0.5765248248376671,2.1271943505181028e-7,-1.010291066759648]
29.0,[0.012092272072550259,-0.014802973661668752,-0.03582130148060969,-0.0001697685547696892,0.0,9.09289065736142e-7,0.5871484871217334,2.3679402753545367e-7,-0.9849460768985312]
30.0,[0.01199434033575623,-0.007317642788014684,-0.01660538373471354,-0.00011166889635205733,0.0,1.0409218729955098e-7,0.5787954298591937,2.71073404425914e-8,-1.0048737973688473]
31.0,[0.011922490254316168,-0.003356603883730713,-0.005545075509871822,-7.424887371598743e-5,0.0,7.481368760157099e-7,0.5733476191758362,1.9482731146242447e-7,-1.0178709471579608]
32.0,[0.011999361504422268,-0.007603280967790244,-0.017362822291033808,-0.00011314114090055226,0.0,1.149104003489017e-6,0.5789517575239738,2.992458342419315e-7,-1.0045012174442356]
33.0,[0.011980025268106449,-0.006416674599070877,-0.014156853467284236,-0.00010323617516405646,0.0,7.218402587626285e-7,0.5775435581353868,1.8797923405276784e-7,-1.0078606262485268]
34.0,[0.012001208915535244,-0.007740178868213357,-0.01772946234268602,-0.00011457075288490158,0.0,8.339200995425833e-7,0.5791751947886176,2.1716669258921443e-7,-1.0039680474043338]
35.0,[0.011996187746869206,-0.007417118771021098,-0.016866863461473258,-0.00011195595561730441,0.0,7.093948030881652e-7,0.5788048597455339,1.8473822997087634e-7,-1.004851516533799]
36.0,[0.0120022889404936,-0.007806496190217633,-0.017905676941154525,-0.0001152756112787756,0.0,7.390453829234645e-7,0.5792816578834259,1.9245973513631887e-7,-1.0037140229943204]
37.0,[0.012096279533579946,-0.015172929579421178,-0.03672653292596806,-0.00017272725472139425,0.0,7.026873722948534e-7,0.5875866159541477,1.8299150320178477e-7,-0.9839007528977375]
38.0,[0.012004846894342336,-0.007992184691829605,-0.018400214685243554,-0.00011746124073397367,0.0,7.367413219922383e-8,0.5796345704015922,1.9185971926881206e-8,-1.0028718369255343]
39.0,[0.011924536617395157,-0.0034532376957940865,-0.00581650283493218,-7.52805817683111e-5,0.0,6.852580343690113e-7,0.5735036689909547,1.7845261311693003e-7,-1.0174986344280201]
40.0,[0.0120975774583106,-0.015280458380099539,-0.036996539165556896,-0.00017305126220890085,0.0,1.1383038387759967e-6,0.5876095941639572,2.964332913479158e-7,-0.9838460890316445]
41.0,[0.012081225501484974,-0.013843267273235444,-0.033439562230341835,-0.0001635271473787725,0.0,6.58159507826269e-8,0.5862909816658988,1.7139570516309087e-8,-0.9869915386741955]
42.0,[0.012034973906338564,-0.0100882857623219,-0.02390407871644129,-0.00013451142422127305,0.0,1.8100707886065267e-7,0.582093348184255,4.7137260119961634e-8,-0.997005933977234]
43.0,[0.012028967451745604,-0.009646328180679118,-0.022745894057152327,-0.00013064891390968114,0.0,4.979803664950945e-7,0.5815194321638298,1.2968238710809753e-7,-0.9983752468307084]
44.0,[0.012013686045975192,-0.008567250612638114,-0.01992077613977017,-0.00012182113096059764,0.0,5.369946498324962e-7,0.5802413723001982,1.3984235672721258e-7,-1.0014243464390447]
45.0,[0.012011298622383038,-0.008409983820456544,-0.01951434569491539,-0.00012040572983096352,0.0,6.330360366673552e-7,0.5800291364724871,1.6485313454879043e-7,-1.001930714785651]
46.0,[0.01200655219690816,-0.008086923723264286,-0.01864890464275959,-0.00011770566743507514,0.0,6.477352756010947e-7,0.5796394356489001,1.6868106135445175e-7,-1.0028604348573658]
47.0,[0.011891908494969053,-0.0019994672584289215,-0.0014907186596246902,-5.9799276641570025e-5,0.0,6.769475194079259e-7,0.5712670584271771,1.762884165124807e-7,-1.022834545233563]
48.0,[0.011887512603910484,-0.0018161472326028159,-0.000929389898374211,-5.713332029699813e-5,0.0,1.3057802973089289e-6,0.570847766280276,3.4004695242420023e-7,-1.0238350810814476]
49.0,[0.01196956607903606,-0.005803239370531324,-0.012465761756175198,-9.71255076365196e-5,0.0,1.328395400666534e-6,0.5766243534372457,3.459363022569099e-7,-1.0100538026552142]
50.0,[0.011969641870261208,-0.005816029139775006,-0.012501288892963203,-9.76598357738112e-5,0.0,8.946705018324635e-7,0.5767246997803214,2.3298710985220405e-7,-1.0098142500492697]
51.0,[0.011992208707548949,-0.007161323386147462,-0.01618190026420052,-0.00010960263807646696,0.0,8.93172713186591e-7,0.5784530798601119,2.325970607256747e-7,-1.005690828466845]
52.0,[0.011992938198090997,-0.007210113987336323,-0.01630837687116582,-0.00011012275535904335,0.0,7.630249536855116e-7,0.578537245764696,1.9870441502226868e-7,-1.0054899861845663]
53.0,[0.012095047926171294,-0.015062558607799776,-0.03645936885732226,-0.00017184333955810868,0.0,7.584947239976296e-7,0.5874564676623271,1.9752466770771607e-7,-0.9842112694679924]
54.0,[0.012096829019962266,-0.015263405354441296,-0.03696811745612649,-0.00017403749552613587,0.0,8.279001771370815e-8,0.5878102550770956,2.1559900446278165e-8,-0.9833669924553639]
55.0,[0.012034727584856833,-0.010067443175406272,-0.023852919639466563,-0.00013446310731524136,0.0,6.5298379360516e-8,0.5820952072775559,1.7004786291801044e-8,-0.997001457387252]
56.0,[0.012034386524343669,-0.010041389941761734,-0.023774759938532952,-0.0001338122501692851,0.0,4.994386672336109e-7,0.5819761190460402,1.300621529254195e-7,-0.9972857229325426]
57.0,[0.012013714467684622,-0.008578145601253102,-0.019956303276558174,-0.00012192060694360406,0.0,5.024392907542993e-7,0.580256284995743,1.3084356530059877e-7,-1.0013887566670456]
58.0,[0.012013032346658292,-0.008522723267863814,-0.019805668216577033,-0.00012134933058405294,0.0,6.323904144277761e-7,0.5801665302837824,1.6468500375723335e-7,-1.001602932176696]
59.0,[0.012006618514230164,-0.008094029150621887,-0.01866169441200327,-0.00011777672170865115,0.0,6.373593788768612e-7,0.5796482145580104,1.6597900491584926e-7,-1.0028394871828108]
60.0,[0.01200617324078242,-0.008066081136348656,-0.018602008822199423,-0.00011749250461434711,0.0,6.764287992592793e-7,0.5796050542762949,1.7615333314043731e-7,-1.0029424692368392]
61.0,[0.01209875222230039,-0.015420198451465692,-0.037330494251364144,-0.0001745746658343705,0.0,6.791485623064787e-7,0.587852454022457,1.7686160476731217e-7,-0.9832665308137675]
62.0,[0.012100201729481341,-0.015574149377547046,-0.03771987167056068,-0.00017633396964811252,0.0,5.3785061849995794e-8,0.5881465249983304,1.4006526523436403e-8,-0.9825647381415051]
63.0,[0.012036072879103205,-0.010176866756713327,-0.024145663246599725,-0.00013538965504267253,0.0,4.0122978612001674e-8,0.5822248951095761,1.0448692346875436e-8,-0.9966920502825037]
64.0,[0.012035570762236603,-0.01012854985068164,-0.024010660126805305,-0.0001345512146144756,0.0,4.899677605231715e-7,0.5820813110467122,1.2759577096957592e-7,-0.9970347614913295]
65.0,[0.012014216584551225,-0.008612251652569586,-0.020048673832206987,-0.00012221619272168027,0.0,4.946112640708375e-7,0.5802984837969791,1.2880501668511394e-7,-1.0012880795883723]
66.0,[0.012013430250590318,-0.008551144977294218,-0.019880985746567603,-0.00012156817774666705,0.0,6.293139143376702e-7,0.5801993999375703,1.6388383185876828e-7,-1.0015245134753374]
67.0,[0.012006779570583603,-0.008105871529551221,-0.018712853488978,-0.0001178506181531702,0.0,6.349212265553025e-7,0.5796618904216971,1.6534406941544336e-7,-1.002806859608675]
68.0,[0.012006258505910711,-0.00807508134433495,-0.018617640762386145,-0.000117555032375094,0.0,6.754311625872137e-7,0.5796153313468841,1.7589353192375356e-7,-1.00291795072642]
69.0,[0.012098846961331825,-0.015421619536937213,-0.03732907316589262,-0.00017459171886002875,0.0,6.783859355869836e-7,0.5878569247046073,1.766630040591103e-7,-0.9832558647711284]
70.0,[0.012100296468512775,-0.01557604415817574,-0.03773266143980436,-0.00017637376004131508,0.0,5.3455637061524535e-8,0.5881497829571667,1.3920738818105348e-8,-0.9825569654649154]
71.0,[0.012036120248618923,-0.010174971976084633,-0.024139978904713644,-0.00013537544418795733,0.0,3.9879694890437886e-8,0.5822263424688302,1.0385337211051533e-8,-0.9966885972099677]
72.0,[0.011927587214207353,-0.0035972410235748003,-0.006248512818274321,-7.69205144024454e-5,0.0,4.898647377517939e-7,0.5737514941243411,1.27568942122863e-7,-1.016907324683621]
73.0,[0.01189946866967754,-0.00231826409920662,-0.0024513724383723456,-6.289155862759799e-5,0.0,1.1223863568088943e-6,0.5716889528686349,2.922881137523162e-7,-1.021828184722813]
74.0,[0.012078913869117969,-0.01358510341257594,-0.03278017857155646,-0.0001603609689482255,0.0,1.2681339272652714e-6,0.5857715229775369,3.302432102253311e-7,-0.988231248087136]
75.0,[0.011975487268500729,-0.006153300091682467,-0.013440626389638055,-0.00010139160622202324,0.0,2.0366729577627145e-7,0.5773070419413453,5.30383582750707e-8,-1.0084247012496819]
76.0,[0.011916284847757197,-0.0030648076669118982,-0.004685318799602101,-7.112532784958603e-5,0.0,8.588861219502546e-7,0.572893208896665,2.2366826092454547e-7,-1.0189550798058569]
77.0,[0.012090301500696416,-0.014601653219870057,-0.03530686853991938,-0.00016805756786197887,0.0,1.1816319777903174e-6,0.5868852711824462,3.077166608828952e-7,-0.985574132190442]
78.0,[0.012079321246953137,-0.013656631381309124,-0.03298623596492689,-0.00016209753539442318,0.0,1.2027589933017915e-7,0.5860834095436425,3.132184878390082e-8,-0.9874867659015596]
79.0,[0.012032273843942676,-0.009895018138195153,-0.02340101445952314,-0.00013296528322825907,0.0,1.9601506352430462e-7,0.5818690393896528,5.104558945945433e-8,-0.9975410760329223]
80.0,[0.012028143222172123,-0.009593748018232871,-0.02261373310830095,-0.00013019132438785164,0.0,5.147437452007277e-7,0.5814500094725479,1.3404785031268951e-7,-0.9985408755239733]
81.0,[0.012012814446885992,-0.008511828279248826,-0.019772983250732068,-0.00012135501492593902,0.0,5.420152937062615e-7,0.5801719290062681,1.4114981606933895e-7,-1.0015900200905081]
82.0,[0.012011042826998164,-0.008391983404483955,-0.019463186617940664,-0.00012023235740343806,0.0,6.38207357539553e-7,0.5800061425275583,1.6619983269259191e-7,-1.001985573615453]
83.0,[0.012006267979813856,-0.00806939700244887,-0.018603429907670943,-0.00011758061191358137,0.0,6.494004553708546e-7,0.5796179079103319,1.691147019194934e-7,-1.002911794485514]
84.0,[0.012005519541465521,-0.008027238133460438,-0.018491164155420847,-0.00011717133929778355,0.0,6.785478373830892e-7,0.5795560527363295,1.7670516598517948e-7,-1.003059373667556]
85.0,[0.012004088982090858,-0.007931078016554237,-0.01823536877054721,-0.00011632721452770055,0.0,6.828075984622975e-7,0.5794378147951447,1.7781447876622332e-7,-1.0033414571342973]
86.0,[0.012003814238899697,-0.007910709124795781,-0.018172841009800322,-0.00011617942163866245,0.0,6.916722767325978e-7,0.5794155781141774,1.8012298873244735e-7,-1.0033945106677042]
87.0,[0.012003368965451955,-0.00787991893957951,-0.018101786736224312,-0.00011592078408284577,0.0,6.932291723475015e-7,0.5793794681447292,1.8052843029882855e-7,-1.0034806592937078]
88.0,[0.012003350017645667,-0.007871866121907562,-0.01808473371056607,-0.00011587246717681408,0.0,6.959350162874649e-7,0.5793716756892937,1.8123307715819397e-7,-1.0034992508323337]
89.0,[0.012003160539582797,-0.007869023950964522,-0.018069101770379348,-0.00011580709724512416,0.0,6.964859858743134e-7,0.5793606165812586,1.8137655882143583e-7,-1.0035256349011352]
90.0,[0.012003075274454506,-0.007867129170335828,-0.018061996343021747,-0.00011580141290323807,0.0,6.973134570921285e-7,0.57935793580175,1.815920461177418e-7,-1.003532030770631]
91.0,[0.01200308474835765,-0.0078604974381354,-0.018043522231891984,-0.00011576446468097855,0.0,6.975044069734335e-7,0.5793545396435342,1.8164177264933167e-7,-1.0035401331019995]
92.0,[0.012097880623211191,-0.0153292489812884,-0.037124436857993715,-0.00017390675566275601,0.0,6.977677402527845e-7,0.5877565376135114,1.8171034902416262e-7,-0.9834953666105299]
93.0,[0.012099415395520433,-0.015497410762084956,-0.037546499243035214,-0.0001757911149979918,0.0,6.082043585795541e-8,0.588067525966119,1.5838655171342556e-8,-0.9827532097738434]
94.0,[0.012035741292493185,-0.010148445047282923,-0.024068924631137634,-0.00013516796570911538,0.0,4.6035087936373337e-8,0.5821935569265679,1.1988304150097223e-8,-0.9967668163448621]
95.0,[0.012035277071239154,-0.010105338787980143,-0.023936763682286255,-0.00013436363133223495,0.0,4.922585580172775e-7,0.5820565695104964,1.2819233281699936e-7,-0.9970937885458724]
96.0,[0.012014169215035508,-0.008601356663954599,-0.02001030452447594,-0.00012212240108055994,0.0,4.964518130993117e-7,0.5802883077764316,1.2928432632794575e-7,-1.0013123573233036]
97.0,[0.012013335511558882,-0.008543565854779443,-0.01986393272090936,-0.00012151701866969232,0.0,6.300565459621144e-7,0.580191660883927,1.640772255109673e-7,-1.0015429769113975]
98.0,[0.012006646935939594,-0.008106345224708395,-0.01871143240350648,-0.00011785346032411324,0.0,6.354950036581073e-7,0.5796585983923156,1.6549349053596546e-7,-1.00281471365512]
99.0,[0.012006286927620142,-0.008071765478234736,-0.018613377505971584,-0.00011753513717849272,0.0,6.756715554632504e-7,0.5796129093732374,1.7595613423522145e-7,-1.0029237289494035]
100.0,[0.012004268986250583,-0.007942446700326398,-0.018262369394506095,-0.00011642384833976392,0.0,6.785595898083392e-7,0.5794517880851626,1.7670822651258834e-7,-1.0033081193395368]
101.0,[0.01200407003428457,-0.007921130418253595,-0.018199841633759206,-0.00011629026630544102,0.0,6.906754577739295e-7,0.5794330457125152,1.798634004619608e-7,-1.0033528376128058]
102.0,[0.012003406861064528,-0.007883708500836898,-0.018106049992638873,-0.00011596057447604834,0.0,6.919233123143064e-7,0.579384200788555,1.801883625818506e-7,-1.0034693680913447]
103.0,[0.012003435282773959,-0.007877550463793643,-0.01808757588150911,-0.00011590657322813057,0.0,6.955956489754964e-7,0.579377055647234,1.8114470025403553e-7,-1.0034864156686163]
104.0,[0.012098032205661486,-0.015339196579589041,-0.03714006879818044,-0.0001739550725687877,0.0,6.960954900879771e-7,0.5877652114572848,1.8127486721041072e-7,-0.9834746727002956]
105.0,[0.012099557504067585,-0.01550498988459973,-0.03756497335416498,-0.00017584511624590957,0.0,6.018411134808701e-8,0.5880746277732127,1.5672945663564324e-8,-0.9827362666639464]
106.0,[0.012123933856855729,-0.017947362114985783,-0.043512216052477015,-0.00019354331470822214,0.0,4.550345718561718e-8,0.5906316101240279,1.1849858642087808e-8,-0.9766360320981969]
107.0,[0.012125070725232945,-0.01807668089289412,-0.0438348024545121,-0.00019468870959826742,0.0,-0.0,0.590807089444999,0.0,-0.9762173723240737]
108.0,[0.012132100361365398,-0.018830329887957,-0.04565379185805796,-0.00020008030787721506,0.0,-0.0,0.5915908262675416,0.0,-0.9743476001902938]
109.0,[0.01204692997210562,-0.011006780672081124,-0.026275870368408505,-0.00014217960142559605,0.0,-0.0,0.5832228816813123,0.0,-0.9943111251317264]
110.0,[0.012047754201679101,-0.011054623882955637,-0.02639097829160164,-0.00014192096386977937,0.0,4.180077878446147e-7,0.5831492799044109,1.0885619475120174e-7,-0.9944868672308298]
111.0,[0.012109940901912825,-0.01650259188560691,-0.03999502951046452,-0.00018275159163749774,0.0,4.147652546777992e-7,0.5890491363818415,1.0801178507234354e-7,-0.9804114941909114]
112.0,[0.012019341966151842,-0.008978891704221798,-0.021024959551141364,-0.0001257774329133099,0.0,-0.0,0.5808403384787182,0.0,-0.9999951924864865]
113.0,[0.01193094097592014,-0.0037691923656287445,-0.00673736622047727,-7.853486749809235e-5,0.0,5.956824497041188e-7,0.573975147553498,1.5512563794378096e-7,-1.0163737892946727]
114.0,[0.011893386423859434,-0.0020629424094901574,-0.0016839862837514374,-6.010623110341839e-5,0.0,1.1041843701237886e-6,0.5712863089662448,2.8754801305306995e-7,-1.022788771532091]
115.0,[0.011980347380813328,-0.006427569587685865,-0.01418811734765768,-0.00010277574347128392,0.0,1.2984267944866619e-6,0.5774461817368165,3.3813197773090155e-7,-1.00809314443745]
116.0,[0.011971489281374184,-0.005924031635610541,-0.012802559012925485,-9.87228077065083e-5,0.0,8.332286122417049e-7,0.5768812019351239,2.1698661777127733e-7,-1.0094408586792802]
117.0,[0.011995420360714585,-0.00736311752310333,-0.016700596461305395,-0.00011132499366794944,0.0,8.822319459324948e-7,0.5787038153395925,2.2974790258658722e-7,-1.005092641344096]
118.0,[0.011993506632279605,-0.0072508517708532345,-0.016420642623415915,-0.00011052634363295509,0.0,7.442713690150438e-7,0.5785919170624457,1.938206690143343e-7,-1.005359549390797]
119.0,[0.012000498372799484,-0.007692335657338844,-0.01759019596647704,-0.00011424390322645193,0.0,7.546314673785808e-7,0.5791338410688078,1.9651861129650542e-7,-1.0040666772470825]
120.0,[0.012000176260092605,-0.007672914155894734,-0.017546142316859914,-0.00011411884770495816,0.0,7.136176384170327e-7,0.5791173381661017,1.8583792667110227e-7,-1.0041060338100285]
121.0,[0.012002175253655878,-0.007805548799903286,-0.017902834770211484,-0.00011525571608217432,0.0,7.154324574807196e-7,0.5792790791244777,1.8631053580227074e-7,-1.003720166743195]
122.0,[0.012002165779752733,-0.007801285543488725,-0.017894308257382363,-0.0001152471895693452,0.0,7.032055370642796e-7,0.579279211882824,1.8312644194382283e-7,-1.0037198456529548]
123.0,[0.012097700619051466,-0.015308880089529943,-0.037057645840832265,-0.00017371917238051535,0.0,7.033707237865501e-7,0.5877302522634358,1.831694593194141e-7,-0.9835580779467757]
124.0,[0.012099121704522986,-0.015477989260640847,-0.03749818233700353,-0.0001756433221089537,0.0,6.27412175664035e-8,0.5880438540259687,1.6338858741250913e-8,-0.9828096849456235]
125.0,[0.012035599183946033,-0.010143234400554016,-0.02405187160547939,-0.00013508838492271025,0.0,4.7809150294813136e-8,0.5821849054824539,1.2450299555940921e-8,-0.9967874568522709]
126.0,[0.012035144436595147,-0.010102496617037103,-0.023928237169457134,-0.00013433805179374758,0.0,4.928890835988967e-7,0.582049179225314,1.2835653218721266e-7,-0.9971114198799953]
127.0,[0.01201412184551979,-0.00859898818816873,-0.020014567780890502,-0.00012212808542244602,0.0,4.970022828588718e-7,0.5802854809362905,1.294276778278312e-7,-1.0013191015528078]
128.0,[0.012106132392849151,-0.01611653033251059,-0.039040060073602945,-0.0001796962578737293,0.0,6.302664352598929e-7,0.5886021410462712,1.641318841822638e-7,-0.9814779743133373]
129.0,[0.012102380727204338,-0.015778785685445957,-0.03824141003860859,-0.00017791990103432906,0.0,-0.0,0.5883766605520717,0.0,-0.982015681254343]
130.0,[0.012126359176060456,-0.01819510468218747,-0.0441090719505155,-0.00019535377759893888,0.0,2.339537054740889e-8,0.59089579102236,6.092544413387732e-9,-0.9760057640592876]
131.0,[0.01212596127212843,-0.018166682972757066,-0.04406075504448381,-0.0001953765149664832,0.0,-0.0,0.5909073798821813,0.0,-0.9759781079953673]
132.0,[0.012047091028459059,-0.011019096746167632,-0.02631992401802563,-0.00014224497135728598,0.0,-0.0,0.5832280008925579,0.0,-0.9942989121563263]
133.0,[0.012131683509627084,-0.01875406496765208,-0.04545483989204513,-0.0001989008069358533,0.0,4.168971468807288e-7,0.5913876605793058,1.0856696533352313e-7,-0.9748324443669226]
134.0,[0.012111276722256054,-0.016671701056717815,-0.04042561840833514,-0.00018463879314367657,0.0,-0.0,0.5893581532886158,0.0,-0.979674120011445]
135.0,[0.012048493166124292,-0.011126625546845993,-0.02658850917214295,-0.00014296688277681824,0.0,-0.0,0.5833271917619236,0.0,-0.9940622710822681]
136.0,[0.01212738235759995,-0.018298843921608444,-0.044364867335389135,-0.00019567494291550244,0.0,4.077468080720761e-7,0.5909193376744273,1.0618406460210314e-7,-0.9759497257434405]
137.0,[0.012111579887156646,-0.016695385814576486,-0.04048814616908203,-0.00018474395346856906,0.0,-0.0,0.5893733875256157,0.0,-0.9796377754746026]
138.0,[0.012132725638972866,-0.01889475242933258,-0.04580158474709606,-0.000200427052732266,0.0,-0.0,0.5916327621207567,0.0,-0.9742475532261946]
139.0,[0.012041956172955299,-0.01062450868024219,-0.025301005734945647,-0.0001391867954225745,0.0,-0.0,0.5827925506561549,0.0,-0.9953377720060304]
140.0,[0.012047839466807393,-0.011053202797484117,-0.02638245177877252,-0.00014189254216034897,0.0,4.5065667012601254e-7,0.5831483417402739,1.1735850784531578e-7,-0.994489117082729]
141.0,[0.012108595607666453,-0.016376588973798786,-0.039686653963144636,-0.00018182504391006657,0.0,4.143828676448672e-7,0.5889184830869452,1.0791220511585082e-7,-0.9807231954864548]
142.0,[0.012019370387861272,-0.008974154752650064,-0.021015011952840723,-0.0001257433268619934,0.0,-0.0,0.5808359396477827,0.0,-1.00000568684029]
143.0,[0.012038119242182194,-0.010313290961979266,-0.024486723759764573,-0.0001358870349577046,0.0,5.958748854101289e-7,0.5822697329333268,1.5517575140888775e-7,-0.996585278528665]
144.0,[0.012102759683330078,-0.0157958387111042,-0.03827409500445356,-0.000177564629666449,0.0,4.788857218727392e-7,0.5882969938128254,1.2470982340435916e-7,-0.9822059143628742]
145.0,[0.012179896202724194,-0.024621726879558988,-0.05930189672653796,-0.00024085977656795873,0.0,2.2762453951996884e-8,0.5974743466730876,5.927722383332522e-9,-0.9603112096379386]
146.0,[0.012039691910104011,-0.010467241888060622,-0.02489173311914783,-0.0001383625658490928,0.0,-0.0,0.5826986544450379,0.0,-0.9955617815382669]
147.0,[0.011965842835100677,-0.005604761099675669,-0.011934275789826643,-9.621885510568971e-5,0.0,4.639220869630151e-7,0.5765392612780562,1.2081304347995185e-7,-1.0102564994945253]
148.0,[0.012107183996098076,-0.01620605871721636,-0.039264591578103136,-0.00018004584489972328,0.0,9.134437575506117e-7,0.5886347412238695,2.3787597852880514e-7,-0.981400300738682]
149.0,[0.012091012043432176,-0.014708708325391246,-0.03560245431799558,-0.00017007550923153755,0.0,-0.0,0.5872422846238785,0.0,-0.9847219781116041]
150.0,[0.012038668728564517,-0.010365871124425514,-0.024631674477859633,-0.0001368221091979649,0.0,1.0975899383383707e-7,0.5824316786100908,2.8583071310895077e-8,-0.9961987488012809]
151.0,[0.011923788179046824,-0.003410131436491307,-0.005714184680982726,-7.509868282795651e-5,0.0,4.733625274890153e-7,0.573488726647988,1.2327149153359775e-7,-1.017534206912131]
152.0,[0.011900330794863596,-0.0023528438456802783,-0.0025536905923218,-6.326104085019324e-5,0.0,1.1423422568421028e-6,0.5717415071926691,2.974849627192976e-7,-1.0217028122482952]
153.0,[0.011978537865312925,-0.006323356653107718,-0.013881162885809317,-0.00010188330179516923,0.0,1.263880501974096e-6,0.5773151644517365,3.291355473890875e-7,-1.0084057019081798]
154.0,[0.011973365114196591,-0.006020191752516741,-0.013068301996099763,-9.961240721167995e-5,0.0,8.435817373734857e-7,0.5770129134634916,2.1968274410767858e-7,-1.0091266363020046]
155.0,[0.011994975087266841,-0.0073294851669440195,-0.016642331956973067,-0.00011105782959930365,0.0,8.721855262365407e-7,0.5786687453662258,2.2713164745743248e-7,-1.005176304692549]
156.0,[0.011994046644758782,-0.007283063041541026,-0.016500223409821047,-0.00011078213901782873,0.0,7.470573773224378e-7,0.5786302180122325,1.945461920110515e-7,-1.0052681752627373]
157.0,[0.012000280473027184,-0.007687125010609936,-0.01759303813742008,-0.00011421263934607849,0.0,7.517040108972728e-7,0.579124542478172,1.9575625283783148e-7,-1.0040888599820794]
158.0,[0.012000375212058618,-0.007681914363881029,-0.01757740619723336,-0.00011419558632042025,0.0,7.143596554013138e-7,0.5791285128476313,1.860311602607588e-7,-1.0040793744776708]
159.0,[0.012002137358043303,-0.0078036540192745925,-0.017901413684739964,-0.00011524150522745912,0.0,7.145795413473978e-7,0.579276645366559,1.8608842222588485e-7,-1.0037259726896166]
160.0,[0.012002222623171594,-0.007802706628960245,-0.017892887171910843,-0.00011526708476594648,0.0,7.034009792360507e-7,0.5792824817837869,1.8317733834272153e-7,-1.003712044673315]
161.0,[0.011888459994224831,-0.001860200882219942,-0.00106439301816863,-5.819913440063828e-5,0.0,7.030953086711334e-7,0.5710337544083379,1.830977366331077e-7,-1.0233911513027183]
162.0,[0.011885854670860377,-0.0017498299105985398,-0.0007133849067031406,-5.636877631332026e-5,0.0,1.3228579570310869e-6,0.5707351880372571,3.444942596435122e-7,-1.0241036667032426]
163.0,[0.01196860921481857,-0.0057468696468276894,-0.012306600183364935,-9.661960120865841e-5,0.0,1.3365811053540223e-6,0.5765512714688663,3.480679961859433e-7,-1.010228158274671]
164.0,[0.011969196596813465,-0.005788554820658948,-0.012421708106558071,-9.73926717051654e-5,0.0,9.000508974962712e-7,0.5766888400398288,2.3438825455632064e-7,-1.009899803066015]
165.0,[0.011991924490454645,-0.00714853361690378,-0.016136425529111875,-0.00010944063433271366,0.0,8.957970039829364e-7,0.5784301000932383,2.3328046978722304e-7,-1.0057456525622042]
166.0,[0.011992767667834414,-0.007203955950293068,-0.016294166016450617,-0.00011006022759829646,0.0,7.647200517035102e-7,0.5785257998177997,1.9914584679778912e-7,-1.0055172935489818]
167.0,[0.011999465717356845,-0.007622228774077181,-0.017413981368008535,-0.00011368399555067298,0.0,7.593323653984959e-7,0.5790498260202033,1.9774280348919165e-7,-1.0042671148276459]
168.0,[0.011999901516901446,-0.007652545264136278,-0.01751203626554343,-0.00011397105481592006,0.0,7.198872953418675e-7,0.5790949088880807,1.8747064982861135e-7,-1.0041595458981842]
169.0,[0.012096914285090557,-0.015243510157840014,-0.036907010780851124,-0.00017319905509793895,0.0,7.170347308011504e-7,0.5876549379942229,1.8672779447946625e-7,-0.9837377611547578]
170.0,[0.012098581692043808,-0.015423040622408733,-0.03735749487532303,-0.00017524541817692804,0.0,6.827777055684593e-8,0.5879855906682168,1.7780669415845296e-8,-0.9829486866478868]
171.0,[0.012035390758076876,-0.010120497033009693,-0.023997870357561624,-0.00013492069683707086,0.0,5.216421043138799e-8,0.582160419261142,1.3584429799840621e-8,-0.9968458755356361]
172.0,[0.012034973906338564,-0.010084969896221688,-0.02389555220361217,-0.0001341987854175386,0.0,4.946828380011049e-7,0.5820308895035968,1.288236557294544e-7,-0.9971550545710042]
173.0,[0.012013960789166351,-0.008593777541439824,-0.01999751475523226,-0.00012207408417452825,0.0,4.983613326195506e-7,0.5802775627478947,1.297815970363413e-7,-1.001337992573356]
174.0,[0.012013146033496014,-0.008539776293522056,-0.01985682729355176,-0.00012147722827648975,0.0,6.308413381858236e-7,0.5801836226333944,1.6428159848589154e-7,-1.0015621541608086]
175.0,[0.012100808059282523,-0.015603044782134624,-0.03778950485866517,-0.00017597585610928943,0.0,6.361071436051903e-7,0.5880615724483148,1.6565290198051832e-7,-0.9827676186258574]
176.0,[0.012101944927659739,-0.01574041637771491,-0.03813482862824458,-0.00017759020920493637,0.0,3.847871329172874e-8,0.5883286087366919,1.002049825305436e-8,-0.9821303328991472]
177.0,[0.01203684973916097,-0.010234183870731309,-0.024286350708280224,-0.00013583303370978683,0.0,2.6481806362931998e-8,0.5822935328471206,6.8963037403468744e-9,-0.9965282953796571]
178.0,[0.012036262357166075,-0.010179708927656368,-0.024139978904713644,-0.00013493490769178607,0.0,4.849650192767293e-7,0.5821382296866489,1.262929737699816e-7,-0.9968989680922157]
179.0,[0.012014500801645529,-0.008627883592756309,-0.02008135879805195,-0.0001223583012688323,0.0,4.903725334412207e-7,0.5803208578707131,1.2770118058365123e-7,-1.0012346999272037]
180.0,[0.012106416609943455,-0.016140688785526432,-0.03909974566340679,-0.00017988668332691302,0.0,6.276831134954425e-7,0.5886302804621539,1.6345914413943814e-7,-0.9814108407842589]
181.0,[0.012102484940138917,-0.01579204914984681,-0.038258463064266834,-0.0001779994818207342,0.0,-0.0,0.5883882840864678,0.0,-0.981987950822284]
182.0,[0.012038810837111669,-0.010385766321026797,-0.0246714648710622,-0.00013703527201869292,0.0,2.2539951277275954e-8,0.5824664904039176,5.86977897845728e-9,-0.9961156666577793]
183.0,[0.012036537100357236,-0.010192972392057223,-0.02418687472527381,-0.0001350855427517672,0.0,4.7193484533454696e-7,0.5821616247614732,1.228996993058716e-7,-0.996843149474359]
184.0,[0.01210746821319238,-0.016270481258591946,-0.03943370074921404,-0.00018093544440489492,0.0,4.887893090846068e-7,0.5887882434123337,1.2728888257411636e-7,-0.9810339367124713]
185.0,[0.012107941908349554,-0.016324008811352538,-0.0395644406125939,-0.0001819046246964717,0.0,-0.0,0.5889518030917208,0.0,-0.9806435554811804]
186.0,[0.012039559275460002,-0.010431714751272617,-0.024799362563499017,-0.00013746443983109202,0.0,-0.0,0.5825318009788905,0.0,-0.9959598462360758]
187.0,[0.012038498198307934,-0.010345028537509885,-0.024576252144470345,-0.0001362735702059581,0.0,4.675835309972626e-7,0.5823331759954967,1.2176654453053715e-7,-0.9964338756905763]
188.0,[0.012107771378092972,-0.01628753428425019,-0.039472070056945086,-0.00018111450117430647,0.0,4.7586630177924407e-7,0.5888135020400549,1.2392351608834483e-7,-0.9809736722281199]
189.0,[0.012180009889561916,-0.024652990759932433,-0.05938147751294309,-0.00024109851892717413,0.0,-0.0,0.5975103056730782,0.0,-0.9602254136085133]
190.0,[0.012128168691560859,-0.018442847249389157,-0.044727244130626787,-0.00019787762539635875,0.0,-0.0,0.5912969619429137,0.0,-0.9750486765076203]
191.0,[0.012069316805233635,-0.012817717257955032,-0.030884450552548515,-0.00015610339687555097,0.0,-0.0,0.5852352427871154,0.0,-0.9895102064935962]
192.0,[0.012132943538745167,-0.01889901568574714,-0.04579874257615302,-0.00020012862478324675,0.0,2.650444791712356e-7,0.591570073721219,6.902199978417593e-8,-0.974397204495263]
193.0,[0.012117235807333296,-0.01725624088066979,-0.04186091473457054,-0.00018888499653257893,0.0,-0.0,0.5899736879850478,0.0,-0.9782056300928146]
194.0,[0.012049260552278913,-0.01118583744149267,-0.02674482857401017,-0.0001434500518371351,0.0,-0.0,0.5834015948180418,0.0,-0.9938847666483861]
195.0,[0.012042126703211881,-0.010628298241499577,-0.025306690076831728,-0.00013858425518264994,0.0,4.027574102234386e-7,0.582668052364876,1.0488474224568714e-7,-0.995634933200014]
196.0,[0.012018688266834943,-0.008910679601588829,-0.02084306061078678,-0.00012477414657041663,0.0,4.5141653514437394e-7,0.5806699270739876,1.1755638936051405e-7,-1.0004019066293919]
197.0,[0.012015590300507029,-0.008704148513061226,-0.02027888967859326,-0.00012286989203857956,0.0,6.018578599507976e-7,0.5803870411189852,1.567338176955202e-7,-1.0010768454225139]
198.0,[0.012008124864829975,-0.008199663170671554,-0.018950174762721872,-0.00011867200555570888,0.0,6.211395869619822e-7,0.579779086664561,1.6175510077134955e-7,-1.0025272579358284]
199.0,[0.01200704483987162,-0.008118661298794903,-0.018739854112936882,-0.00011795862064900574,0.0,6.667810025043717e-7,0.5796752313783343,1.736408860688468e-7,-1.0027750432763318]
200.0,[0.012004628994570036,-0.007973710580699843,-0.018353318864683388,-0.00011670806543406796,0.0,6.739827597894567e-7,0.5794898347741475,1.7551634369517103e-7,-1.0032173491755194]
201.0,[0.01200439214699145,-0.007940078224540532,-0.018270895907335216,-0.00011643237485259304,0.0,6.878651272807963e-7,0.5794529058962932,1.7913154356270736e-7,-1.0033054558849601]
202.0,[0.011889454754054896,-0.0019018860560512012,-0.0011922907106054481,-5.8676619119069067e-5,0.0,6.904609144066238e-7,0.5711019947636624,1.798075297933916e-7,-1.023228344799875]
203.0,[0.012001379445791827,-0.007736863002113143,-0.017709567146084737,-0.00011409611033741383,0.0,1.3179586328440186e-6,0.5790782824120639,3.432183939697965e-7,-1.0041994255164448]
204.0,[0.012071941076404375,-0.012999142503152445,-0.031310776194004575,-0.0001565553020554944,0.0,7.09935387445934e-7,0.5852495373422518,1.8487900714737862e-7,-0.9894763573175518]
205.0,[0.012003785817190266,-0.007906445868381221,-0.018179946437157923,-0.00011658016774163114,0.0,2.511186557846854e-7,0.5795001748838026,6.539548327726183e-8,-1.0031925296053055]
206.0,[0.012024865251684483,-0.009342215889773796,-0.021965718133287737,-0.00012801990578736877,0.0,6.929467359851032e-7,0.5811250301584006,1.8045487916278729e-7,-0.9993162469602218]
207.0,[0.012003861608415415,-0.007923498894039463,-0.01823110551413265,-0.00011639826880127656,0.0,5.641088541064035e-7,0.5794518012280307,1.469033474235426e-7,-1.003308047109146]
208.0,[0.01200966911104236,-0.008299612848835142,-0.019203127976652468,-0.00011942802302655763,0.0,6.922606446481555e-7,0.5798861145857722,1.802762095437905e-7,-1.0022719452956024]
209.0,[0.012003539495708537,-0.007892235013666019,-0.018131629531126237,-0.00011604868177528259,0.0,6.577137542767887e-7,0.5793984242215604,1.7127962350958036e-7,-1.0034354228263325]
210.0,[0.012005045846308349,-0.007992184691829605,-0.018387424915999873,-0.00011686438483593518,0.0,6.949957869282423e-7,0.5795132076774273,1.8098848617922978e-7,-1.0031615956109186]
211.0,[0.0118890852718323,-0.001882464554607092,-0.0011397105481592007,-5.848335149494232e-5,0.0,6.858140625711598e-7,0.5710768762005376,1.785974121279062e-7,-1.0232882688551683]
212.0,[0.011886830482884154,-0.0017910413892726256,-0.0008569145393266808,-5.686899839929537e-5,0.0,1.3198610810648982e-6,0.570804618355589,3.4371382319398394e-7,-1.023938024730624]
213.0,[0.01196882711459087,-0.005758712025757024,-0.01234354840562446,-9.671339284977874e-5,0.0,1.3314122074831122e-6,0.5765662938325067,3.467219290320605e-7,-1.0101923173610934]
214.0,[0.011969499761714056,-0.005801818285059804,-0.012468603927118238,-9.755751761986174e-5,0.0,8.989938187345051e-7,0.5767100163754306,2.3411297362877737e-7,-1.0098492820021223]
215.0,[0.011991943438260932,-0.0071499547023753,-0.016142109870997956,-0.00010947758255497318,0.0,8.942175546824484e-7,0.5784352563325402,2.3286915486522096e-7,-1.0057333506843522]
216.0,[0.011992881354672136,-0.007204429645450242,-0.01630411361475126,-0.00011008864930772687,0.0,7.643536975950103e-7,0.5785322953218448,1.990504420820339e-7,-1.0055017970013482]
217.0,[0.011884556746129721,-0.0017005656142525063,-0.000574118530494161,-5.634035460388986e-5,0.0,7.58833615428168e-7,0.5707621162054017,1.9761292068441875e-7,-1.0240392223505475]
218.0,[0.011882415644019298,-0.0016157741811184676,-0.0003069544618483633,-5.4802740123705e-5,0.0,1.3423656759551162e-6,0.5705054319960763,3.495743947799782e-7,-1.0246518059399592]
219.0,[0.011967472346441355,-0.005681026019980587,-0.01212612232848187,-9.601706096873384e-5,0.0,1.353481206184718e-6,0.5764631129092517,3.524690641106037e-7,-1.0104384854455017]
220.0,[0.011968353419433697,-0.005732658792112487,-0.012285283901292132,-9.691518698673461e-5,0.0,9.064395505128653e-7,0.576617568517632,2.36051966279392e-7,-1.0100698388363458]
221.0,[0.011991602377747768,-0.00712058560263055,-0.016059686913649784,-0.00010923884019575779,0.0,9.010707031626195e-7,0.578401503307729,2.346538289485988e-7,-1.0058138782053836]
222.0,[0.011992530820255826,-0.007183113363377439,-0.01624158585400437,-0.00010989822385454316,0.0,7.668010829763672e-7,0.5785035866673358,1.996877820250956e-7,-1.0055702885226]
223.0,[0.011999323608809693,-0.00761796551766262,-0.017411139197065495,-0.00011361009910615393,0.0,7.609778172255133e-7,0.5790405691023428,1.981713065691441e-7,-1.0042891997764878]
224.0,[0.011999740460548006,-0.007652071568979105,-0.017500667581771268,-0.00011393979093554661,0.0,7.205623970016849e-7,0.5790879687466524,1.876464575525221e-7,-1.0041761033338423]
225.0,[0.012001834193142713,-0.007783285127516137,-0.017844570265879156,-0.00011505107977427541,0.0,7.175506729123288e-7,0.5792502279294777,1.868621544042523e-7,-1.0037889982077721]
226.0,[0.012002080514624442,-0.007789916859716564,-0.01787441306078108,-0.00011516192444105398,0.0,7.053533167630126e-7,0.5792695123254212,1.8368575957370118e-7,-1.00374298679268]
227.0,[0.012097539562698026,-0.01529987988154365,-0.03704485607158858,-0.00017365380244882542,0.0,7.04072612672178e-7,0.5877212010432233,1.8335224288337968e-7,-0.9835796718228148]
228.0,[0.012099235391360708,-0.015476094480012153,-0.03749818233700353,-0.00017562342691235242,0.0,6.341979926653168e-8,0.5880406261831197,1.6515572725659293e-8,-0.9828173858987711]
229.0,[0.012035570762236603,-0.010140392229610976,-0.02404476617812179,-0.00013508270058082417,0.0,4.8045282307390535e-8,0.5821820817541726,1.2511792267549618e-8,-0.9967941935455032]
230.0,[0.012035191806110863,-0.010097285970308196,-0.023926816083985614,-0.00013432099876808934,0.0,4.930991755730342e-7,0.582048119630391,1.2841124363881097e-7,-0.9971139478457727]
231.0,[0.012014074476004073,-0.008600409273640251,-0.020013146695418982,-0.00012212240108055994,0.0,4.970794417463674e-7,0.5802846007618988,1.294477712881165e-7,-1.001321201424985]
232.0,[0.012106085023333435,-0.016115582942196244,-0.039045744415489025,-0.00017972467958315971,0.0,6.303313623691651e-7,0.5886017915942106,1.6414879228363675e-7,-0.9814788080292987]
233.0,[0.012008825933662592,-0.008254138113746496,-0.019090862224402372,-0.00011972929314651991,0.0,-0.0,0.5799670426764728,0.0,-1.0020786267575577]
234.0,[0.011928866191131721,-0.00366545312620777,-0.0064432015278725885,-7.744347385596484e-5,0.0,6.612051815844737e-7,0.5738151669731739,1.721888493709567e-7,-1.0167554806515646]
235.0,[0.012003814238899697,-0.00789649827008058,-0.018137313873012317,-0.00011565362001419997,0.0,1.1152765427153792e-6,0.5793171868953004,2.9043659966546333e-7,-1.0036293952914055]
236.0,[0.011981863205316282,-0.006533677302892707,-0.014475176612904761,-0.00010426504104543709,0.0,6.947570807422954e-7,0.5776946439821282,1.8092632310997277e-7,-1.0075001689130232]
237.0,[0.012002611053200477,-0.007830654643233476,-0.017968204701901414,-0.00011535234989423769,0.0,8.22929472751602e-7,0.5792893558894862,2.143045501957297e-7,-1.0036956877098948]
238.0,[0.011996756181057814,-0.00745501438359497,-0.016969181615422713,-0.00011230270047235534,0.0,7.009346701343439e-7,0.5788536498338887,1.8253507034748542e-7,-1.0047351143015333]
239.0,[0.012002611053200477,-0.007842023327005638,-0.0180094161805755,-0.00011551719580893403,0.0,7.35484996561181e-7,0.5793173750282361,1.9153255118780754e-7,-1.0036288108201357]
240.0,[0.012001171019922669,-0.007736863002113143,-0.017718093658913858,-0.00011472138794488272,0.0,7.000357058263271e-7,0.5792014565756479,1.8230096505893935e-7,-1.003905346467992]
241.0,[0.012002876322488493,-0.007851023534991933,-0.018030732462648302,-0.00011565077784325693,0.0,7.092766542258202e-7,0.5793366808707141,1.8470746203797402e-7,-1.003582743235816]
242.0,[0.011888194724936813,-0.0018512006742336475,-0.0010274447959091049,-5.806839453725842e-5,0.0,6.989270290243941e-7,0.5710132389515072,1.8201224714176933e-7,-1.023440093832486]
243.0,[0.012000886802828365,-0.007707020207211219,-0.017629986359679606,-0.00011381757758499587,0.0,1.3244818018384946e-6,0.5790407095511596,3.449171358954413e-7,-1.0042890659571626]
244.0,[0.01207162843760064,-0.012972615574350733,-0.031248248433257686,-0.00015635635008948157,0.0,7.12682583589591e-7,0.5852215389531449,1.8559442280978934e-7,-0.989543154455563]
245.0,[0.012003567917417968,-0.007897445660394926,-0.01815863015508512,-0.00011649774478428297,0.0,2.532055981131965e-7,0.5794880409390538,6.593895784197827e-8,-1.0032214784759708]
246.0,[0.011914503753966224,-0.0029785951483063395,-0.004430944500199985,-7.038352123345248e-5,0.0,6.938355308262233e-7,0.5727981621250421,1.8068633615266234e-7,-1.0191817753000894]
247.0,[0.011887209439009894,-0.0018066733294593478,-0.0008952838470577262,-5.712195161322597e-5,0.0,1.1910140606582798e-6,0.5708505068215011,3.101599116297604e-7,-1.0238285019451552]
248.0,[0.011975676746563597,-0.006149984225582253,-0.013424994449451333,-0.00010025189567386404,0.0,1.3297936951615536e-6,0.5770812119777018,3.4630044144832123e-7,-1.008963869208088]
249.0,[0.011969802926614648,-0.005819818701032393,-0.012518341918621445,-9.772804787644417e-5,0.0,8.602603808897831e-7,0.5767397972034436,2.2402614085671435e-7,-1.0097782196219205]
250.0,[0.011993980327436777,-0.007273589138397558,-0.01646327518756152,-0.00011052350146201205,0.0,8.9251325627752e-7,0.5785902011475765,2.3242532715560417e-7,-1.0053636960169443]
251.0,[0.011992985567606713,-0.007220061585636964,-0.016328272067767102,-0.00011019949397450544,0.0,7.526985989378421e-7,0.57854605978299,1.9601526014006305e-7,-1.0054689547672233]
252.0,[0.012000081521061171,-0.007662966557594093,-0.01752198386384407,-0.00011400516086723654,0.0,7.57972178638668e-7,0.5790983888677356,1.9738858818715313e-7,-1.0041512572627516]
253.0,[0.01199996783422345,-0.007661071776965399,-0.01751203626554343,-0.00011401368738006566,0.0,7.16244742755042e-7,0.5791024974567927,1.865220684257922e-7,-1.0041414404404885]
254.0,[0.012002061566818156,-0.007796074896759818,-0.01787867631719564,-0.00011516760878294006,0.0,7.165151866455504e-7,0.5792679973885178,1.8659249652227872e-7,-1.0037466049856743]
255.0,[0.011887721029779641,-0.0018242000502747637,-0.0009592326932761353,-5.784386303275823e-5,0.0,7.040074620111985e-7,0.5709818912167226,1.8333527656541632e-7,-1.023514882385627]
256.0,[0.01188583572305409,-0.0017446192638696325,-0.0007176481631177012,-5.6334670262003776e-5,0.0,1.326727763430561e-6,0.5707293081408784,3.455020217267086e-7,-1.0241176958381057]
257.0,[0.011968457632368274,-0.005734079877584008,-0.012262546533747809,-9.651444088376591e-5,0.0,1.3369680903990285e-6,0.5765356235270815,3.4816877354141364e-7,-1.0102654899311379]
258.0,[0.012070349460676272,-0.012862244602729332,-0.030972557851782767,-0.00015528485164395534,0.0,9.012187822800627e-7,0.585056704355699,2.346923912187663e-7,-0.9899364700438262]
259.0,[0.011994008749146207,-0.0072939580301560145,-0.01653290837566601,-0.00011130225630040512,0.0,2.630787160004691e-7,0.578732967872242,6.851008229178884e-8,-1.0050228706043354]
260.0,[0.011913594259264451,-0.002941173230889641,-0.0043229420043644495,-6.992308954067994e-5,0.0,7.506492596018085e-7,0.5727258454489335,1.954815780213043e-7,-1.0193543225179944]
261.0,[0.012094631074432982,-0.0150104521405107,-0.03632578682299936,-0.00017101342564274089,0.0,1.1956922314976595e-6,0.5873118400725374,3.1137818528584885e-7,-0.9845564657170292]
262.0,[0.01207875281276453,-0.013615419902635038,-0.03288391781097744,-0.00016183605566766346,0.0,8.764995843537366e-8,0.5860463021006336,2.2825510009211895e-8,-0.9875752820063306]
263.0,[0.01203381809015506,-0.010002546938873516,-0.023669599613640457,-0.0001338321453658864,0.0,1.992855957870924e-7,0.5819961065744386,5.189729056955532e-8,-0.997237931202981]
264.0,[0.012028067430946976,-0.009579537163517669,-0.022593837911699666,-0.00013013448096899083,0.0,5.050861153934974e-7,0.5814428609399233,1.3153284255038994e-7,-0.9985579264312245]
265.0,[0.012013259720333735,-0.008544986940250963,-0.01986819597732392,-0.00012162502116552786,0.0,5.426897409711699e-7,0.5802098067267025,1.4132545337790884e-7,-1.0014996549126316]
266.0,[0.012010967035773016,-0.008392930794798302,-0.019463186617940664,-0.0001202494104290963,0.0,6.353398436684931e-7,0.5800051896534812,1.6545308428867008e-7,-1.0019878458766387]
267.0,[0.012006485879586155,-0.008076976124963645,-0.018629009446158307,-0.00011762892881961305,0.0,6.495119629174114e-7,0.5796292263334112,1.6914374034307588e-7,-1.0028847920017057]
268.0,[0.012005585858787526,-0.008025817047988918,-0.018492585240892367,-0.00011714291758835314,0.0,6.776929582726151e-7,0.5795561225707595,1.7648254121682684e-7,-1.0030592067572444]
269.0,[0.012004212142831722,-0.007930604321397064,-0.01823394768507569,-0.00011633289886958663,0.0,6.828147083487162e-7,0.579441207214645,1.7781633029914484e-7,-1.0033333637931714]
270.0,[0.012003823712802841,-0.007910235429638608,-0.018175683180743363,-0.00011620784334809285,0.0,6.914150271779879e-7,0.5794157052280016,1.8005599666093438e-7,-1.0033942073185629]
271.0,[0.012003501600095962,-0.007878971549265163,-0.01808615479603759,-0.00011591509974095969,0.0,6.932223785215971e-7,0.579380487997887,1.805266610733326e-7,-1.003478226213033]
272.0,[0.012098060627370916,-0.015348670482732509,-0.03717559593496844,-0.0001740318111842498,0.0,6.958694475152829e-7,0.587774869088814,1.8121600195710493e-7,-0.9834516322700606]
273.0,[0.012099472238939294,-0.015507832055542771,-0.0375663944396365,-0.000175876380126283,0.0,5.945272257202194e-8,0.5880759749991579,1.548247983646405e-8,-0.982733052306553]
274.0,[0.012035807609815189,-0.010156024169797698,-0.024085977656795876,-0.00013519354524760274,0.0,4.5411353019145736e-8,0.5821993363689242,1.1825873182069203e-8,-0.9967530280239071]
275.0,[0.012035324440754872,-0.010110075739551878,-0.023953816707944497,-0.00013439205304166535,0.0,4.918288762752869e-7,0.5820592918167451,1.2808043653002262e-7,-0.997087293747507]
276.0,[0.011901931884494843,-0.0024310035466138893,-0.002793854037008714,-6.472475888585905e-5,0.0,4.962387582711178e-7,0.571983694701673,1.2922884329977027e-7,-1.0211247912969939]
277.0,[0.011898360223009755,-0.0022675787173890662,-0.0022936319510336034,-6.224354365258478e-5,0.0,1.254705949753886e-6,0.571584742611871,3.267463410817411e-7,-1.02207684787809]
278.0,[0.011972588254138827,-0.005971874846485054,-0.012929035619890783,-9.873986073216655e-5,0.0,1.2740666771533089e-6,0.5768611101934662,3.3178819717534086e-7,-1.0094889492765442]
279.0,[0.011972682993170261,-0.005981822444785696,-0.012961720585735748,-9.920313459588213e-5,0.0,8.776095360071821e-7,0.5769519400090601,2.2854415000187033e-7,-1.0092721136960767]
280.0,[0.011993146623960152,-0.007223377451737178,-0.016346746178896865,-0.00011013128187187247,0.0,8.762956873600745e-7,0.5785310077046832,2.2820200191668603e-7,-1.0055049088672865]
281.0,[0.011877915540026152,-0.00144334914390735,0.00022737367544323206,-5.332765340426703e-5,0.0,7.573744368072792e-7,0.570324527220079,1.9723292625189563e-7,-1.0250831841229677]
282.0,[0.011997750940887878,-0.007503331289626657,-0.01709565822238801,-0.00011202700989088042,0.0,1.3750731979982985e-6,0.5787780174659811,3.580919786453902e-7,-1.004915792285873]
283.0,[0.012069335753039923,-0.01278124273085268,-0.03077360588576994,-0.00015486989468627144,0.0,7.31795417977788e-7,0.5850052216467234,1.9057172343171564e-7,-0.9900592325697521]
284.0,[0.011888279990065104,-0.0018583061015912485,-0.0010473399925103877,-5.856861662323353e-5,0.0,2.693509634942056e-7,0.5711088825833375,7.014348007661605e-8,-1.0232117620336678]
285.0,[0.011910969988093711,-0.0028137492336099963,-0.003952038696297677,-6.808988928241888e-5,0.0,1.3231815439468502e-6,0.5724290110101566,3.4457852706949226e-7,-1.0200626891548923]
286.0,[0.011969272388038613,-0.005785238954558735,-0.012427392448444152,-9.707434855954487e-5,0.0,1.2099279990910805e-6,0.5766265312129557,3.150854164299689e-7,-1.010048564794805]
287.0,[0.011975923068045327,-0.006175563764069617,-0.013494627637555823,-0.00010089991064887725,0.0,8.961654890820789e-7,0.5771965474584034,2.3337642944845805e-7,-1.0086885568369122]
288.0,[0.011992407659514962,-0.007171270984448103,-0.016206058717216365,-0.00010967653452098601,0.0,8.576418074907936e-7,0.5784685121365007,2.233442207007275e-7,-1.0056539987749937]
289.0,[0.011879042934500223,-0.0014817184516383954,0.00010658141036401503,-5.379376943892566e-5,0.0,7.623493764530689e-7,0.5703947191755951,1.9852848345132003e-7,-1.0249157279487144]
290.0,[0.0118819798444747,-0.001602037021560439,-0.00027142732506035827,-5.460947249957825e-5,0.0,1.3697661706458663e-6,0.5704752477658595,3.56709940272361e-7,-1.024723826675082]
291.0,[0.011966022839260404,-0.005597655672318068,-0.011907275165867759,-9.523830613034077e-5,0.0,1.355347249936524e-6,0.5763526449301786,3.5295501300430316e-7,-1.0107020311477346]
292.0,[0.01196814499356454,-0.0057265007550692335,-0.012249756764504127,-9.682707968750036e-5,0.0,9.147119116410062e-7,0.5766051140926611,2.3820622698984538e-7,-1.0100995544903342]
293.0,[0.011991109734784306,-0.00709547975930036,-0.016008527836675057,-0.00010899725566559935,0.0,9.018922068899437e-7,0.5783680789046807,2.3486776221092287e-7,-1.0058936195746215]
294.0,[0.01199242660732125,-0.0071802711924343985,-0.01623448042664677,-0.000109886855170771,0.0,7.693074592891689e-7,0.5784988143077746,2.0034048418988775e-7,-1.005581674904116]
295.0,[0.011999200448068828,-0.007609912699990672,-0.01736850663291989,-0.00011355609785823616,0.0,7.613026145656872e-7,0.5790304142094078,1.982558892098144e-7,-1.0043134265656324]
296.0,[0.011999740460548006,-0.00764591353193585,-0.017482193470641505,-0.00011391421139705925,0.0,7.213233656923867e-7,0.5790862215656891,1.8784462648239238e-7,-1.0041802718802009]
297.0,[0.012001815245336426,-0.0077823377372017895,-0.017838885923993075,-0.00011503402674861717,0.0,7.176717861175506e-7,0.5792471323652184,1.8689369430144545e-7,-1.0037963833829027]
298.0,[0.012002080514624442,-0.007794653811288298,-0.01787299197530956,-0.00011516192444105398,0.0,7.055852509130687e-7,0.579268892056988,1.8374615909194498e-7,-1.0037444666587754]
299.0,[0.012097511140988596,-0.015303669442801036,-0.037053382584417704,-0.00017367653981636974,0.0,7.041161314797108e-7,0.5877202432080526,1.833635759061747e-7,-0.9835819569594073]
300.0,[0.012099140652329272,-0.01547135752844042,-0.037481129311345285,-0.00017560637388669417,0.0,6.349203670730117e-8,0.5880404077373911,1.6534384559193014e-8,-0.9828179070736657]
301.0,[0.012123715957083428,-0.017932677565113405,-0.04349516302681877,-0.0001934495230671018,0.0,4.806063409626223e-8,0.5906168458051166,1.2515790129234955e-8,-0.9766712564580197]
302.0,[0.012124994934007797,-0.01806436481880761,-0.04381206508696778,-0.00019460060229903317,0.0,-0.0,0.590796210374501,0.0,-0.976243326677976]
303.0,[0.012046086794725852,-0.010941410740391195,-0.026122393137484323,-0.0001416424311173614,0.0,-0.0,0.5831404827537697,0.0,-0.9945077054302922]
304.0,[0.012131418240339068,-0.01871616935507821,-0.045351100652624154,-0.00019865069589286574,0.0,4.234109210460653e-7,0.591351038907759,1.1026326068907952e-7,-0.9749198155382469]
305.0,[0.01211115356151519,-0.016640910871501543,-0.04033609002362937,-0.00018441426163917638,0.0,-0.0,0.5893304143516512,0.0,-0.9797402971896321]
306.0,[0.012048398427092858,-0.011117151643702526,-0.026550139864411904,-0.00014289867067418527,0.0,-0.0,0.5833152845636026,0.0,-0.9940906782554052]
307.0,[0.012039890862070024,-0.010457767984917153,-0.024860469238774385,-0.0001372228553009336,0.0,4.086207417533715e-7,0.5824717601410865,1.0641165149827382e-7,-0.9961032324565303]
308.0,[0.012018337732418633,-0.008893152880773412,-0.02078479610645445,-0.00012452403552742908,0.0,4.6619090131127556e-7,0.5806378568411101,1.2140388054981137e-7,-1.0004784223186733]
309.0,[0.01201483238825555,-0.008652989436086498,-0.020155255242571002,-0.00012246630376466783,0.0,6.040769419989258e-7,0.5803271578114071,1.5731170364555362e-7,-1.001219710677408]
310.0,[0.012008143812636263,-0.008185926011113526,-0.01892885848064907,-0.00011857821391458855,0.0,6.256297363756776e-7,0.57976759548715,1.629244105144994e-7,-1.0025546742055627]
311.0,[0.012006807992293034,-0.00810681891986557,-0.018707169147091918,-0.00011784493381128412,0.0,6.675857240760535e-7,0.5796569278955396,1.7385044897813893e-7,-1.002818710444114]
312.0,[0.01200469531189204,-0.007969447324285282,-0.018339108009968186,-0.00011665974852803628,0.0,6.753522464846811e-7,0.5794858181712045,1.758729808553857e-7,-1.003226932131643]
313.0,[0.01200425951234744,-0.007938657139069012,-0.018262369394506095,-0.0001164011109722196,0.0,6.881488944498374e-7,0.5794472974082865,1.792054412629785e-7,-1.0033188362362644]
314.0,[0.012003624760836829,-0.00788702436693711,-0.018127366274711676,-0.00011603162874962435,0.0,6.908806201922177e-7,0.5793948394978234,1.7991682817505672e-7,-1.0034439867982712]
315.0,[0.011889274749895169,-0.001895728019007947,-0.0011652900866465643,-5.8585669648891774e-5,0.0,6.947975801492163e-7,0.5710876313941338,1.8093686983052507e-7,-1.0232626132445592]
316.0,[0.011886328366017551,-0.0017692514120426492,-0.0007830180948076304,-5.662741386913694e-5,0.0,1.3189300378856905e-6,0.570770015575444,3.4347136403273186e-7,-1.0240205767450254]
317.0,[0.011968789218978296,-0.005756817245128331,-0.012330758636380779,-9.67247615335509e-5,0.0,1.3340193855565641e-6,0.5765684222639056,3.4740088165535523e-7,-1.0101872404630343]
318.0,[0.011969442918295195,-0.005792818077073509,-0.012444445474102395,-9.747225249157053e-5,0.0,8.987974116955912e-7,0.576699763182257,2.3406182596239354e-7,-1.0098737431214053]
319.0,[0.011875764964012584,-0.0013571366253017911,0.0005030642569181509,-5.2219206736481276e-5,0.0,8.949660913889156e-7,0.5701546898010601,2.3306408629919676e-7,-1.0254884168196463]
320.0,[0.01187405966144676,-0.0012889245226688215,0.0007105427357601002,-5.096296717965742e-5,0.0,1.385814262845371e-6,0.5699463352701734,3.6088913094931537e-7,-1.0259856665033946]
321.0,[0.011964933340398904,-0.00553797008251422,-0.011733902738342294,-9.465566108701749e-5,0.0,1.3945837879916252e-6,0.576264607811684,3.6317286145615243e-7,-1.0109120765720496]
322.0,[0.01196604178706669,-0.005601918928732629,-0.011907275165867759,-9.571010650688548e-5,0.0,9.207946914567444e-7,0.5764446706006536,2.397902842335272e-7,-1.0104823289936875]
323.0,[0.01199081604378686,-0.007072742391756036,-0.015927525964798406,-0.00010878693501581437,0.0,9.138690485355704e-7,0.5783367279578129,2.3798673138947147e-7,-1.005968418253878]
324.0,[0.011991848699229497,-0.007146165141117914,-0.016132162272697315,-0.00010952021511911879,0.0,7.715017587163803e-7,0.5784498462852139,2.0091191633239072e-7,-1.0056984993987605]
325.0,[0.01199909623513425,-0.007600912492004378,-0.017355716863676207,-0.00011347651707183103,0.0,7.649623523669951e-7,0.5790194943161865,1.99208945928905e-7,-1.004339479617938]
326.0,[0.011999522560775706,-0.007638808104578249,-0.01745235067573958,-0.00011380905107216675,0.0,7.22095623104017e-7,0.5790712201253005,1.8804573518333775e-7,-1.0042160613066482]
327.0,[0.011887275756331897,-0.001815199842288469,-0.0009166001291305292,-5.76449110667454e-5,0.0,7.187874122897633e-7,0.570951281475659,1.871842219504592e-7,-1.0235879137607182]
328.0,[0.011884897806642886,-0.0017105132125531477,-0.0006039613253960852,-5.593392415903508e-5,0.0,1.3288131994469679e-6,0.5706702920343434,3.460451040226479e-7,-1.024258492151352]
329.0,[0.012069610496231082,-0.012796874671039403,-0.030794922167842742,-0.00015432419786520768,0.0,1.3413907368544445e-6,0.584893306445251,3.4932050438917827e-7,-0.9903264479773075]
330.0,[0.01185152124586845,-0.0004888534022029488,0.0032727598409110215,-4.203002390568144e-5,0.0,2.6929259478680836e-7,0.5687168438571238,7.012827989239802e-8,-1.0289184829739313]
331.0,[0.011909918384844786,-0.002766379717892656,-0.0038042458072595764,-6.742197911080439e-5,0.0,1.501580700448075e-6,0.5723216807641864,3.9103664074168616e-7,-1.0203188121699764]
332.0,[0.012062495594970338,-0.012203334639101133,-0.029304203508218052,-0.00014996714980952675,0.0,1.215501330064511e-6,0.5842708257870552,3.1653680470429974e-7,-0.9918114640156431]
333.0,[0.011977571527192291,-0.006281671479276458,-0.013790213415632024,-0.00010242899861623299,0.0,3.1828229832395467e-7,0.5774488880737496,8.288601518852986e-8,-1.0080863378391611]
334.0,[0.012020905160170514,-0.009064630527670184,-0.021235280200926354,-0.00012557563877635403,0.0,8.466319980294724e-7,0.5807667390580392,2.2047708282017512e-7,-1.0001710820443912]
335.0,[0.011996197220772348,-0.0074147502952352316,-0.016855494777701097,-0.00011204406291653866,0.0,5.89046178117462e-7,0.5788264459600858,1.5339744221808906e-7,-1.004799975011716]
336.0,[0.011894892774459246,-0.002127838646022913,-0.0018843593352357857,-6.115783435234334e-5,0.0,7.390925189302728e-7,0.571459710970337,1.9247201013809188e-7,-1.02237495350381]
337.0,[0.011999020443909103,-0.0075914385888609095,-0.017318768641416682,-0.00011286545031907734,0.0,1.290560768534555e-6,0.5789019489348983,3.360835334725404e-7,-1.004620097027017]
338.0,[0.012073002153556445,-0.013099092181316031,-0.03156799266434973,-0.00015727437130408362,0.0,7.236337134749124e-7,0.585352046165337,1.8844627955075842e-7,-0.9892318054461652]
339.0,[0.012003008957132503,-0.007865708084864307,-0.018066259599436307,-0.00011627321327978278,0.0,2.431460164978114e-7,0.5794505799389937,6.331927512963838e-8,-1.0033108461262636]
340.0,[0.011915043766445402,-0.0030037009916365296,-0.004519051799434237,-7.06450009602122e-5,0.0,6.967997380095915e-7,0.5728356515240725,1.8145826510666447e-7,-1.0190923373639051]
341.0,[0.01188698206533445,-0.0018005152924160937,-0.0008768097359279636,-5.706510819436516e-5,0.0,1.1881709543275788e-6,0.5708406118089384,3.0941951935614027e-7,-1.0238521076025875]
342.0,[0.011975780959498175,-0.006160879214197241,-0.013459100500767818,-0.00010035137165687046,0.0,1.3305698612775783e-6,0.5770920914187215,3.46502568041036e-7,-1.0089379142474293]
343.0,[0.0119697271353895,-0.005816029139775006,-0.012512657576735364,-9.771383702172896e-5,0.0,8.59431225355497e-7,0.5767371861140099,2.2381021493632737e-7,-1.0097844486391565]
344.0,[0.011994008749146207,-0.0072792734802836385,-0.016484591469634324,-0.00011058602922275894,0.0,8.927215459444318e-7,0.5785933738730793,2.324795692563625e-7,-1.0053561268747775]
345.0,[0.011993042411025574,-0.0072153246340652295,-0.01631548229852342,-0.00011017107226507504,0.0,7.524564869099306e-7,0.5785453781926065,1.959522101327944e-7,-1.0054705807606694]
346.0,[0.012000062573254883,-0.0076624928624369195,-0.01752198386384407,-0.00011401368738006566,0.0,7.580269371440626e-7,0.5790993172964443,1.9740284821459965e-7,-1.004149042316675]
347.0,[0.012000062573254883,-0.007657755910865186,-0.01751914169290103,-0.00011401084520912262,0.0,7.161739169896994e-7,0.5791023225276768,1.8650362421606757e-7,-1.0041418577460843]
348.0,[0.012002080514624442,-0.007797495982231339,-0.017888623915496282,-0.00011515908227011094,0.0,7.165293125756067e-7,0.5792682699046514,1.8659617514989758e-7,-1.0037459548450862]
349.0,[0.01188766418636078,-0.0018303580873180179,-0.0009634959496906959,-5.786375822935951e-5,0.0,7.039868933514054e-7,0.570981848068651,1.8332992014359518e-7,-1.0235149853172516]
350.0,[0.01188583572305409,-0.0017469877396554994,-0.0007119638212316204,-5.6323301578231615e-5,0.0,1.32673140190501e-6,0.5707293872373624,3.4550296924609636e-7,-1.0241175071377933]
351.0,[0.01215103869374919,-0.02088806165071825,-0.050529536110843765,-0.00021298944830050456,0.0,1.337028716234908e-6,0.593370688680719,3.4818456151950734e-7,-0.9701018345148261]
352.0,[0.012212429586118862,-0.029610210579752064,-0.07075158237057622,-0.0002768473450487363,0.0,-0.0,0.6027029066695211,0.0,-0.9478373512312855]
353.0,[0.012244432430937497,-0.036122571600571966,-0.08528218131687026,-0.0003273072479714756,0.0,-0.0,0.6100368816072583,0.0,-0.9303405824512551]
354.0,[0.012219819230570767,-0.03106113884617419,-0.0740286054679018,-0.0002891653139158734,0.0,-0.0,0.6045445336379363,0.0,-0.9434437554637807]
355.0,[0.012110149327781983,-0.016602067868613325,-0.04027214117741096,-0.00018519870081945553,0.0,-0.0,0.5894952898214771,0.0,-0.9793469514259044]
356.0,[0.012090955200013315,-0.01471628744790602,-0.0356251916855399,-0.00017016645870171485,0.0,-0.0,0.5872597672072642,0.0,-0.9846802696626696]
357.0,[0.012041131943381817,-0.010553928101823354,-0.0251148435381765,-0.00013829435374645982,0.0,1.0927707910847189e-7,0.5826457139864007,2.845757268449789e-8,-0.9956881213742582]
358.0,[0.012032548587133835,-0.009904965736495795,-0.023432278339896584,-0.00013277485777507536,0.0,4.571733292796401e-7,0.5818279637693613,1.1905555449990627e-7,-0.9976391639978559]
359.0,[0.012015722935151036,-0.008709832854947306,-0.020304469217080623,-0.00012303758012421895,0.0,5.142324147992706e-7,0.580416738148285,1.3391469135397675e-7,-1.0010059655006682]
360.0,[0.012105459745725966,-0.01605921321849261,-0.038907899124751566,-0.00017928982742887453,0.0,6.201118004808149e-7,0.588539183622957,1.614874480418789e-7,-0.9816281691108746]
361.0,[0.012009261733207191,-0.00828540199411994,-0.019187496036465745,-0.00012000214155705179,0.0,2.359845593051656e-9,0.5800046801138878,6.145431231905355e-10,-1.001988835428241]
362.0,[0.011928686186971996,-0.0036502948811782208,-0.006394884621840902,-7.730989182164194e-5,0.0,6.582978515907381e-7,0.5737977637614204,1.7143173218508806e-7,-1.0167969987041294]
363.0,[0.011889644232117764,-0.001910886264037496,-0.001219291334564332,-5.8381033340992865e-5,0.0,1.1165967330337726e-6,0.5710340084884717,2.9078039922754495e-7,-1.0233906928191931]
364.0,[0.011861061466333922,-0.0008166504509669417,0.002226840933872154,-4.5196202336228446e-5,0.0,1.3171245718135058e-6,0.5691190000393026,3.4300119057643384e-7,-1.027959427450725]
365.0,[0.011968287102111692,-0.005728395535697927,-0.012254020020918688,-9.630696240492397e-5,0.0,1.4572464533431653e-6,0.5765009431705079,3.794912638914493e-7,-1.010348270309807]
366.0,[0.011841545225858377,-0.0001534772309241816,0.004389733021525899,-3.6996539165556896e-5,0.0,9.0213968906121e-7,0.5679571981986339,2.3493221069302343e-7,-1.0307310064902908]
367.0,[0.011872648049878382,-0.0012353969699082275,0.0008924416761146858,-5.0144421948061784e-5,0.0,1.549385425951669e-6,0.5698198335996375,4.034857880082471e-7,-1.0262875217642313]
368.0,[0.011956046819250332,-0.0050448534238967105,-0.01035687091643922,-9.010534540720981e-5,0.0,1.4017290262651227e-6,0.5756060687143968,3.650336005898757e-7,-1.0124831652560198]
369.0,[0.01184452950534857,-0.00025200582361624885,0.004054356850247132,-3.827551608992508e-5,0.0,9.701767853763846e-7,0.5681353158920908,2.526502045251002e-7,-1.0303060928634353]
370.0,[0.011868593219332979,-0.001087130385712953,0.0013528733688872308,-4.834532774111721e-5,0.0,1.5352482636405456e-6,0.569561747222129,3.9980423532305877e-7,-1.0269032370730147]
371.0,[0.011834297689953624,6.82121026329696e-5,0.005140066150488565,-3.345235199958552e-5,0.0,1.4211754239589162e-6,0.567410271500514,3.700977666559678e-7,-1.0320360026971398]
372.0,[0.011962091169455864,-0.005373124167817877,-0.01127489213104127,-9.295604286307933e-5,0.0,1.5829510508961325e-6,0.5760088949694173,4.122268361708678e-7,-1.0115222016269085]
373.0,[0.01205927446790156,-0.011943275997812936,-0.0286533463622618,-0.00014825616290181642,0.0,9.373840974850898e-7,0.5840383249150258,2.441104420534088e-7,-0.9923660453399019]
374.0,[0.011991782381907493,-0.007150902092689647,-0.016153478554770118,-0.00011002612154697998,0.0,3.3980823266639196e-7,0.5785434375647693,8.84917272568729e-8,-1.0054750631698477]
375.0,[0.012020204091337897,-0.00901820840226719,-0.021108803593961056,-0.00012530847470770823,0.0,7.638902660596136e-7,0.5807313500004232,1.989297567863577e-7,-1.0002554806740853]
376.0,[0.012000280473027184,-0.0076767037171521215,-0.017570300769875757,-0.00011432916835474315,0.0,5.928746077706023e-7,0.5791529451785707,1.5439442910692766e-7,-1.004021042529198]
377.0,[0.012008172234345693,-0.008196347304571342,-0.01894733259177883,-0.00011854979220515814,0.0,7.144241329813876e-7,0.5797587481289055,1.8604795129723636e-7,-1.0025758131868012]
378.0,[0.012002355257815603,-0.007820707044932835,-0.01794262516341405,-0.00011542056199687066,0.0,6.670191150284335e-7,0.5793049250583564,1.7370289453865458e-7,-1.0036584884390334]
379.0,[0.012099131178426129,-0.015444356904481536,-0.03739302201211103,-0.0001747224587234086,0.0,7.019343406002119e-7,0.587876458211838,1.8279540119797186e-7,-0.9832092718140225]
380.0,[0.012099320656488999,-0.015486515773469968,-0.03751949861907633,-0.0001757200607244158,0.0,5.164066963752002e-8,0.5880562882970599,1.3448091051437505e-8,-0.9827800163629679]
381.0,[0.012036177092037784,-0.010181130013127888,-0.024148505417542765,-0.00013539818155550165,0.0,4.7017309398898896e-8,0.5822292674253622,1.2244090989296588e-8,-0.9966816216485321]
382.0,[0.012035286545142299,-0.010106286178294491,-0.0239609221353021,-0.00013434373613563366,0.0,4.895420885312412e-7,0.5820543149618641,1.2748491888834407e-7,-0.9970991662845845]
383.0,[0.012014330271388946,-0.008612251652569586,-0.020037305148434825,-0.00012219913969602203,0.0,4.966600024656731e-7,0.580298946672438,1.2933854230876902e-7,-1.0012869760314702]
384.0,[0.012013316563752596,-0.00854309215962227,-0.01986251163543784,-0.00012152838735346448,0.0,6.292509196307311e-7,0.5801913192765733,1.6386742698716955e-7,-1.001543791601218]
385.0,[0.01200685536180875,-0.008103976748922529,-0.018700063719734317,-0.00011783924946939804,0.0,6.35532376002036e-7,0.5796617753941073,1.6550322291719688e-7,-1.0028071342499072]
386.0,[0.01200617324078242,-0.00807223917339191,-0.018613377505971584,-0.00011753513717849272,0.0,6.754317188918446e-7,0.5796129067887137,1.7589367679475118e-7,-1.0029237350296827]
387.0,[0.012004268986250583,-0.007942920395483572,-0.018270895907335216,-0.00011644090136542216,0.0,6.785634922062479e-7,0.579452739649176,1.7670924276204375e-7,-1.0033058491810702]
388.0,[0.012004079508187715,-0.007926341064982504,-0.018212631403002888,-0.00011630731933109927,0.0,6.906027359802643e-7,0.5794330746190586,1.798444624948605e-7,-1.0033527686240804]
389.0,[0.012003473178386532,-0.007882287415365377,-0.018110313249053434,-0.00011595204796321922,0.0,6.919214229891549e-7,0.5793844865488922,1.8018787057009243e-7,-1.0034686863481512]
390.0,[0.012003406861064528,-0.007876603073479297,-0.01808757588150911,-0.00011590088888624449,0.0,6.955735585985774e-7,0.5793770732272462,1.8113894755171286e-7,-1.0034863737198405]
391.0,[0.012003188961292228,-0.007868550255807348,-0.018066259599436307,-0.00011581846592889632,0.0,6.960828452244778e-7,0.5793622888695769,1.8127157427720778e-7,-1.0035216451550257]
392.0,[0.011888952637188291,-0.001882464554607092,-0.00113544729174464,-5.843503458891063e-5,0.0,6.971796227346581e-7,0.5710658849511319,1.8155719342048388e-7,-1.0233144948950221]
393.0,[0.011886157835760969,-0.0017649881556280886,-0.0007602807272633072,-5.6530780057073564e-5,0.0,1.3205299364651749e-6,0.570759735585088,3.4388800428780597e-7,-1.0240451024362676]
394.0,[0.011968703953850005,-0.005750659208085077,-0.012326495379966218,-9.669349765317746e-5,0.0,1.3347698838311736e-6,0.5765616173609027,3.4759632391436817e-7,-1.0102034752853768]
395.0,[0.01196926291413547,-0.005792344381916336,-0.012445866559573915,-9.744667295308317e-5,0.0,8.992984847939022e-7,0.5766964844676488,2.3419231374841204e-7,-1.0098815653766395]
396.0,[0.01187569864669058,-0.001355715539830271,0.0005087485988042317,-5.218794285610783e-5,0.0,8.952065508685514e-7,0.5701525822963596,2.3312670595535193e-7,-1.0254934448095963]
397.0,[0.011874040713640472,-0.001291766693611862,0.0007204903340607416,-5.0926018957397894e-5,0.0,1.3859696137987994e-6,0.5699453039925249,3.609295869267707e-7,-1.0259881268926954]
398.0,[0.012066929381641481,-0.01256807991012465,-0.03022506689376314,-0.0001525251036582631,0.0,1.3946694871264302e-6,0.5846293269586379,3.6319517893917457e-7,-0.9909562466377809]
399.0,[0.012069354700846208,-0.012808243354811564,-0.03084608124481747,-0.0001555150674903416,0.0,2.8857042515553627e-7,0.5851211045483254,7.514854821758758e-8,-0.9897826107812896]
400.0,[0.011913831106843038,-0.0029572788662335365,-0.004369837824924616,-7.054552497720579e-5,0.0,2.667264430083331e-7,0.5728428781885049,6.946001120008675e-8,-1.0190749430097252]
401.0,[0.0119119268523112,-0.002858276578384296,-0.004071409875905374,-6.864127044536872e-5,0.0,1.1935623702102357e-6,0.5725171514307255,3.108235339089155e-7,-1.0198523650018303]
402.0,[0.011976178863430201,-0.006180774410798524,-0.013504575235856464,-0.00010067253697343402,0.0,1.2051522992361972e-6,0.5771466036857054,3.1384174459275973e-7,-1.0088078187613527]
403.0,[0.011976377815396214,-0.006206827644443061,-0.013571366253017914,-0.00010118696991412433,0.0,8.570888519815757e-7,0.5772391217250805,2.2320022187020202e-7,-1.008586972844755]
404.0,[0.011994378231368803,-0.0072930106398416674,-0.01653575054660905,-0.0001107594016502844,0.0,8.54981013596297e-7,0.5786254073377826,2.2265130562403566e-7,-1.0052796907016521]
405.0,[0.01187925136036938,-0.001489771269310343,7.389644451905042e-5,-5.3924509302305517e-5,0.0,7.505450223800572e-7,0.570412138654404,1.9545443291147326e-7,-1.0248741658334297]
406.0,[0.011997997262369609,-0.007530805608742714,-0.01715676489766338,-0.00011225154139538061,0.0,1.3686470563414599e-6,0.5788090077975623,3.564185042555885e-7,-1.00484185591405]
407.0,[0.012069553652812221,-0.012805874879025698,-0.030830449304630747,-0.00015506032013945514,0.0,7.29549087904683e-7,0.5850326600587602,1.8998674164184454e-7,-0.9899937715559176]
408.0,[0.012002686844425625,-0.007842023327005638,-0.0180094161805755,-0.00011600604921113698,0.0,2.673039539072173e-7,0.5794127097280894,6.961040466333783e-8,-1.003401202257256]
409.0,[0.012024022074304714,-0.009280635519341255,-0.021799451133119874,-0.00012753957889799494,0.0,6.993180700084847e-7,0.5810571558498432,1.821140807313762e-7,-0.9994781779432561]
410.0,[0.011757094853237504,0.0019672559877411304,0.012293810414121253,-2.3590018827235326e-6,0.0,5.691379295100159e-7,0.5629604654801403,1.4821300247656666e-7,-1.0426516641894972]
411.0,[0.01189116005662072,-0.00196299273132657,-0.0013670842236024328,-5.820197657158132e-5,0.0,1.924122220449088e-6,0.5709648610255065,5.010734949086166e-7,-1.0235559473113705]
412.0,[0.012042685663497346,-0.010638245839800218,-0.02531379550418933,-0.0001376946556774783,0.0,1.3109912998246483e-6,0.582493440716805,3.414039843293355e-7,-0.9960518310725154]
413.0,[0.011714822297411349,0.002612902486968475,0.015407408682222012,1.397779669787269e-5,0.0,4.5159490521010794e-7,0.5606004442279909,1.176028398984656e-7,-1.0482819586256877]
414.0,[0.011616416865460147,0.003141072587216816,0.02070237314910628,5.1281290325277944e-5,0.0,2.0974560458076086e-6,0.5551084755277053,5.462125119290647e-7,-1.0613848146182054]
415.0,[0.0119209933776195,-0.003268022889339287,-0.005265121671982342,-7.162554993556114e-5,0.0,2.4765198416414993e-6,0.5728748437315122,6.449270420941405e-7,-1.01899947156905]
416.0,[0.012015429244153589,-0.008676200498787996,-0.02020215106313117,-0.00012204850463604088,0.0,1.1599030981718788e-6,0.580239319242366,3.020580984822601e-7,-1.0014294669157473]
417.0,[0.011979002086566954,-0.0063574627044242025,-0.013983481039758772,-0.00010280700735165736,0.0,6.241591872783663e-7,0.5774877174907476,1.6254145502040792e-7,-1.0079938111860693]
418.0,[0.012006087975654129,-0.008052343976790628,-0.018550849745224696,-0.00011724239357135956,0.0,8.394761412458993e-7,0.5795590627930731,2.1861357844945295e-7,-1.003052250006576]
419.0,[0.011996055112225196,-0.007411908124292191,-0.016858336948644137,-0.00011192184956598793,0.0,6.803403647724725e-7,0.5788001860374912,1.771719699928314e-7,-1.0048626562892586]
420.0,[0.012003776343287123,-0.007902656307123833,-0.01815294581319904,-0.00011607710348471299,0.0,7.398002742165845e-7,0.5793964717258497,1.9265632141056886e-7,-1.0034401102398565]
421.0,[0.012001009963569231,-0.007722652147397941,-0.017688250864011934,-0.00011461338544904719,0.0,6.940033862506869e-7,0.5791879303108225,1.8073004850278305e-7,-1.0039376141168181]
422.0,[0.012003207909098515,-0.007870445036436042,-0.018066259599436307,-0.00011580709724512416,0.0,7.103807763338767e-7,0.5793599446155187,1.8499499383694709e-7,-1.0035272429818254]
423.0,[0.012097387980247731,-0.015281405770413887,-0.03700506567838602,-0.0001735259047563886,0.0,6.971811412801968e-7,0.587705183440095,1.8155758887505124e-7,-0.9836178827861809]
424.0,[0.012099443817229863,-0.015501200323342344,-0.03756497335416498,-0.0001757911149979918,0.0,6.47344380195538e-8,0.5880675350515516,1.6857926567592133e-8,-0.9827531894964548]
425.0,[0.012035665501268037,-0.010134707887724895,-0.024027713152463548,-0.00013502585716196336,0.0,4.598008353723219e-8,0.5821781135589776,1.1973980087820884e-8,-0.9968036597878974]
426.0,[0.012035333914658015,-0.010106759873451663,-0.023942448024172336,-0.00013437784218695015,0.0,4.934284511773374e-7,0.5820560860470128,1.2849699249409829e-7,-0.9970949423694309]
427.0,[0.012014046054294642,-0.008599461883325905,-0.02000604126806138,-0.00012210819022584474,0.0,4.964721038555105e-7,0.580283661052356,1.292896103790392e-7,-1.0013234430865596]
428.0,[0.012106141866752296,-0.01611937250345363,-0.039048586586432066,-0.00017972183741221667,0.0,6.304111201354655e-7,0.5886041789237081,1.641695625352775e-7,-0.9814731125716963]
429.0,[0.01217543399434362,-0.024033871189506797,-0.05796039204142289,-0.0002367130491620628,0.0,-0.0,0.5968758434952751,0.0,-0.9617390590898437]
430.0,[0.012127533940050245,-0.018370371890341627,-0.04455102953215828,-0.00019733477074623804,0.0,-0.0,0.591213032637365,0.0,-0.9752489078508579]
431.0,[0.012067232546542073,-0.01264055526917218,-0.03043254537260509,-0.00015478178738703718,0.0,-0.0,0.5850409938286223,0.0,-0.9899736290088581]
432.0,[0.012046768915752182,-0.01097835896265072,-0.026193447411060333,-0.00014145484783512075,0.0,2.797014257485417e-7,0.5830928383562018,7.28389129553494e-8,-0.9946214712435706]
433.0,[0.012024590508493322,-0.009343163280088143,-0.02197992898800294,-0.00012827001683035633,0.0,4.2095360368263604e-7,0.5811754119579744,1.0962333429235315e-7,-0.9991959532408335]
434.0,[0.012017314550879139,-0.008815940570154149,-0.020580159798555542,-0.00012384475667204242,0.0,5.640803532213457e-7,0.5805303582643709,1.468959253180588e-7,-1.0007349181694127]
435.0,[0.01201010491058696,-0.00832566608247968,-0.0192898141904152,-0.00011971792446274775,0.0,6.108411734071187e-7,0.5799350885071319,1.5907322224143713e-7,-1.0021550784334043]
436.0,[0.012007490113319363,-0.008163662338726377,-0.0188535409506585,-0.00011832241852971491,0.0,6.55147447941498e-7,0.5797230726918419,1.7061131456809845e-7,-1.002660903416409]
437.0,[0.012005330063402653,-0.008008764022330675,-0.01844711050580372,-0.00011701217772497329,0.0,6.705351017799624e-7,0.579538067893301,1.7461851608853186e-7,-1.003102277502804]
438.0,[0.012004496359926026,-0.00795381538409856,-0.018313528471480822,-0.0001165346930065425,0.0,6.842757828580086e-7,0.5794687500829087,1.7819681845260638e-7,-1.0032676549006974]
439.0,[0.012003785817190266,-0.0079050247829097,-0.01816147232602816,-0.0001161339469035738,0.0,6.893135821242835e-7,0.5794111612885245,1.795087453448655e-7,-1.0034050471093707]
440.0,[0.011889303171604599,-0.0019009386657368546,-0.001183764197776327,-5.863398655492346e-5,0.0,6.935884455083313e-7,0.5710944726292452,1.806219910177946e-7,-1.0232462915803886]
441.0,[0.0120011994416321,-0.007722652147397941,-0.017674040009296732,-0.00011398242349969222,0.0,1.318479362547198e-6,0.5790655494639342,3.433540006633328e-7,-1.0042298028786725]
442.0,[0.01207181791566351,-0.013000089893466791,-0.031305091852118494,-0.0001565354068588931,0.0,7.108904740989598e-7,0.5852468632375589,1.8512772762993745e-7,-0.9894827373084213]
443.0,[0.011889691601633482,-0.001909938873723149,-0.0012150280781497713,-5.918252554693026e-5,0.0,2.513053850061293e-7,0.571201299830817,6.544411067867951e-8,-1.02299127444126]
444.0,[0.011912040539148922,-0.00286443461542755,-0.004089883987035137,-6.860716439405223e-5,0.0,1.3165465639487127e-6,0.5725034185191158,3.428506676949773e-7,-1.019885171728168]
445.0,[0.012070690521189437,-0.01289256109278843,-0.031049296467244858,-0.00015519958651566412,0.0,1.2044650534214023e-6,0.5850265580195828,3.136627743284902e-7,-0.9900084988908004]
446.0,[0.012077739105128178,-0.01351973348088601,-0.03263807002440444,-0.00016092940313683357,0.0,2.611102011972505e-7,0.5859067094253056,6.799744822845066e-8,-0.9879083721961284]
447.0,[0.012025689481257965,-0.009412796468192633,-0.022140511646284722,-0.00012907150903629372,0.0,2.0748116030650102e-7,0.5813049828313548,5.4031552163151304e-8,-0.9988867579170392]
448.0,[0.011917791198357008,-0.003133019769544868,-0.0048970605348586105,-7.215135156002361e-5,0.0,5.572255123437672e-7,0.5730577151742012,1.4511081050618938e-7,-1.0185625070935171]
449.0,[0.012008721720728014,-0.008218610976958491,-0.01899849166875356,-0.0001182655751108541,0.0,1.1734947724157237e-6,0.5796942700422358,3.055975969832614e-7,-1.0027298034330845]
450.0,[0.01207826016980107,-0.013550997361259455,-0.03270770321250893,-0.0001607702415640233,0.0,6.65481604442446e-7,0.5858600675150378,1.7330250115688698e-7,-0.9880197908861259]
451.0,[0.012006125871266704,-0.008071291783077564,-0.018616219676914625,-0.00011800409538409438,0.0,2.053943764080916e-7,0.579703901558171,5.348811885627386e-8,-1.0027064796377836]
452.0,[0.011917203816362113,-0.0031074402310575042,-0.004806111064681318,-7.174776328611188e-5,0.0,6.782062130273162e-7,0.5729940385899637,1.7661620130919692e-7,-1.018714464437591]
453.0,[0.011888194724936813,-0.0018464637226619134,-0.0010118128557223827,-5.7610805015428916e-5,0.0,1.1765775857167927e-6,0.5709202975087699,3.0640041294708146e-7,-1.0236619961496438]
454.0,[0.012076393810881806,-0.01336767733543335,-0.032238745006907266,-0.00015864713986957213,0.0,1.3248040778179726e-6,0.5855183232299533,3.4500106193176373e-7,-0.9888353305814247]
455.0,[0.012072774779881001,-0.01308772349754387,-0.03154667638227693,-0.0001576950126036536,0.0,2.220937106353166e-7,0.5854437612636127,5.7836903811280364e-8,-0.9890128203045634]
456.0,[0.012027157936245203,-0.009534536123586197,-0.02248015107397805,-0.0001300264784731553,0.0,2.4316613133279185e-7,0.5814381153953673,6.332451336791456e-8,-0.9985691544018137]
457.0,[0.012025803168095687,-0.009417533419764366,-0.022160406842886005,-0.00012878729194198968,0.0,5.466755950760778e-7,0.5812443100520734,1.423634362177286e-7,-0.9990316269741946]
458.0,[0.01201125125286732,-0.00840098361247025,-0.019490187241899548,-0.00012041425634379264,0.0,5.571276838617135e-7,0.5800362660601124,1.450853343389879e-7,-1.001913678516476]
459.0,[0.012010294388649829,-0.008338455851723362,-0.019315393728902563,-0.00011979750524915288,0.0,6.482497941811457e-7,0.5799402220288441,1.6881505056800673e-7,-1.0021428446775413]
460.0,[0.012005737441237821,-0.008035764646289559,-0.01851532260843669,-0.00011727934179361908,0.0,6.542401161165764e-7,0.5795751948045353,1.7037503023869179e-7,-1.0030136974806498]
461.0,[0.01209976592993674,-0.015495515981456263,-0.03752944621737697,-0.0001751516265358077,0.0,6.817118603615294e-7,0.5879400283430181,1.7752913030248163e-7,-0.9830576044216067]
462.0,[0.012100050147031045,-0.01556893873081814,-0.03771560841414612,-0.00017631407445151123,0.0,4.7087603048347854e-8,0.5881402492716709,1.226239662717392e-8,-0.9825797078403008]
463.0,[0.012036347622294366,-0.01019818303878613,-0.024202506665460533,-0.00013554029010265367,0.0,4.069330787862982e-8,0.5822510351964967,1.0597215593393184e-8,-0.9966296877073967]
464.0,[0.012035608657849176,-0.010126655070052946,-0.024006396870390745,-0.00013453416158881737,0.0,4.879830985381483e-7,0.5820802477022631,1.2707893191097614e-7,-0.9970372976185649]
465.0,[0.01210697557022892,-0.01620463763174484,-0.03927027591998922,-0.0001804693283702363,0.0,4.947227409695664e-7,0.5887202808515656,1.2883404712749126e-7,-0.9811960780836725]
466.0,[0.012107705060770968,-0.016295587101922134,-0.03949338633901789,-0.00018171135707234495,0.0,-0.0,0.5889249462947518,0.0,-0.9807076281253779]
467.0,[0.012039246636656268,-0.01041560911592872,-0.02476241434123949,-0.00013731948911299696,0.0,-0.0,0.5825105048460342,0.0,-0.9960106527244612]
468.0,[0.01212612232848187,-0.018159577545399465,-0.044015280309395166,-0.00019460628664091925,0.0,4.69166024567435e-7,0.5907616077322693,1.2217865223110286e-7,-0.9763260462551661]
469.0,[0.012109258780886496,-0.016456169760203917,-0.039888448100100504,-0.0001829874918257701,0.0,-0.0,0.5891204134737741,0.0,-0.9802412992839961]
470.0,[0.012046285746691865,-0.010961779632149652,-0.026143709419557126,-0.00014161685157887405,0.0,-0.0,0.5831311279899848,0.0,-0.9945300232238935]
471.0,[0.01203922768884998,-0.010392398053227224,-0.024694202238606522,-0.00013672547538590152,0.0,4.2235360598520914e-7,0.5824027770930037,1.0998791822531488e-7,-0.9962678112044077]
472.0,[0.0120175892940703,-0.008847678145684766,-0.020662582755903713,-0.00012416876415954903,0.0,4.712193810033252e-7,0.5805804314496927,1.2271338046961595e-7,-1.0006154246912262]
473.0,[0.012014661857998968,-0.008634515324956736,-0.020098411823710194,-0.00012227872048242716,0.0,6.083465907789911e-7,0.5803046644101166,1.584235913486956e-7,-1.0012733750310756]
474.0,[0.012007831173832528,-0.008173609937027019,-0.018893331343861064,-0.00011845315839309477,0.0,6.272683729650893e-7,0.579749680649819,1.6335113879299202e-7,-1.0025974144741367]
475.0,[0.012006694305455312,-0.00810160827313666,-0.018694379377848236,-0.0001177937747343094,0.0,6.689147595262237e-7,0.5796496258747248,1.7419655195995408e-7,-1.002836131454142]
476.0,[0.012004600572860605,-0.007964236677556375,-0.018330581497139065,-0.00011661995813483371,0.0,6.758845285643162e-7,0.5794802227327962,1.7601159598029067e-7,-1.003240281439089]
477.0,[0.011890184244596941,-0.001931255155795952,-0.0012818190953112207,-5.9017679632233915e-5,0.0,6.885675603781791e-7,0.5711500284463136,1.7931446884848414e-7,-1.0231137494807805]
478.0,[0.011886783113368438,-0.0017881992183295852,-0.0008341771717823576,-5.680647063854848e-5,0.0,1.3143383685639085e-6,0.5707971467915623,3.4227561681351786e-7,-1.0239558477752613]
479.0,[0.011969092383878888,-0.005771501795000706,-0.012374812285997905,-9.687539659353205e-5,0.0,1.332043223927466e-6,0.5765878742637096,3.4688625623111096e-7,-1.010140832843444]
480.0,[0.011969461866101483,-0.00579850241895959,-0.012474288269004319,-9.755183327797566e-5,0.0,8.973623722382983e-7,0.5767084630619194,2.3368811777039017e-7,-1.009852987181697]
481.0,[0.01199207607290494,-0.007152323178161168,-0.016146373127412517,-0.00010950884643534663,0.0,8.943572472526106e-7,0.5784416617176007,2.3290553313870067e-7,-1.0057180693155985]
482.0,[0.011992909776381566,-0.007203482255135895,-0.016292744930979097,-0.00011009149147866991,0.0,7.638690998971301e-7,0.5785320314624504,1.9892424476487763e-7,-1.0055024263214043]
483.0,[0.011999456243453702,-0.007624597249863047,-0.017428192222723737,-0.00011368683772161602,0.0,7.588744485189363e-7,0.5790534824118875,1.9762355430180633e-7,-1.0042583915582286]
484.0,[0.011999910990804588,-0.007658229606022359,-0.01750919409460039,-0.00011399379218346438,0.0,7.196181039347087e-7,0.579096889128218,1.8740054789966373e-7,-1.00415482151486]
485.0,[0.012001824719239568,-0.00778660099361635,-0.01786446546248044,-0.0001150851858255919,0.0,7.168911461435009e-7,0.5792543745416078,1.866904026415367e-7,-1.0037791053404308]
486.0,[0.01188766418636078,-0.0018251474405891104,-0.0009521272659185342,-5.7818283494270866e-5,0.0,7.050315857368464e-7,0.5709798129715649,1.8360197545230376e-7,-1.0235198408505473]
487.0,[0.01175254737972864,0.0020439946032032212,0.012634870927286102,1.0231815394945441e-7,0.0,1.326829311238669e-6,0.5625619182572069,3.455284664684034e-7,-1.0436027545968465]
488.0,[0.011845258995890617,-0.000270006239588838,0.004011724286101526,-3.759623723453842e-5,0.0,1.942984295127217e-6,0.5679852546689804,5.059854935227127e-7,-1.030664443498395]
489.0,[0.011933356821221725,-0.003868194653477985,-0.0070244254857243504,-7.866276519052917e-5,0.0,1.5328928672391964e-6,0.5739449441494241,3.991908508435407e-7,-1.0164461807052552]
490.0,[0.01183553877126542,3.41060513164848e-5,0.005023537141823908,-3.424531769269379e-5,0.0,1.0930459627227286e-6,0.5675456156664487,2.846473861257106e-7,-1.0317129929978879]
491.0,[0.011860871988271052,-0.0008062291575091269,0.002255262643302558,-4.48693526777788e-5,0.0,1.5773613353511805e-6,0.5690546001743136,4.107711810810366e-7,-1.0281131600703286]
492.0,[0.011831474466816871,0.00015868787765308903,0.005447020612336928,-3.213642685295781e-5,0.0,1.4583720975188138e-6,0.5672217485438122,3.797844003955244e-7,-1.0324857778926544]
493.0,[0.011838068303404725,-3.931669804539221e-5,0.004774847184307873,-3.4859226616390515e-5,0.0,1.5963175526019294e-6,0.5676078563997837,4.157076959900858e-7,-1.0315646841310708]
494.0,[0.011952522527280962,-0.004859164922284738,-0.009831069291976746,-8.818972219160058e-5,0.0,1.5657930714244133e-6,0.5753182922228687,4.0775861235010766e-7,-1.0131697763372531]
495.0,[0.011834070316278181,7.768600577643761e-5,0.005172751116333529,-3.3725200410117395e-5,0.0,9.895198149886542e-7,0.5674773024526122,2.576874518199621e-7,-1.0318759318344164]
496.0,[0.011867191081667745,-0.0010307606620093186,0.001539035565656377,-4.762910066347103e-5,0.0,1.5839029972879818e-6,0.5694566914384,4.124747388770786e-7,-1.0271538875337447]
497.0,[0.01195404782568706,-0.004938745708689869,-0.010061285138363019,-8.903668913262662e-5,0.0,1.4283179340430174e-6,0.5754519011086348,3.7195779532370243e-7,-1.0128509746115195]
498.0,[0.011963900684956267,-0.005482074053967759,-0.011591794191190274,-9.4550500762125e-5,0.0,9.814234775300594e-7,0.5762733372315259,2.555790306067863e-7,-1.0108911031131729]
499.0,[0.011870506947767959,-0.0011648163914893908,0.0010984990694851149,-4.98573626828147e-5,0.0,9.258987613036994e-7,0.5698124619334173,2.411194690895051e-7,-1.0263048857798334]
500.0,[0.011872003824464628,-0.0012140806878354244,0.0009421796676178928,-5.0013682084681925e-5,0.0,1.4109187002579588e-6,0.5698101082199556,3.6742674485884344e-7,-1.0263106742890704]
501.0,[0.011963597520055675,-0.005455547125166048,-0.01149373929365538,-9.392238098371307e-5,0.0,1.4043858499077123e-6,0.5761583696255546,3.657254817468001e-7,-1.0111655340311234]
502.0,[0.011965501774587512,-0.005568760267730491,-0.011824852208519587,-9.539746770315104e-5,0.0,9.286555746548261e-7,0.5764007433365574,2.4183738923302766e-7,-1.0105871297026323]
503.0,[0.011873822813868173,-0.0012875034371973013,0.0007204903340607416,-5.132676506036659e-5,0.0,9.170603913163275e-7,0.5700245676653152,2.3881781023862693e-7,-1.0257988589486022]
504.0,[0.011872676471587813,-0.001236344360222574,0.0008782308213994838,-5.032347871747333e-5,0.0,1.3952522861041915e-6,0.5698542037346953,3.633469495062999e-7,-1.026205469394472]
505.0,[0.011964497540854305,-0.005506706202140776,-0.011644374353636522,-9.435723313799825e-5,0.0,1.4012976822528058e-6,0.5762229525015963,3.6492127142000157e-7,-1.0110114566382213]
506.0,[0.01196557756581266,-0.005581550036974173,-0.011858958259836072,-9.551968105370177e-5,0.0,9.23837838245578e-7,0.5764159046251633,2.405827703764526e-7,-1.0105509574791953]
507.0,[0.011990645513530277,-0.0070661106595556085,-0.015910472939140163,-0.0001087045120584662,0.0,9.159878325513611e-7,0.5783233716127617,2.3853849806025027e-7,-1.0060002834337802]
508.0,[0.011875499694724567,-0.0013452942463724562,0.0005258016244624741,-5.218225851422175e-5,0.0,7.724784429977166e-7,0.5701600579527428,2.0116626119732205e-7,-1.0254755661979003]
509.0,[0.011881345092964086,-0.0015693520557154743,-0.00015916157281026244,-5.424567461886908e-5,0.0,1.3870971771795753e-6,0.5704251735123116,3.6122322322384777e-7,-1.0248432957267628]
510.0,[0.0119650849228492,-0.005544128119557474,-0.011748113593057496,-9.475513707002391e-5,0.0,1.3588315978837615e-6,0.5762811375093038,3.538623952822296e-7,-1.0108726286676604]
511.0,[0.011967917619889096,-0.005713710985825552,-0.012209966371301562,-9.671623502072178e-5,0.0,9.200502419016419e-7,0.5765879498871824,2.395964171618859e-7,-1.0101405052870944]
512.0,[0.011990882361108863,-0.0070807952094279845,-0.01596021093064337,-0.00010885798928939038,0.0,9.031089831325372e-7,0.5783461587383301,2.3518463102409823e-7,-1.0059459152631922]
513.0,[0.011876181815750897,-0.001377031821903074,0.0004362732397567015,-5.25375298821018e-5,0.0,7.709408829012069e-7,0.5702114811156795,2.0076585492218932e-7,-1.025352884674337]
514.0,[0.01199696460692697,-0.00745501438359497,-0.01695354967523599,-0.00011164047464262693,0.0,1.3833156149871454e-6,0.5787191677027866,3.6023844140290246e-7,-1.0050561939503573]
515.0,[0.01206891890130161,-0.01275045254563641,-0.03070539378313697,-0.00015461125713045476,0.0,7.361161821502843e-7,0.5849692237459445,1.9169692243496988e-7,-0.990145114819026]
516.0,[0.012002421575137607,-0.0078159700933611,-0.01793694082152797,-0.00011576162251003551,0.0,2.720250783089672e-7,0.5793838110138865,7.083986414296021e-8,-1.0034701480186843]
517.0,[0.01202376627891984,-0.009266424664626053,-0.021759660739917308,-0.00012739747035084292,0.0,7.014369317081828e-7,0.5810372009604421,1.826658676323393e-7,-0.9995257853647066]
518.0,[0.012003511073999107,-0.007893656099137539,-0.01814726147131296,-0.00011612542039074468,0.0,5.706265670413316e-7,0.5794141903803051,1.4860066850034676e-7,-1.0033977781736176]
519.0,[0.012103043900424382,-0.015813365431919614,-0.03830109562841244,-0.00017741399460646787,0.0,6.950285151668488e-7,0.5882675594733235,1.8099700915803355e-7,-0.9822762134809694]
520.0,[0.012099671190905307,-0.015525358776358187,-0.037614711345668184,-0.0001760298573572072,0.0,2.198273760685948e-8,0.5881018245492986,5.724671251786323e-9,-0.9826713692833654]
521.0,[0.012037560281896731,-0.010283448167077342,-0.024415669486188563,-0.0001362252532999264,0.0,4.3964634864888395e-8,0.5823483369704765,1.1449123662731351e-8,-0.9963975546435188]
522.0,[0.012035466549302024,-0.010119075947538173,-0.023989343844732502,-0.00013446026514429832,0.0,4.805777247730402e-7,0.5820717591767501,1.2515044915964588e-7,-0.9970575461703689]
523.0,[0.01210716504829179,-0.016240164768532846,-0.03935127779186587,-0.0001806881755328504,0.0,4.95467745118505e-7,0.5887495380863512,1.2902805862461068e-7,-0.9811262789467564]
524.0,[0.012107695586867823,-0.01629890296802235,-0.03949907068090397,-0.00018170851490140191,0.0,-0.0,0.5889232991315646,0.0,-0.9807115577861245]
525.0,[0.012039369797397132,-0.010419872372343281,-0.024770940854068613,-0.0001373706481899717,0.0,-0.0,0.5825192555585741,0.0,-0.9959897760245445]
526.0,[0.012038299246341921,-0.01034313375688119,-0.024554935862397542,-0.0001362451484965277,0.0,4.6850340963409704e-7,0.5823242062897827,1.2200609625887944e-7,-0.9964552751741649]
527.0,[0.012107761904189829,-0.016284218418149973,-0.0394450694329862,-0.00018109744814864823,0.0,4.7653264978925764e-7,0.5888094105352398,1.240970442159525e-7,-0.9809834336275886]
528.0,[0.012108425077409871,-0.016367588765812492,-0.03966533768107183,-0.00018223715869680743,0.0,-0.0,0.5890018224199893,0.0,-0.9805242236551682]
529.0,[0.01203957822326629,-0.01044355713020195,-0.02481641558915726,-0.0001375468627884402,0.0,-0.0,0.5825397490495903,0.0,-0.9959408844102632]
530.0,[0.012038668728564517,-0.010361607868010953,-0.024591884084657067,-0.00013639862572745187,0.0,4.670343535806025e-7,0.582348473218386,1.2162352957828188e-7,-0.9963973806912626]
531.0,[0.012015429244153589,-0.008699411561489493,-0.02027746859312174,-0.00012292389328649733,0.0,4.747070282486025e-7,0.5804013135586688,1.2362162193974022e-7,-1.0010427500482573]
532.0,[0.012014425010420382,-0.008623620336341748,-0.020054358174093068,-0.00012215366496093338,0.0,6.218269212671826e-7,0.5802827494082115,1.6193409407999548e-7,-1.001325662778596]
533.0,[0.012007196422321915,-0.008128135201938372,-0.018778223420667928,-0.00011809220268332864,0.0,6.287349909290248e-7,0.5796953196793931,1.6373307055443353e-7,-1.0027271047416588]
534.0,[0.012006637462036451,-0.008096397626407754,-0.018668799839360872,-0.00011773408914450555,0.0,6.729956813949643e-7,0.5796413530559433,1.7525929202993864e-7,-1.0028558694935643]
535.0,[0.012004382673088305,-0.007948604737369653,-0.01829221218940802,-0.00011649774478428297,0.0,6.764515753685219e-7,0.579463679916248,1.7615926441888592e-7,-1.0032797480753712]
536.0,[0.01200423109063801,-0.007929183235925544,-0.01822968442866113,-0.00011635563623713095,0.0,6.898056692045878e-7,0.5794419380028184,1.7963689302202806e-7,-1.0033316228381581]
537.0,[0.011889284223798313,-0.0018985701899509875,-0.0011752376849472057,-5.86226178711513e-5,0.0,6.912608035675693e-7,0.5710939311638226,1.8001583426238785e-7,-1.0232475825308818]
538.0,[0.011886584161402425,-0.0017773042297145971,-0.0008057554623519536,-5.672120551025727e-5,0.0,1.3185067315192044e-6,0.5707841112825027,3.4336112799979284e-7,-1.0239869482641473]
539.0,[0.011968865010203444,-0.0057549224644996375,-0.012330758636380779,-9.675602541392435e-5,0.0,1.332967188067708e-6,0.5765707401390245,3.4712687189263227e-7,-1.0101817102994655]
540.0,[0.011969386074876335,-0.00579992350443111,-0.012464340670703677,-9.751772722665918e-5,0.0,8.986376008583585e-7,0.5767040394717144,2.340202085568642e-7,-1.0098635410594816]
541.0,[0.011875878650850305,-0.0013542944543587507,0.0005115907697472721,-5.217373200139263e-5,0.0,8.946465101305741e-7,0.5701555056503507,2.3298086201317035e-7,-1.0254864703222029]
542.0,[0.01187405966144676,-0.0012884508275116482,0.000716227077646181,-5.096012500871438e-5,0.0,1.3857586355133254e-6,0.5699476207148427,3.6087464466492847e-7,-1.0259825997798167]
543.0,[0.012066891486028908,-0.012565711434338784,-0.03022080363734858,-0.00015253363017109223,0.0,1.3944997442282577e-6,0.5846302824185531,3.6315097505944213e-7,-0.9909539671227889]
544.0,[0.01206952523110279,-0.01280066423229679,-0.030837554731988348,-0.0001555207518322277,0.0,2.8850034257254217e-7,0.5851218344918201,7.513029754493285e-8,-0.989780869319637]
545.0,[0.012024183130658153,-0.009293898983742109,-0.02183213609896484,-0.00012805969618057134,0.0,2.666766955149697e-7,0.5811612581206742,6.944705612369003e-8,-0.999229665153783]
546.0,[0.01191443743664422,-0.0029828584047209,-0.0044295234147284646,-7.051994543871842e-5,0.0,5.672791781555571e-7,0.5728207174098081,1.4772895264467635e-7,-1.0191279196363074]
547.0,[0.011894608557364942,-0.002108417144578804,-0.001823252659960417,-6.053255674487445e-5,0.0,1.191077721373978e-6,0.5713453190736868,3.101764899411401e-7,-1.0226480213091047]
548.0,[0.011975837802917036,-0.006164195080297455,-0.013467627013596939,-0.00010042811027233255,0.0,1.2928201409774482e-6,0.5771033917820311,3.366719117128771e-7,-1.0089109413272048]
549.0,[0.011971792446274776,-0.005933031843596836,-0.012829559636884369,-9.874554507405263e-5,0.0,8.591105234012587e-7,0.5768880865476216,2.2372669880241114e-7,-1.0094244432044326]
550.0,[0.011994084540371356,-0.007277378699654945,-0.016483170384162804,-0.00011063434612879063,0.0,8.813531500663293e-7,0.578601479687843,2.2951904949643995e-7,-1.0053367846565566]
551.0,[0.011993610845214182,-0.007252272856324755,-0.016423484794358956,-0.00011051497494918293,0.0,7.52003181571296e-7,0.5785907695827859,1.95834161867525e-7,-1.005362289710776]
552.0,[0.011885257814962339,-0.001732303189783124,-0.0006622258297284134,-5.671267899742815e-5,0.0,7.545915858362973e-7,0.5708129854419952,1.9650822547820243e-7,-1.0239178613710918]
553.0,[0.011882766178435606,-0.0016238269987904155,-0.0003353761712787673,-5.4899373935768374e-5,0.0,1.3386354515332364e-6,0.5705242567119644,3.4860298217011365e-7,-1.0246068942141178]
554.0,[0.011967671298407367,-0.005691921008595575,-0.012165912721684435,-9.611369478079722e-5,0.0,1.352130032749525e-6,0.5764788667976679,3.5211719602852214e-7,-1.0104009006862893]
555.0,[0.011968353419433697,-0.005738816829155741,-0.012289547157706693,-9.694360869616502e-5,0.0,9.052744417854139e-7,0.5766236742329289,2.3574855254828487e-7,-1.0100552719280274]
556.0,[0.011991649747263484,-0.007126743639673804,-0.016076739939308027,-0.00010927578841801731,0.0,9.006275888536197e-7,0.5784064057043867,2.3453843459729682e-7,-1.0058021823293875]
557.0,[0.011992530820255826,-0.007187850314949173,-0.01624584911041893,-0.00010992664556397357,0.0,7.664377048898765e-7,0.5785055664323511,1.99593152315072e-7,-1.0055655652391429]
558.0,[0.01199937097832541,-0.00761512334671958,-0.017396928342350293,-0.00011362999430275521,0.0,7.608335793404657e-7,0.5790420986733755,1.9813374461991294e-7,-1.004285550605511]
559.0,[0.011999882569095158,-0.007649229398036065,-0.017500667581771268,-0.00011394263310648965,0.0,7.204488629844897e-7,0.5790886093619956,1.8761689140221085e-7,-1.004174574968119]
560.0,[0.012001900510464717,-0.007777600785630056,-0.017833201582106994,-0.00011504539543238933,0.0,7.175037755892189e-7,0.5792507060147872,1.8684994155969243e-7,-1.0037878576160701]
561.0,[0.012002042619011869,-0.007791811640345258,-0.01787014980436652,-0.00011515339792822486,0.0,7.053179760791389e-7,0.5792697191766991,1.836765562706091e-7,-1.0037424932920094]
562.0,[0.012002772109553916,-0.007833023119019343,-0.017976731214730535,-0.00011550582712516187,0.0,7.040525068078211e-7,0.5793188564723768,1.833470069812034e-7,-1.0036252652917965]
563.0,[0.012002791057360202,-0.007838233765748251,-0.017983836642088136,-0.0001155569862021366,0.0,7.003612143132893e-7,0.5793260917434535,1.8238573289408577e-7,-1.0036080026839087]
564.0,[0.011888696841803418,-0.0018692010902062366,-0.0010814460438268725,-5.829292604175861e-5,0.0,6.998489079803263e-7,0.5710475714464556,1.822523197865433e-7,-1.023358186638066]
565.0,[0.011886119940148394,-0.0017531457766987537,-0.000730437932361383,-5.645404144161147e-5,0.0,1.3218675852641818e-6,0.5707484859576999,3.4423635032921403e-7,-1.0240719413107682]
566.0,[0.012070093665291399,-0.012820559428898072,-0.03085744992858963,-0.0001545373606859357,0.0,1.3356406981110763e-6,0.5849248479895356,3.478230984664261e-7,-0.9902511968109287]
567.0,[0.011971432437955324,-0.005934926624225529,-0.01283382289329893,-9.93480853139772e-5,0.0,2.6698042609251583e-7,0.5769998519158299,6.952615262825932e-8,-1.0091575914938151]
568.0,[0.01191260897333753,-0.0028952248006438213,-0.00418651779909851,-6.933191798452754e-5,0.0,8.811518472102043e-7,0.5726328892235613,2.2946662687765736e-7,-1.0195761361208775]
569.0,[0.011992275024870953,-0.007162270776461809,-0.01616911049495684,-0.00010928715710178948,0.0,1.2008295039581548e-6,0.578392172568987,3.127160166557695e-7,-1.0058362457388113]
570.0,[0.011977003093003683,-0.00624567064733128,-0.013695000689040171,-0.00010166445463255512,0.0,7.633175799590951e-7,0.5773126410845115,1.9878061978101433e-7,-1.008411543168944]
571.0,[0.011999115182940537,-0.00759712293074699,-0.017331558410660364,-0.00011337135674693853,0.0,8.507481607064288e-7,0.5790004348311797,2.2154900018396584e-7,-1.0043849807413856]
572.0,[0.01187971558162341,-0.001509666465911626,1.4210854715202004e-5,-5.414335646491963e-5,0.0,7.223375266074514e-7,0.5704454556410536,1.8810873088735715e-7,-1.0247946709483176]
573.0,[0.011884462007098287,-0.0016972497481522924,-0.0005542233338928781,-5.5698023970762727e-5,0.0,1.366534794512804e-6,0.5706337467548112,3.5586843607104273e-7,-1.0243456922188057]
574.0,[0.01196628810854842,-0.005608550660933057,-0.011931433618883602,-9.537188816466367e-5,0.0,1.3435694861403817e-6,0.5763727127392063,3.498878870157244e-7,-1.0106541508827098]
575.0,[0.011968713427753148,-0.005763922672485932,-0.012366285773168784,-9.717098237160825e-5,0.0,9.133694952990973e-7,0.5766530056283258,2.378566394008066e-7,-1.0099852984900999]
576.0,[0.011874912312729672,-0.0013182936224135724,0.000609645667282166,-5.1792881095025216e-5,0.0,8.982888015613949e-7,0.5700955541815429,2.3392937540661328e-7,-1.0256294986986052]
577.0,[0.011873832287771316,-0.0012832401807827407,0.0007389644451905042,-5.085212251287884e-5,0.0,1.390204242056237e-6,0.5699307298508602,3.6203235470214503e-7,-1.026022898143034]
578.0,[0.011964696492820318,-0.005523759227799018,-0.011694112345139729,-9.451355253986547e-5,0.0,1.395681816249316e-6,0.5762464958640762,3.63458806314926e-7,-1.0109552868963525]
579.0,[0.011965975469744686,-0.005594813501375028,-0.011898748653038638,-9.568452696839812e-5,0.0,9.221442221429284e-7,0.5764394526001957,2.4014172451638764e-7,-1.0104947781338982]
580.0,[0.011990721304755425,-0.007069426525655823,-0.015930368135741446,-0.00010875567113544092,0.0,9.142419590596225e-7,0.5783311487309342,2.3808384350511e-7,-1.0059817288283281]
581.0,[0.011991810803616923,-0.007142375579860526,-0.016120793588925153,-0.00010950884643534663,0.0,7.719163632424263e-7,0.5784481107281161,2.0101988626104853e-7,-1.0057026400901958]
582.0,[0.011998992022199673,-0.007601386187161551,-0.017359980120090768,-0.00011344241102051454,0.0,7.650871476455907e-7,0.5790177698471928,1.992414446993726e-7,-1.0043435937528211]
583.0,[0.012095076347880724,-0.015068716644843029,-0.03646647428467986,-0.00017190302514791253,0.0,7.222197586863476e-7,0.5874701660917805,1.8807806215790302e-7,-0.9841785759738089]
584.0,[0.012098486953012372,-0.015401250645178756,-0.03731202014023438,-0.00017505499272374434,0.0,8.225572740923581e-8,0.587956343455905,2.142076234615516e-8,-0.9830184671322436]
585.0,[0.012034680215341115,-0.010071232736663658,-0.023878499177953927,-0.0001345370037597604,0.0,5.419477249881008e-8,0.5821039349824427,1.411322200489846e-8,-0.9969806316114481]
586.0,[0.012034860219500843,-0.010080232944649953,-0.023869972665124806,-0.0001341419419986778,0.0,4.989313116221244e-7,0.5820203176958902,1.2993002906826156e-7,-0.9971802774009876]
587.0,[0.012013742889394052,-0.008579092991567448,-0.019967671960330335,-0.00012194902865303446,0.0,4.991023810699022e-7,0.5802602912152357,1.2997457840362039e-7,-1.0013791977802162]
588.0,[0.012105999758205144,-0.016109424905152988,-0.03902869138983078,-0.0001796820470190141,0.0,6.321415149256121e-7,0.588592586053742,1.6462018617854482e-7,-0.9815007704651852]
589.0,[0.012008721720728014,-0.008244664210603029,-0.01907238811327261,-0.00011968950275331734,0.0,-0.0,0.5799594667960761,0.0,-1.002096700643647]
590.0,[0.012036755000129535,-0.010215236064444373,-0.024212454263761174,-0.00013503438367479248,0.0,6.617767202213117e-7,0.5821441170574313,1.7233768755763326e-7,-0.996884985654671]
591.0,[0.012099908038483893,-0.015551412010002723,-0.03766729150811443,-0.0001757285872372449,0.0,4.874741232382142e-7,0.5880272356438259,1.269463862599516e-7,-0.9828494833476307]
592.0,[0.012015666091732175,-0.008705095903375573,-0.020304469217080623,-0.00012348095879133325,0.0,4.3166039490498006e-8,0.5805065490232206,1.124115611731719e-8,-1.000791534175331]
593.0,[0.012034907589016559,-0.010080706639807127,-0.023869972665124806,-0.0001340083599643549,0.0,6.19847339040547e-7,0.5819913368872202,1.6141857787514245e-7,-0.9972494605145387]
594.0,[0.012007793278219953,-0.008183083840170486,-0.018911805454990827,-0.0001186378995043924,0.0,4.996144490402823e-7,0.5797805144352752,1.301079294375735e-7,-1.0025238082810037]
595.0,[0.012012937607626856,-0.008521302182392294,-0.019812773643934634,-0.00012130954019085037,0.0,6.683598825080585e-7,0.5801561495882237,1.7405205273647358e-7,-1.001627710396624]
596.0,[0.01200478057702033,-0.007977026446800057,-0.01835900320656947,-0.00011680469924613134,0.0,6.376448939547268e-7,0.5795053556016814,1.6605335780071007e-7,-1.0031803079377364]
597.0,[0.012006163766879277,-0.008061344184776923,-0.0185863768820127,-0.00011744702987925847,0.0,6.871992163895591e-7,0.5795974583334613,1.7895812926811435e-7,-1.002960594832748]
598.0,[0.012003615286933684,-0.007906919563538393,-0.018182788608100964,-0.00011612257821980164,0.0,6.795645401528453e-7,0.5794054041455683,1.7696993233147014e-7,-1.0034187785257656]
599.0,[0.012098818539622394,-0.015396039998449849,-0.037266545405145735,-0.00017435013432987032,0.0,6.941791151487798e-7,0.5878307488800889,1.807758112366614e-7,-0.9833183184500431]
