13.0,[-0.0001335820343228988,0.0,-0.0006636705999577923,0.24771888244382956,0.0]
14.0,[-0.0001335820343228988,0.0,-0.0006636705999577923,0.24771888244382956,0.0]
15.0,[0.02912467304364933,0.0,-0.02517223170646806,-0.22105268726591018,0.0]
16.0,[-1.3263464400855202e-5,0.0,-0.00014285461702456814,0.12465951234238065,0.0]
17.0,[-0.00011652900866465642,0.0,-4.2454928461665986e-5,0.06360399614398678,0.0]
18.0,[-6.726471231862281e-5,0.0,-8.994286796829935e-5,0.09116831733990692,0.0]
19.0,[-7.105427357601e-5,0.0,-8.566776917480942e-5,0.08877615679618125,0.0]
20.0,[-3.7895612573872004e-6,0.0,-0.0002295526731662297,0.14767636002943615,0.0]
21.0,[-3.7895612573872004e-6,0.0,-0.0002308671772273859,0.14767541263912182,0.0]
22.0,[-2.5579538487363603e-5,0.0,-0.00015949315942028383,0.12179460403179593,0.0]
23.0,[-2.5579538487363603e-5,0.0,-0.0001589365676106051,0.12176997188362292,0.0]
24.0,[-6.726471231862281e-5,0.0,-9.167185529198227e-5,0.09160222210387775,0.0]
25.0,[-2.6526928801710405e-5,0.0,-0.00015517069111107656,0.1205307853524573,0.0]
26.0,[-3.7895612573872004e-6,0.0,-0.0002305592753752232,0.14777109906087085,0.0]
27.0,[-2.7474319116057203e-5,0.0,-0.00015629571710936338,0.1205629966231451,0.0]
28.0,[-2.5579538487363603e-5,0.0,-0.0001589010404738171,0.12176239276110815,0.0]
29.0,[-2.7474319116057203e-5,0.0,-0.00015573912529968464,0.12053646969434338,0.0]
30.0,[-4.736951571734001e-6,0.0,-0.00023477516227406645,0.14910691940409984,0.0]
31.0,[-3.7895612573872004e-6,0.0,-0.00023537912359946253,0.14909934028158506,0.0]
32.0,[-2.6526928801710405e-5,0.0,-0.00015974184937779987,0.1218770269891441,0.0]
33.0,[-2.5579538487363603e-5,0.0,-0.00015911420329454512,0.12183818398625589,0.0]
34.0,[-2.7474319116057203e-5,0.0,-0.00015590491860469532,0.12059994484540462,0.0]
35.0,[-2.7474319116057203e-5,0.0,-0.00015585754908897798,0.12058668138100376,0.0]
36.0,[-2.8421709430404003e-6,0.0,-0.00023460936896905576,0.14905481293681075,0.0]
37.0,[-4.736951571734001e-6,0.0,-0.00023537912359946253,0.14910123506221376,0.0]
38.0,[-3.7895612573872004e-6,0.0,-0.0002394292171932951,0.15037263286406716,0.0]
39.0,[-2.8421709430404003e-6,0.0,-0.0002395002714668711,0.15038873849941106,0.0]
40.0,[-2.5579538487363603e-5,0.0,-0.0001599550121985279,0.12195092343366315,0.0]
41.0,[-3.7895612573872004e-6,0.0,-0.00023890815252040437,0.1504020019638119,0.0]
42.0,[-3.7895612573872004e-6,0.0,-0.00023566334069376657,0.14917702628736149,0.0]
43.0,[-2.5579538487363603e-5,0.0,-0.0001599194850617399,0.12193955474989099,0.0]
44.0,[-2.5579538487363603e-5,0.0,-0.00015912604567347444,0.12184292093782761,0.0]
45.0,[-2.7474319116057203e-5,0.0,-0.00015591676098362467,0.12060278701634766,0.0]
46.0,[-3.7895612573872004e-6,0.0,-0.00023477516227406645,0.14911070896535722,0.0]
47.0,[-3.7895612573872004e-6,0.0,-0.0002354028083573212,0.1491021824525281,0.0]
48.0,[-2.5579538487363603e-5,0.0,-0.00015974184937779987,0.1218770269891441,0.0]
49.0,[-6.442254137558241e-5,0.0,-9.422980914071863e-5,0.09286414600258769,0.0]
50.0,[-6.631732200427601e-5,0.0,-9.11744753769502e-5,0.09155201041721737,0.0]
51.0,[-3.7895612573872004e-6,0.0,-0.00022994347167089776,0.14777962557369997,0.0]
52.0,[-3.7895612573872004e-6,0.0,-0.0002312816604899126,0.14780331033155863,0.0]
53.0,[-6.53699316899292e-5,0.0,-9.453771099288133e-5,0.09282814517064251,0.0]
54.0,[-0.00011558161835030961,0.0,-4.483524662646232e-5,0.06340504417797395,0.0]
55.0,[-6.915949294731641e-5,0.0,-8.800071782388841e-5,0.09016597838732801,0.0]
56.0,[-5.684341886080801e-6,0.0,-0.00022583416618241853,0.1464722269399014,0.0]
57.0,[-2.8421709430404004e-5,0.0,-0.00015269563391484553,0.11917885937388442,0.0]
58.0,[-6.631732200427601e-5,0.0,-9.387453777283858e-5,0.09270972138134917,0.0]
59.0,[-6.82121026329696e-5,0.0,-9.090210066157549e-5,0.09142127055383752,0.0]
60.0,[-6.82121026329696e-5,0.0,-8.847441298106182e-5,0.09020387399990187,0.0]
61.0,[-3.7895612573872004e-6,0.0,-0.00022967109695552307,0.14770099217760918,0.0]
62.0,[-3.7895612573872004e-6,0.0,-0.00023108034004811392,0.14774078257081175,0.0]
63.0,[-2.5579538487363603e-5,0.0,-0.00015950500179921317,0.12179649881242463,0.0]
64.0,[-6.53699316899292e-5,0.0,-9.407585821463726e-5,0.09279688129026907,0.0]
65.0,[-2.6526928801710405e-5,0.0,-0.00015522990300572323,0.12054404881685815,0.0]
66.0,[0.0,0.0,-0.00032244429348793346,0.17580627324302137,0.0]
67.0,[-3.7895612573872004e-6,0.0,-0.0002361133510930813,0.14913534111353025,0.0]
68.0,[-2.5579538487363603e-5,0.0,-0.00016298666120443767,0.12310673961716626,0.0]
69.0,[-2.5579538487363603e-5,0.0,-0.00015918525756812113,0.12185144745065674,0.0]
70.0,[-3.7895612573872004e-6,0.0,-0.00023502385223158248,0.14918271062924757,0.0]
71.0,[9.473903143468001e-7,0.0,-0.0003280338963425796,0.1771089349252482,0.0]
72.0,[-4.736951571734001e-6,0.0,-0.00024024634133941922,0.15042663411198492,0.0]
73.0,[-6.25277607468888e-5,0.0,-9.743909383056841e-5,0.09422838805524708,0.0]
74.0,[-6.347515106123561e-5,0.0,-9.387453777283858e-5,0.09288688337013201,0.0]
75.0,[-2.8421709430404004e-5,0.0,-0.00015203246069480278,0.1193039148953782,0.0]
76.0,[-4.736951571734001e-6,0.0,-0.00023067769916451653,0.14781752118627384,0.0]
77.0,[-3.7895612573872004e-6,0.0,-0.00023514227602087584,0.1490311281789521,0.0]
78.0,[-6.442254137558241e-5,0.0,-9.458508050859868e-5,0.09284330341567207,0.0]
79.0,[-6.442254137558241e-5,0.0,-9.369690208889855e-5,0.09280540780309819,0.0]
80.0,[-2.8421709430404004e-5,0.0,-0.00015185482501086275,0.11923759757337392,0.0]
81.0,[-2.9369099744750805e-5,0.0,-0.0001524114168205415,0.11926222972154693,0.0]
82.0,[-2.7474319116057203e-5,0.0,-0.00015546675058430992,0.12045120456605217,0.0]
83.0,[-6.726471231862281e-5,0.0,-9.138763819767823e-5,0.09146864006955485,0.0]
84.0,[-6.631732200427601e-5,0.0,-9.09731549351515e-5,0.09147053485018355,0.0]
85.0,[-2.8421709430404004e-5,0.0,-0.00015162981981120538,0.11915991156759748,0.0]
86.0,[-6.915949294731641e-5,0.0,-8.881784197001252e-5,0.09018776836455798,0.0]
87.0,[-0.00011937117960769682,0.0,-4.290493886098072e-5,0.0620417495156289,0.0]
88.0,[-0.00012126596023639041,0.0,-4.0737783516912415e-5,0.06065666487605388,0.0]
89.0,[-0.00018474111129762602,0.0,-1.0196288258157438e-5,0.029735739796403017,0.0]
90.0,[-0.0001856885016119728,0.0,-9.971283058500074e-6,0.02959836820082273,0.0]
91.0,[-0.0001885306725550132,0.0,-9.012050365223938e-6,0.02817444055835949,0.0]
92.0,[-0.0001885306725550132,0.0,-8.988365607365267e-6,0.02815359797144386,0.0]
93.0,[-0.0002529532139305956,0.0,-1.1842378929335004e-8,-0.0016531960985351661,0.0]
94.0,[-0.00025390060424494243,0.0,-2.3684757858670007e-8,-0.0017147764689677083,0.0]
95.0,[-0.00019137284349805361,0.0,-7.922551503725117e-6,0.026658616055404608,0.0]
96.0,[-0.00019042545318370682,0.0,-8.076502429806473e-6,0.02670219600986456,0.0]
97.0,[-0.0001885306725550132,0.0,-8.893626575930588e-6,0.027999173350205332,0.0]
98.0,[-0.0001885306725550132,0.0,-8.905468954859923e-6,0.02801433159523488,0.0]
99.0,[-0.00018947806286936003,0.0,-8.952838470577262e-6,0.028076859355981768,0.0]
100.0,[-0.0001885306725550132,0.0,-8.952838470577262e-6,0.028076859355981768,0.0]
101.0,[-0.00012695030212247122,0.0,-3.652189661806915e-5,0.057709333608120986,0.0]
102.0,[-7.294905420470361e-5,0.0,-8.211505549600892e-5,0.08716748804242039,0.0]
103.0,[-0.0001250555214937776,0.0,-3.90087961932295e-5,0.05917589381472983,0.0]
104.0,[-0.0001222133505507372,0.0,-4.0465408801537706e-5,0.06048423983884276,0.0]
105.0,[-7.105427357601e-5,0.0,-8.490985692333197e-5,0.08860183697834144,0.0]
106.0,[-7.200166389035681e-5,0.0,-8.547829111194005e-5,0.08870604991291958,0.0]
107.0,[-6.915949294731641e-5,0.0,-8.798887544495908e-5,0.08998218466634472,0.0]
108.0,[-7.010688326166321e-5,0.0,-8.803624496067641e-5,0.08999923769200296,0.0]
109.0,[-7.010688326166321e-5,0.0,-8.81665111288991e-5,0.09005892328180681,0.0]
110.0,[-6.915949294731641e-5,0.0,-8.815466874996977e-5,0.09006176545274985,0.0]
111.0,[-2.8421709430404004e-5,0.0,-0.00015141665699047735,0.1190812781715067,0.0]
112.0,[-2.9369099744750805e-5,0.0,-0.00015207983021052013,0.11913338463879578,0.0]
113.0,[-6.82121026329696e-5,0.0,-9.132842630303155e-5,0.09144779748263923,0.0]
114.0,[-6.726471231862281e-5,0.0,-9.084288876692881e-5,0.09140800708943667,0.0]
115.0,[-3.7895612573872004e-6,0.0,-0.00022974215122909908,0.14771425564201004,0.0]
116.0,[-1.8947806286936002e-6,0.0,-0.0002312461333531246,0.14779667859935822,0.0]
117.0,[-3.7895612573872004e-6,0.0,-0.00023916868485684972,0.15029778902923377,0.0]
118.0,[-1.8947806286936002e-6,0.0,-0.00023931079340400174,0.1503271581289785,0.0]
119.0,[-2.6526928801710405e-5,0.0,-0.00015994316981959855,0.12194618648209142,0.0]
120.0,[-2.7474319116057203e-5,0.0,-0.00015929183897848514,0.12189786957605973,0.0]
121.0,[-3.7895612573872004e-6,0.0,-0.0002348580589265718,0.14912776199101546,0.0]
122.0,[-4.736951571734001e-6,0.0,-0.00023558044404126122,0.14916376282296065,0.0]
123.0,[-3.7895612573872004e-6,0.0,-0.00023945290195115376,0.1503773698156389,0.0]
124.0,[-3.7895612573872004e-6,0.0,-0.0002395002714668711,0.1503915806703541,0.0]
125.0,[-2.6526928801710405e-5,0.0,-0.00015996685457745724,0.12195092343366315,0.0]
126.0,[-2.8421709430404003e-6,0.0,-0.0002389199948993337,0.15040010718318322,0.0]
127.0,[0.0,0.0,-0.00032810495061615563,0.17712598795090645,0.0]
128.0,[-4.736951571734001e-6,0.0,-0.0002404476617812179,0.15048347753084573,0.0]
129.0,[-2.7474319116057203e-5,0.0,-0.0001632353511619537,0.12318537301325704,0.0]
130.0,[-3.7895612573872004e-6,0.0,-0.00023897920679398038,0.15041716020884147,0.0]
131.0,[-1.8947806286936002e-6,0.0,-0.00023585281875663594,0.1492338697062223,0.0]
132.0,[-1.8947806286936002e-6,0.0,-0.00023964238001402313,0.1504380027957571,0.0]
133.0,[-2.8421709430404003e-6,0.0,-0.00023955948336151778,0.15039537023161148,0.0]
134.0,[-2.5579538487363603e-5,0.0,-0.0001599550121985279,0.12195566038523489,0.0]
135.0,[-2.6526928801710405e-5,0.0,-0.00015929183897848514,0.12190165913731713,0.0]
136.0,[3.7895612573872004e-6,0.0,-0.0003271575603018088,0.17708335538676084,0.0]
137.0,[9.473903143468001e-7,0.0,-0.0003289457595201384,0.1771553570506512,0.0]
138.0,[-2.4632148173016802e-5,0.0,-0.00016380378535056178,0.12322042645488787,0.0]
139.0,[-2.4632148173016802e-5,0.0,-0.00016260770507869893,0.12314653001036882,0.0]
140.0,[-2.6526928801710405e-5,0.0,-0.00015614176618328202,0.12067573607055236,0.0]
141.0,[-3.7895612573872004e-6,0.0,-0.00023497648271586513,0.14917228933578977,0.0]
142.0,[-2.8421709430404003e-6,0.0,-0.00023539096597839187,0.14910502462347114,0.0]
143.0,[-2.5579538487363603e-5,0.0,-0.00015977737651458787,0.12188271133103018,0.0]
144.0,[-6.53699316899292e-5,0.0,-9.425349389857729e-5,0.09286414600258769,0.0]
145.0,[-6.442254137558241e-5,0.0,-9.11744753769502e-5,0.09155390519784606,0.0]
146.0,[-4.736951571734001e-6,0.0,-0.0002299553140498271,0.1477786781833856,0.0]
147.0,[-4.736951571734001e-6,0.0,-0.00023131718762670062,0.14780615250250168,0.0]
148.0,[-2.5579538487363603e-5,0.0,-0.00015952868655707184,0.12180123576399636,0.0]
149.0,[-2.6526928801710405e-5,0.0,-0.00015896025236846376,0.12177755100613769,0.0]
150.0,[-3.7895612573872004e-6,0.0,-0.0002348343741687131,0.14912113025881504,0.0]
151.0,[-3.7895612573872004e-6,0.0,-0.00023555675928340256,0.14915428891981716,0.0]
152.0,[-2.4632148173016802e-5,0.0,-0.00015977737651458787,0.1218789217697728,0.0]
153.0,[-4.736951571734001e-6,0.0,-0.00023869498969967634,0.1503413689836937,0.0]
154.0,[-2.8421709430404003e-6,0.0,-0.00023562781355697857,0.14917039455516107,0.0]
155.0,[-2.8421709430404003e-6,0.0,-0.0002396305376350938,0.15043326584418534,0.0]
156.0,[-3.7895612573872004e-6,0.0,-0.00023954764098258846,0.1503896858897254,0.0]
157.0,[-2.5579538487363603e-5,0.0,-0.00015997869695638656,0.1219518708239775,0.0]
158.0,[-2.5579538487363603e-5,0.0,-0.00015930368135741446,0.12190165913731713,0.0]
159.0,[-2.7474319116057203e-5,0.0,-0.00015592860336255399,0.12060468179697635,0.0]
160.0,[-2.7474319116057203e-5,0.0,-0.00015583386433111931,0.12058762877131811,0.0]
161.0,[-2.8421709430404003e-6,0.0,-0.00023460936896905576,0.1490538655464964,0.0]
162.0,[-2.8421709430404003e-6,0.0,-0.0002354028083573212,0.1491002876718994,0.0]
163.0,[-2.6526928801710405e-5,0.0,-0.0001597536917567292,0.12187418481820106,0.0]
164.0,[-6.25277607468888e-5,0.0,-9.422980914071863e-5,0.09286319861227335,0.0]
165.0,[-6.726471231862281e-5,0.0,-9.11744753769502e-5,0.09155201041721737,0.0]
166.0,[-4.736951571734001e-6,0.0,-0.00022994347167089776,0.14777962557369997,0.0]
167.0,[-2.8421709430404003e-6,0.0,-0.00023129350286884195,0.14780331033155863,0.0]
168.0,[-6.442254137558241e-5,0.0,-9.4490341477164e-5,0.09282814517064251,0.0]
169.0,[-6.442254137558241e-5,0.0,-9.354295116281719e-5,0.09274477482297999,0.0]
170.0,[-2.7474319116057203e-5,0.0,-0.00015185482501086275,0.11923475540243088,0.0]
171.0,[-2.9369099744750805e-5,0.0,-0.00015238773206268283,0.11926033494091824,0.0]
172.0,[-2.6526928801710405e-5,0.0,-0.00015546675058430992,0.12044930978542348,0.0]
173.0,[-2.7474319116057203e-5,0.0,-0.00015554964723681527,0.12046352064013868,0.0]
174.0,[-2.6526928801710405e-5,0.0,-0.00015567991340503795,0.12051846927837079,0.0]
175.0,[-2.8421709430404004e-5,0.0,-0.00015567991340503795,0.12052225883962818,0.0]
176.0,[-5.684341886080801e-6,0.0,-0.00023458568421119708,0.14905102337555337,0.0]
177.0,[0.0,0.0,-0.0003277733640061342,0.17704830194513,0.0]
178.0,[0.0,0.0,-0.00033332743972399237,0.17833485799201296,0.0]
179.0,[-1.8947806286936002e-6,0.0,-0.00024440301634361583,0.15170276886541006,0.0]
180.0,[-2.5579538487363603e-5,0.0,-0.0001634366716037524,0.12325263772557565,0.0]
181.0,[-2.6526928801710405e-5,0.0,-0.0001595168441781425,0.12197745036246486,0.0]
182.0,[-2.7474319116057203e-5,0.0,-0.000156070711909706,0.12066626216740889,0.0]
183.0,[-3.7895612573872004e-6,0.0,-0.00023477516227406645,0.14911923547818634,0.0]
184.0,[-2.8421709430404003e-6,0.0,-0.00023541465073625054,0.14910691940409984,0.0]
185.0,[-2.6526928801710405e-5,0.0,-0.00015974184937779987,0.1218789217697728,0.0]
186.0,[-6.726471231862281e-5,0.0,-9.422980914071863e-5,0.09286509339290204,0.0]
187.0,[-6.726471231862281e-5,0.0,-9.116263299802085e-5,0.09155201041721737,0.0]
188.0,[-2.8421709430404004e-5,0.0,-0.00015181929787407475,0.11922717627991611,0.0]
189.0,[-2.9369099744750805e-5,0.0,-0.00015225746589446015,0.11920538630268612,0.0]
190.0,[-2.5579538487363603e-5,0.0,-0.0001554549082053806,0.12044930978542348,0.0]
191.0,[-2.6526928801710405e-5,0.0,-0.00015551412010002727,0.12046162585950998,0.0]
192.0,[-2.6526928801710405e-5,0.0,-0.00015567991340503795,0.12052036405899949,0.0]
193.0,[-4.736951571734001e-6,0.0,-0.00023457384183226776,0.14904628642398163,0.0]
194.0,[-6.631732200427601e-6,0.0,-0.00023539096597839187,0.14909839289127072,0.0]
195.0,[-2.6526928801710405e-5,0.0,-0.00015974184937779987,0.12187513220851541,0.0]
196.0,[-6.53699316899292e-5,0.0,-9.422980914071863e-5,0.09286509339290204,0.0]
197.0,[-6.726471231862281e-5,0.0,-9.116263299802085e-5,0.09155201041721737,0.0]
198.0,[-4.736951571734001e-6,0.0,-0.0002299553140498271,0.14777962557369997,0.0]
199.0,[-1.8947806286936002e-6,0.0,-0.0002312698181109833,0.14780520511218734,0.0]
200.0,[-2.7474319116057203e-5,0.0,-0.00015950500179921317,0.12180123576399636,0.0]
201.0,[-2.6526928801710405e-5,0.0,-0.0001589365676106051,0.121775656225509,0.0]
202.0,[-2.7474319116057203e-5,0.0,-0.00015589307622576598,0.12059520789383288,0.0]
203.0,[-2.7474319116057203e-5,0.0,-0.00015584570671004866,0.12058478660037507,0.0]
204.0,[-2.8421709430404004e-5,0.0,-0.00015567991340503795,0.12052794318151426,0.0]
205.0,[-2.8421709430404004e-5,0.0,-0.00015570359816289664,0.12052699579119991,0.0]
206.0,[-2.6526928801710405e-5,0.0,-0.0001556917557839673,0.12052415362025687,0.0]
207.0,[-6.53699316899292e-5,0.0,-9.149421960804224e-5,0.09152927304967305,0.0]
208.0,[-6.726471231862281e-5,0.0,-9.10086820719395e-5,0.09147527180175528,0.0]
209.0,[-2.9369099744750805e-5,0.0,-0.00015162981981120538,0.11916275373854052,0.0]
210.0,[-2.9369099744750805e-5,0.0,-0.00015223378113660146,0.11920254413174308,0.0]
211.0,[-6.53699316899292e-5,0.0,-9.135211106089022e-5,0.09145253443421096,0.0]
212.0,[-6.726471231862281e-5,0.0,-9.085473114585815e-5,0.09141179665069404,0.0]
213.0,[-2.7474319116057203e-5,0.0,-0.00015162981981120538,0.11915896417728314,0.0]
214.0,[-2.7474319116057203e-5,0.0,-0.00015219825399981346,0.119196859789857,0.0]
215.0,[-2.8421709430404004e-5,0.0,-0.0001554549082053806,0.12044552022416609,0.0]
216.0,[-6.726471231862281e-5,0.0,-9.138763819767823e-5,0.09146579789861181,0.0]
217.0,[-6.726471231862281e-5,0.0,-9.098499731408083e-5,0.09147053485018355,0.0]
218.0,[-3.7895612573872004e-6,0.0,-0.00022974215122909908,0.14771520303232438,0.0]
219.0,[-6.631732200427601e-6,0.0,-0.0002312698181109833,0.14779952077030126,0.0]
220.0,[-2.5579538487363603e-5,0.0,-0.0001595168441781425,0.12179744620273897,0.0]
221.0,[-2.5579538487363603e-5,0.0,-0.00015896025236846376,0.12177944578676639,0.0]
222.0,[-2.5579538487363603e-5,0.0,-0.00015588123384683666,0.12059615528414723,0.0]
223.0,[-3.7895612573872004e-6,0.0,-0.00023475147751620778,0.14910976157504288,0.0]
224.0,[-3.7895612573872004e-6,0.0,-0.0002354028083573212,0.14910312984284244,0.0]
225.0,[-3.7895612573872004e-6,0.0,-0.00023944105957222445,0.15037452764469586,0.0]
226.0,[-2.6526928801710405e-5,0.0,-0.00015980106127244653,0.12189029045354496,0.0]
227.0,[-2.6526928801710405e-5,0.0,-0.0001593155237363438,0.12189881696637409,0.0]
228.0,[0.0,0.0,-0.0003271575603018088,0.17707767104487476,0.0]
229.0,[-3.7895612573872004e-6,0.0,-0.00023638572580845601,0.14921018494836363,0.0]
230.0,[-2.6526928801710405e-5,0.0,-0.000163140612130519,0.12316737259728444,0.0]
231.0,[-2.5579538487363603e-5,0.0,-0.00015919709994705045,0.12185807918285717,0.0]
232.0,[-3.7895612573872004e-6,0.0,-0.00023503569461051182,0.14918365801956193,0.0]
233.0,[-4.736951571734001e-6,0.0,-0.00023559228642019056,0.14916186804233195,0.0]
234.0,[-5.684341886080801e-6,0.0,-0.00023947658670901245,0.15038210676721062,0.0]
235.0,[-4.736951571734001e-6,0.0,-0.0002395002714668711,0.15039347545098278,0.0]
236.0,[-2.8421709430404004e-5,0.0,-0.00015996685457745724,0.12195281821429185,0.0]
237.0,[-2.6526928801710405e-5,0.0,-0.0001592799965995558,0.12190071174700277,0.0]
238.0,[-2.8421709430404003e-6,0.0,-0.00023484621654764246,0.1491287093813298,0.0]
239.0,[-4.736951571734001e-6,0.0,-0.00023561597117804922,0.14916565760358932,0.0]
240.0,[-2.9369099744750805e-5,0.0,-0.00015973000699887052,0.12187986916008714,0.0]
241.0,[-2.6526928801710405e-5,0.0,-0.00015914973043133312,0.12184292093782761,0.0]
242.0,[-3.7895612573872004e-6,0.0,-0.0002348580589265718,0.14912586721038676,0.0]
243.0,[-4.736951571734001e-6,0.0,-0.0002355330745255439,0.1491609206520176,0.0]
244.0,[-2.6526928801710405e-5,0.0,-0.00015976553413565853,0.12187986916008714,0.0]
245.0,[-2.7474319116057203e-5,0.0,-0.00015913788805240378,0.12184102615719893,0.0]
246.0,[-2.7474319116057203e-5,0.0,-0.00015590491860469532,0.12059994484540462,0.0]
247.0,[-2.8421709430404004e-5,0.0,-0.00015584570671004866,0.12058573399068942,0.0]
248.0,[-2.7474319116057203e-5,0.0,-0.00015566807102610863,0.12052794318151426,0.0]
249.0,[-2.7474319116057203e-5,0.0,-0.00015566807102610863,0.12052699579119991,0.0]
250.0,[-6.631732200427601e-5,0.0,-9.152974674483025e-5,0.0915302204399874,0.0]
251.0,[-6.631732200427601e-5,0.0,-9.09731549351515e-5,0.09147621919206964,0.0]
252.0,[-6.915949294731641e-5,0.0,-8.83678315706978e-5,0.09014797797135542,0.0]
253.0,[-2.8421709430404004e-5,0.0,-0.00015158245029548806,0.11914759549351098,0.0]
254.0,[-5.684341886080801e-6,0.0,-0.00023027505828091915,0.14768962349383702,0.0]
255.0,[-6.726471231862281e-5,0.0,-9.186133335485162e-5,0.09150369351118569,0.0]
256.0,[-6.442254137558241e-5,0.0,-9.349558164709985e-5,0.09272772179732175,0.0]
257.0,[-6.915949294731641e-5,0.0,-8.837967394962713e-5,0.09015839926481323,0.0]
258.0,[-6.915949294731641e-5,0.0,-8.842704346534447e-5,0.09019061053550102,0.0]
259.0,[-3.12638803734444e-5,0.0,-0.00015141665699047735,0.11908790990370713,0.0]
260.0,[-3.0316490059097603e-5,0.0,-0.00015207983021052013,0.1191400163709962,0.0]
261.0,[-2.7474319116057203e-5,0.0,-0.0001554549082053806,0.12044552022416609,0.0]
262.0,[-2.5579538487363603e-5,0.0,-0.00015546675058430992,0.12045878368856694,0.0]
263.0,[-3.7895612573872004e-6,0.0,-0.00023455015707440907,0.1490453390336673,0.0]
264.0,[-7.579122514774401e-6,0.0,-0.0002353672812205332,0.14909460333001331,0.0]
265.0,[-1.8000415972589202e-5,0.0,-0.00015974184937779987,0.12187323742788672,0.0]
266.0,[-2.6526928801710405e-5,0.0,-0.00015916157281026244,0.12183723659594153,0.0]
267.0,[-2.4632148173016802e-5,0.0,-0.00015589307622576598,0.12059899745509027,0.0]
268.0,[-2.7474319116057203e-5,0.0,-0.00015578649481540197,0.12058383921006072,0.0]
269.0,[-2.8421709430404004e-5,0.0,-0.00015567991340503795,0.12052510101057122,0.0]
270.0,[-3.12638803734444e-5,0.0,-0.00015567991340503795,0.12052699579119991,0.0]
271.0,[-2.8421709430404004e-5,0.0,-0.0001556917557839673,0.12052510101057122,0.0]
272.0,[-2.3684757858670004e-5,0.0,-0.0001556917557839673,0.12052036405899949,0.0]
273.0,[-9.473903143468001e-7,0.0,-0.00023457384183226776,0.14904912859492467,0.0]
274.0,[-5.684341886080801e-6,0.0,-0.0002354028083573212,0.14909744550095635,0.0]
275.0,[-2.5579538487363603e-5,0.0,-0.00015977737651458787,0.12187513220851541,0.0]
276.0,[-2.5579538487363603e-5,0.0,-0.00015907867615775711,0.12183818398625589,0.0]
277.0,[-2.9369099744750805e-5,0.0,-0.00015589307622576598,0.12059805006477592,0.0]
278.0,[-2.4632148173016802e-5,0.0,-0.00015586939146790732,0.1205914183325755,0.0]
279.0,[-2.8421709430404003e-6,0.0,-0.00023462121134798508,0.1490538655464964,0.0]
280.0,[-4.736951571734001e-6,0.0,-0.00023537912359946253,0.14910123506221376,0.0]
281.0,[-2.6526928801710405e-5,0.0,-0.00015978921889351721,0.12187513220851541,0.0]
282.0,[-2.2737367544323203e-5,0.0,-0.00015909051853668643,0.12183913137657024,0.0]
283.0,[-9.473903143468001e-7,0.0,-0.00023481068941085445,0.14912681460070112,0.0]
284.0,[-5.684341886080801e-6,0.0,-0.00023561597117804922,0.1491590258713889,0.0]
285.0,[-2.7474319116057203e-5,0.0,-0.0001597181646199412,0.1218770269891441,0.0]
286.0,[-2.5579538487363603e-5,0.0,-0.00015916157281026244,0.12183818398625589,0.0]
287.0,[-2.7474319116057203e-5,0.0,-0.00015591676098362467,0.12059710267446158,0.0]
288.0,[-2.5579538487363603e-5,0.0,-0.00015588123384683666,0.1205895235519468,0.0]
289.0,[-2.9369099744750805e-5,0.0,-0.00015567991340503795,0.12052604840088557,0.0]
290.0,[-2.4632148173016802e-5,0.0,-0.00015566807102610863,0.12052794318151426,0.0]
291.0,[-2.7474319116057203e-5,0.0,-0.00015566807102610863,0.12051941666868514,0.0]
292.0,[-2.8421709430404004e-5,0.0,-0.00015564438626824995,0.12052036405899949,0.0]
293.0,[-2.7474319116057203e-5,0.0,-0.0001556562286471793,0.12052415362025687,0.0]
294.0,[-4.736951571734001e-6,0.0,-0.00023458568421119708,0.149047233814296,0.0]
295.0,[-1.8947806286936002e-6,0.0,-0.0002353672812205332,0.14909649811064202,0.0]
296.0,[-2.5579538487363603e-5,0.0,-0.00015970632224101186,0.12187797437945845,0.0]
297.0,[-2.7474319116057203e-5,0.0,-0.00015907867615775711,0.12183913137657024,0.0]
298.0,[-2.5579538487363603e-5,0.0,-0.00015595228812041267,0.12060278701634766,0.0]
299.0,[-3.7895612573872004e-6,0.0,-0.0002347633198951371,0.14911070896535722,0.0]
300.0,[-4.736951571734001e-6,0.0,-0.00023537912359946253,0.14910312984284244,0.0]
301.0,[-6.82121026329696e-5,0.0,-9.470350429789202e-5,0.09290772595704765,0.0]
302.0,[-0.00011463422803596282,0.0,-4.494182803682634e-5,0.06346946671934953,0.0]
303.0,[-6.915949294731641e-5,0.0,-8.800071782388841e-5,0.09016976794858539,0.0]
304.0,[-1.8947806286936002e-6,0.0,-0.00022588153569813585,0.14647127954958702,0.0]
305.0,[-3.0316490059097603e-5,0.0,-0.00015273116105163353,0.11917791198357007,0.0]
306.0,[-6.25277607468888e-5,0.0,-9.387453777283858e-5,0.09271161616197786,0.0]
307.0,[-2.8421709430404004e-5,0.0,-0.00015491015877463118,0.12041709851473568,0.0]
308.0,[-2.9369099744750805e-5,0.0,-0.00015247062871518818,0.11926980884406171,0.0]
309.0,[-2.6526928801710405e-5,0.0,-0.00015570359816289664,0.12050425842365559,0.0]
310.0,[-2.9369099744750805e-5,0.0,-0.0001554904353421686,0.12046541542076737,0.0]
311.0,[-6.726471231862281e-5,0.0,-9.147053485018357e-5,0.09152927304967305,0.0]
312.0,[-6.726471231862281e-5,0.0,-9.099683969301017e-5,0.0914733770211266,0.0]
313.0,[-2.9369099744750805e-5,0.0,-0.00015165350456906407,0.11916559590948356,0.0]
314.0,[-2.8421709430404004e-5,0.0,-0.00015225746589446015,0.11920159674142874,0.0]
315.0,[-2.2737367544323203e-5,0.0,-0.00015544306582645126,0.12044646761448044,0.0]
316.0,[-2.0842586915629603e-5,0.0,-0.00015551412010002727,0.12046257324982433,0.0]
317.0,[-2.9369099744750805e-5,0.0,-0.0001556562286471793,0.12051941666868514,0.0]
318.0,[-2.5579538487363603e-5,0.0,-0.0001556917557839673,0.12052131144931383,0.0]
319.0,[-5.684341886080801e-6,0.0,-0.00023459752659012642,0.149047233814296,0.0]
320.0,[-6.631732200427601e-6,0.0,-0.00023537912359946253,0.14909839289127072,0.0]
321.0,[-6.347515106123561e-5,0.0,-9.467981954003335e-5,0.09290014683453288,0.0]
322.0,[-6.53699316899292e-5,0.0,-9.370874446782788e-5,0.09281014475466992,0.0]
323.0,[-2.8421709430404003e-6,0.0,-0.00023000268356554443,0.14778909947684343,0.0]
324.0,[-7.579122514774401e-6,0.0,-0.00023147113855278198,0.1478554167988477,0.0]
325.0,[-6.915949294731641e-5,0.0,-9.454955337181067e-5,0.09283288212221424,0.0]
326.0,[-6.442254137558241e-5,0.0,-9.355479354174653e-5,0.09274761699392303,0.0]
327.0,[-2.7474319116057203e-5,0.0,-0.0001518429826319334,0.11923854496368827,0.0]
328.0,[-2.4632148173016802e-5,0.0,-0.00015237588968375348,0.11925844016028955,0.0]
329.0,[-2.7474319116057203e-5,0.0,-0.00015546675058430992,0.12045404673699521,0.0]
330.0,[-3.0316490059097603e-5,0.0,-0.00015551412010002727,0.12046257324982433,0.0]
331.0,[-3.0316490059097603e-5,0.0,-0.00015562070151039128,0.12051941666868514,0.0]
332.0,[-2.4632148173016802e-5,0.0,-0.00015567991340503795,0.12052131144931383,0.0]
333.0,[-2.4632148173016802e-5,0.0,-0.00015567991340503795,0.12051941666868514,0.0]
334.0,[-1.8947806286936002e-6,0.0,-0.00023462121134798508,0.14904628642398163,0.0]
335.0,[-5.684341886080801e-6,0.0,-0.00023535543884160387,0.14909555072032768,0.0]
336.0,[-2.6526928801710405e-5,0.0,-0.00015973000699887052,0.12187986916008714,0.0]
337.0,[-2.4632148173016802e-5,0.0,-0.00015911420329454512,0.12184007876688457,0.0]
338.0,[-2.8421709430404004e-5,0.0,-0.00015584570671004866,0.12059994484540462,0.0]
339.0,[-9.473903143468001e-7,0.0,-0.00023473963513727844,0.14911165635567156,0.0]
340.0,[-5.684341886080801e-6,0.0,-0.0002353672812205332,0.1491002876718994,0.0]
341.0,[-2.8421709430404004e-5,0.0,-0.00015973000699887052,0.1218789217697728,0.0]
342.0,[-6.347515106123561e-5,0.0,-9.421796676178928e-5,0.092862251221959,0.0]
343.0,[-2.3684757858670004e-5,0.0,-0.00015524174538465257,0.1205487857684299,0.0]
344.0,[-6.631732200427601e-6,0.0,-0.0002307013839223752,0.14782983726036034,0.0]
345.0,[-6.726471231862281e-5,0.0,-9.199159952307431e-5,0.09157285300413301,0.0]
346.0,[-6.442254137558241e-5,0.0,-9.349558164709985e-5,0.09273435352952218,0.0]
347.0,[-6.915949294731641e-5,0.0,-8.842704346534447e-5,0.09016124143575627,0.0]
348.0,[-2.8421709430404004e-5,0.0,-0.0001517008740847814,0.11920633369300047,0.0]
349.0,[-6.631732200427601e-6,0.0,-0.00023031058541770716,0.14769151827446572,0.0]
350.0,[-2.5579538487363603e-5,0.0,-0.00015615360856221136,0.12049762669145517,0.0]
351.0,[-2.5579538487363603e-5,0.0,-0.0001589010404738171,0.12175576102890771,0.0]
352.0,[-2.9369099744750805e-5,0.0,-0.00015573912529968464,0.12053268013308599,0.0]
353.0,[-2.4632148173016802e-5,0.0,-0.0001557983371943313,0.12058383921006072,0.0]
354.0,[-6.631732200427601e-6,0.0,-0.00023457384183226776,0.14905291815618207,0.0]
355.0,[-4.736951571734001e-6,0.0,-0.00023537912359946253,0.14909839289127072,0.0]
356.0,[-6.442254137558241e-5,0.0,-9.47271890557507e-5,0.09290298900547592,0.0]
357.0,[-6.53699316899292e-5,0.0,-9.370874446782788e-5,0.09281109214498427,0.0]
358.0,[-2.6526928801710405e-5,0.0,-0.00015187850976872141,0.11924233452494565,0.0]
359.0,[-2.8421709430404004e-5,0.0,-0.0001524114168205415,0.11926507189248997,0.0]
360.0,[-2.9369099744750805e-5,0.0,-0.00015550227772109793,0.12045215195636652,0.0]
361.0,[-2.6526928801710405e-5,0.0,-0.0001554904353421686,0.12046257324982433,0.0]
362.0,[-2.6526928801710405e-5,0.0,-0.00015564438626824995,0.1205165744977421,0.0]
363.0,[-2.7474319116057203e-5,0.0,-0.0001556562286471793,0.12052131144931383,0.0]
364.0,[-2.4632148173016802e-5,0.0,-0.00015566807102610863,0.12052036405899949,0.0]
365.0,[-2.4632148173016802e-5,0.0,-0.00015567991340503795,0.12052415362025687,0.0]
366.0,[-2.5579538487363603e-5,0.0,-0.0001556917557839673,0.12052131144931383,0.0]
367.0,[-6.726471231862281e-5,0.0,-9.152974674483025e-5,0.09153211522061609,0.0]
368.0,[-2.6526928801710405e-5,0.0,-0.00015502858256392454,0.1204701523723391,0.0]
369.0,[-1.8947806286936002e-6,0.0,-0.0002305000634805765,0.1477663621092991,0.0]
370.0,[-2.8421709430404004e-5,0.0,-0.00015627203235150472,0.12055825967157335,0.0]
371.0,[-2.4632148173016802e-5,0.0,-0.0001588418285791704,0.12176334015142248,0.0]
372.0,[-3.12638803734444e-5,0.0,-0.00015573912529968464,0.12053362752340034,0.0]
373.0,[-2.4632148173016802e-5,0.0,-0.00015585754908897798,0.12058289181974638,0.0]
374.0,[-1.8947806286936002e-6,0.0,-0.00023459752659012642,0.14905102337555337,0.0]
375.0,[-5.684341886080801e-6,0.0,-0.00023537912359946253,0.14909839289127072,0.0]
376.0,[-2.3684757858670004e-5,0.0,-0.00015977737651458787,0.12187134264725802,0.0]
377.0,[-2.7474319116057203e-5,0.0,-0.00015913788805240378,0.12183818398625589,0.0]
378.0,[-3.12638803734444e-5,0.0,-0.00015590491860469532,0.12059994484540462,0.0]
379.0,[-1.8947806286936002e-6,0.0,-0.0003270865060282328,0.1770644075804739,0.0]
380.0,[0.0,0.0,-0.00032872075432048103,0.177094724070533,0.0]
381.0,[-1.6105635343895603e-5,0.0,-0.00016383931248734979,0.12321189994205875,0.0]
382.0,[-2.4632148173016802e-5,0.0,-0.00016257217794191092,0.12314558262005447,0.0]
383.0,[-2.5579538487363603e-5,0.0,-0.00015615360856221136,0.12067478868023801,0.0]
384.0,[-2.6526928801710405e-5,0.0,-0.000155964130499342,0.12064920914175065,0.0]
385.0,[-2.6526928801710405e-5,0.0,-0.00015570359816289664,0.12053362752340034,0.0]
386.0,[-2.7474319116057203e-5,0.0,-0.00015566807102610863,0.12052983796214295,0.0]
387.0,[-2.2737367544323203e-5,0.0,-0.00015571544054182596,0.12052225883962818,0.0]
388.0,[-2.6526928801710405e-5,0.0,-0.00015564438626824995,0.12052036405899949,0.0]
389.0,[-2.7474319116057203e-5,0.0,-0.00015571544054182596,0.12052036405899949,0.0]
390.0,[-2.7474319116057203e-5,0.0,-0.00015571544054182596,0.12052415362025687,0.0]
391.0,[-0.00011937117960769682,0.0,-4.341416115494212e-5,0.06217817372089484,0.0]
392.0,[-0.00011747639897900322,0.0,-4.2668091282394016e-5,0.06206353949285887,0.0]
393.0,[-7.105427357601e-5,0.0,-8.522960115442402e-5,0.08875910377052301,0.0]
394.0,[-5.684341886080801e-6,0.0,-0.0002255617914670438,0.14639833049538234,0.0]
395.0,[1.8947806286936002e-6,0.0,-0.00032247982062472147,0.17564616427989674,0.0]
396.0,[-6.82121026329696e-5,0.0,-9.488113998183205e-5,0.09281488170624166,0.0]
397.0,[-6.347515106123561e-5,0.0,-9.621932880084691e-5,0.0940483838955212,0.0]
398.0,[-6.915949294731641e-5,0.0,-8.859283677035516e-5,0.09023229570933228,0.0]
399.0,[-6.82121026329696e-5,0.0,-8.855730963356716e-5,0.09025313829624791,0.0]
400.0,[-0.0001222133505507372,0.0,-4.108121250586313e-5,0.06070592917239991,0.0]
401.0,[-0.0001222133505507372,0.0,-4.071409875905374e-5,0.060646243582596064,0.0]
402.0,[-7.294905420470361e-5,0.0,-8.505196547048399e-5,0.08867668081317484,0.0]
403.0,[-7.294905420470361e-5,0.0,-8.554934538551606e-5,0.08871362903543437,0.0]
404.0,[-4.736951571734001e-6,0.0,-0.000229244771314067,0.14756077841108586,0.0]
405.0,[-3.7895612573872004e-6,0.0,-0.00023084349246952723,0.14767351785849311,0.0]
406.0,[-6.53699316899292e-5,0.0,-9.453771099288133e-5,0.09281867126749904,0.0]
407.0,[-6.726471231862281e-5,0.0,-9.355479354174653e-5,0.09273909048109391,0.0]
408.0,[-5.684341886080801e-6,0.0,-0.00023000268356554443,0.14778909947684343,0.0]
409.0,[1.8947806286936002e-6,0.0,-0.00032323773287619895,0.17583943190402349,0.0]
410.0,[-2.5579538487363603e-5,0.0,-0.00016023922929283194,0.12185334223128544,0.0]
411.0,[-6.063298011819521e-5,0.0,-9.679960536838432e-5,0.09411564860783982,0.0]
412.0,[-6.726471231862281e-5,0.0,-9.12100025137382e-5,0.09156527388161823,0.0]
413.0,[-3.0316490059097603e-5,0.0,-0.00015194956404229742,0.11928401969877692,0.0]
414.0,[-5.684341886080801e-6,0.0,-0.0002305000634805765,0.1477540460352126,0.0]
415.0,[-9.473903143468001e-7,0.0,-0.0002351304336419465,0.14902639122738034,0.0]
416.0,[-2.8421709430404003e-6,0.0,-0.00023927526626721374,0.1503110524936346,0.0]
417.0,[-3.7895612573872004e-6,0.0,-0.00023947658670901245,0.15038305415752498,0.0]
418.0,[-5.684341886080801e-6,0.0,-0.00023965422239295248,0.15044558191827187,0.0]
419.0,[2.8421709430404003e-6,0.0,-0.0003327353207775256,0.17836517448207206,0.0]
420.0,[-0.001179500941361766,0.0,-0.0007771442748586803,0.2706267802447352,0.0]
421.0,[-0.0010080232944649954,0.0,-0.0006606981628465292,0.2481508924271717,0.0]
422.0,[-0.0005295911857198613,0.0,-0.00025104659092297277,0.1500817840375627,0.0]
423.0,[-5.589602854646121e-5,0.0,-0.00010561033529180956,0.0981600578597863,0.0]
424.0,[-0.00011463422803596282,0.0,-4.5569474120081096e-5,0.06388347628671907,0.0]
425.0,[-0.0001222133505507372,0.0,-4.129437532659116e-5,0.061053621417765186,0.0]
426.0,[-0.0001250555214937776,0.0,-3.912721998252285e-5,0.05944590005431867,0.0]
427.0,[-0.0001250555214937776,0.0,-3.8890372403936155e-5,0.05929431760402318,0.0]
428.0,[-0.00012410813117943081,0.0,-3.87719486146428e-5,0.05921663159824674,0.0]
429.0,[-7.200166389035681e-5,0.0,-8.486248740761464e-5,0.08859425785582667,0.0]
430.0,[-2.9369099744750805e-5,0.0,-0.0001478402585538182,0.11768766701910255,0.0]
431.0,[-6.82121026329696e-5,0.0,-8.849809773892048e-5,0.09003618591426249,0.0]
432.0,[-6.82121026329696e-5,0.0,-9.065341070405945e-5,0.09132274196114545,0.0]
433.0,[-2.5579538487363603e-5,0.0,-0.0001514995536429827,0.11909454163590755,0.0]
434.0,[-2.8421709430404004e-5,0.0,-0.00015223378113660146,0.11919022805765658,0.0]
435.0,[-2.6526928801710405e-5,0.0,-0.0001554549082053806,0.1204436254435374,0.0]
436.0,[-0.00011747639897900322,0.0,-4.3295737365648776e-5,0.062110909008576215,0.0]
437.0,[-0.00011747639897900322,0.0,-4.264440652453535e-5,0.06205974993160149,0.0]
438.0,[-4.736951571734001e-6,0.0,-0.00022493414538378906,0.14637464573752365,0.0]
439.0,[-7.579122514774401e-6,0.0,-0.00022719603975929203,0.14649401691713135,0.0]
440.0,[-2.6526928801710405e-5,0.0,-0.0001593155237363438,0.12171881280664819,0.0]
441.0,[-2.3684757858670004e-5,0.0,-0.00015885367095809974,0.12171407585507646,0.0]
442.0,[-2.6526928801710405e-5,0.0,-0.00015584570671004866,0.1205914183325755,0.0]
443.0,[-4.736951571734001e-6,0.0,-0.00023473963513727844,0.14910597201378548,0.0]
444.0,[4.736951571734001e-6,0.0,-0.0003278681030375689,0.17705398628701607,0.0]
445.0,[-1.8947806286936002e-6,0.0,-0.0002402108142026312,0.15042473933135622,0.0]
446.0,[-2.5579538487363603e-5,0.0,-0.0001631998240251657,0.1231787412810566,0.0]
447.0,[-2.4632148173016802e-5,0.0,-0.00015933920849420247,0.12191302782108929,0.0]
448.0,[-2.6526928801710405e-5,0.0,-0.000156035184772918,0.12066626216740889,0.0]
449.0,[-3.7895612573872004e-6,0.0,-0.0002347633198951371,0.14911923547818634,0.0]
450.0,[0.0,0.0,-0.0002354028083573212,0.1491002876718994,0.0]
451.0,[-2.4632148173016802e-5,0.0,-0.00015980106127244653,0.12188081655040149,0.0]
452.0,[-2.5579538487363603e-5,0.0,-0.00015913788805240378,0.12183818398625589,0.0]
453.0,[-4.736951571734001e-6,0.0,-0.00023488174368443046,0.14912586721038676,0.0]
454.0,[-9.473903143468001e-7,0.0,-0.0003280338963425796,0.17710609275430517,0.0]
455.0,[-9.473903143468001e-7,0.0,-0.0002402108142026312,0.15042473933135622,0.0]
456.0,[-6.063298011819521e-5,0.0,-9.747462096735642e-5,0.09423217761650447,0.0]
457.0,[-6.631732200427601e-5,0.0,-9.387453777283858e-5,0.09288404119918897,0.0]
458.0,[-2.8421709430404004e-5,0.0,-0.00015203246069480278,0.1193020201147495,0.0]
459.0,[-4.736951571734001e-6,0.0,-0.00023073691105916322,0.1478165737959595,0.0]
460.0,[-5.684341886080801e-6,0.0,-0.0002351304336419465,0.14903397034989513,0.0]
461.0,[-2.5579538487363603e-5,0.0,-0.0001595523713149305,0.12181449922839721,0.0]
462.0,[-2.6526928801710405e-5,0.0,-0.00015905499139989843,0.1218343944249985,0.0]
463.0,[-2.9369099744750805e-5,0.0,-0.00015591676098362467,0.12059710267446158,0.0]
464.0,[-9.473903143468001e-7,0.0,-0.0002347633198951371,0.14911165635567156,0.0]
465.0,[-1.8947806286936002e-6,0.0,-0.0002353672812205332,0.1491040772331568,0.0]
466.0,[-2.4632148173016802e-5,0.0,-0.00015973000699887052,0.12187607959882976,0.0]
467.0,[-6.442254137558241e-5,0.0,-9.422980914071863e-5,0.09286130383164465,0.0]
468.0,[-6.631732200427601e-5,0.0,-9.118631775587953e-5,0.09155201041721737,0.0]
469.0,[-3.7895612573872004e-6,0.0,-0.00022994347167089776,0.14777583601244257,0.0]
470.0,[-5.684341886080801e-6,0.0,-0.0002312816604899126,0.14780615250250168,0.0]
471.0,[-2.7474319116057203e-5,0.0,-0.00015952868655707184,0.12180123576399636,0.0]
472.0,[-2.7474319116057203e-5,0.0,-0.00015898393712632242,0.12177660361582335,0.0]
473.0,[-2.2737367544323203e-5,0.0,-0.00015588123384683666,0.12059426050351854,0.0]
474.0,[-2.6526928801710405e-5,0.0,-0.00015585754908897798,0.12058478660037507,0.0]
475.0,[-2.6526928801710405e-5,0.0,-0.00015563254388932063,0.12052794318151426,0.0]
476.0,[-2.7474319116057203e-5,0.0,-0.00015570359816289664,0.12053173274277165,0.0]
477.0,[-2.9369099744750805e-5,0.0,-0.00015573912529968464,0.12052320622994253,0.0]
478.0,[-2.6526928801710405e-5,0.0,-0.0001556917557839673,0.12052036405899949,0.0]
479.0,[-2.4632148173016802e-5,0.0,-0.00015570359816289664,0.1205307853524573,0.0]
480.0,[-6.631732200427601e-5,0.0,-9.154158912375958e-5,0.09153211522061609,0.0]
481.0,[-0.00011842378929335001,0.0,-4.3011520271344736e-5,0.062119435521405336,0.0]
482.0,[-7.010688326166321e-5,0.0,-8.783492451887773e-5,0.09009397672343765,0.0]
483.0,[-3.2211270687791206e-5,0.0,-0.0001482192146795569,0.117836407298455,0.0]
484.0,[-4.736951571734001e-6,0.0,-0.00023018031924948446,0.14767541263912182,0.0]
485.0,[-4.736951571734001e-6,0.0,-0.00023494095557907713,0.14896102129569042,0.0]
486.0,[-2.9369099744750805e-5,0.0,-0.00015952868655707184,0.12180692010588244,0.0]
487.0,[-6.442254137558241e-5,0.0,-9.421796676178928e-5,0.09285372470912988,0.0]
488.0,[-2.7474319116057203e-5,0.0,-0.00015518253349000588,0.12054310142654381,0.0]
489.0,[0.0,0.0,-0.00032245613586686284,0.1758091154139644,0.0]
490.0,[-8.5265128291212e-6,0.0,-0.00023605413919843463,0.14913344633290154,0.0]
491.0,[-6.25277607468888e-5,0.0,-9.727330052555772e-5,0.09415449161072803,0.0]
492.0,[-6.442254137558241e-5,0.0,-9.376795636247456e-5,0.09282056604812775,0.0]
493.0,[-2.8421709430404003e-6,0.0,-0.0002301921616284138,0.14784783767633294,0.0]
494.0,[-2.8421709430404003e-6,0.0,-0.0003232969447708456,0.17584227407496653,0.0]
495.0,[-5.684341886080801e-6,0.0,-0.00023996212424511518,0.15034989549652283,0.0]
496.0,[-2.5579538487363603e-5,0.0,-0.00016302218834122567,0.12311905569125275,0.0]
497.0,[-6.631732200427601e-5,0.0,-9.439560244572931e-5,0.09293330549553501,0.0]
498.0,[-2.6526928801710405e-5,0.0,-0.0001553956963107339,0.12060847135823374,0.0]
499.0,[-5.684341886080801e-6,0.0,-0.00023072506868023387,0.1478307846506747,0.0]
500.0,[-2.6526928801710405e-5,0.0,-0.00015633124424615138,0.12056489140377379,0.0]
501.0,[-2.5579538487363603e-5,0.0,-0.0001589010404738171,0.12176239276110815,0.0]
502.0,[-6.726471231862281e-5,0.0,-9.154158912375958e-5,0.09154537868501694,0.0]
503.0,[-6.915949294731641e-5,0.0,-9.113894824016219e-5,0.09153401000124478,0.0]
504.0,[-3.7895612573872004e-6,0.0,-0.0002297539936080284,0.14771709781295309,0.0]
505.0,[-2.8421709430404003e-6,0.0,-0.0002312461333531246,0.14779952077030126,0.0]
506.0,[-3.12638803734444e-5,0.0,-0.00015950500179921317,0.12180597271556809,0.0]
507.0,[-2.7474319116057203e-5,0.0,-0.0001589365676106051,0.12177944578676639,0.0]
508.0,[-2.8421709430404004e-5,0.0,-0.00015591676098362467,0.12060089223571896,0.0]
509.0,[-2.3684757858670004e-5,0.0,-0.00015581017957326065,0.12058478660037507,0.0]
510.0,[-2.7474319116057203e-5,0.0,-0.00015571544054182596,0.12052604840088557,0.0]
511.0,[-2.5579538487363603e-5,0.0,-0.0001557272829207553,0.12052604840088557,0.0]
512.0,[-2.9369099744750805e-5,0.0,-0.00015567991340503795,0.12052604840088557,0.0]
513.0,[-2.8421709430404004e-5,0.0,-0.00015563254388932063,0.12052131144931383,0.0]
514.0,[-2.7474319116057203e-5,0.0,-0.0001556917557839673,0.12053268013308599,0.0]
515.0,[-2.5579538487363603e-5,0.0,-0.00015564438626824995,0.12052036405899949,0.0]
516.0,[-3.6000831945178405e-5,0.0,-0.00015564438626824995,0.12052320622994253,0.0]
517.0,[-6.726471231862281e-5,0.0,-9.137579581874888e-5,0.09152737826904436,0.0]
518.0,[-2.9369099744750805e-5,0.0,-0.0001550167401849952,0.12047394193359649,0.0]
519.0,[-1.1368683772161601e-5,0.0,-0.00023054743299629385,0.14776162515772737,0.0]
520.0,[-3.505344163083161e-5,0.0,-0.00015628387473043404,0.12055825967157335,0.0]
521.0,[-2.5579538487363603e-5,0.0,-0.00015892472523167575,0.1217595505901651,0.0]
522.0,[-5.968558980384841e-5,0.0,-9.149421960804224e-5,0.0915463260753313,0.0]
523.0,[-6.442254137558241e-5,0.0,-9.116263299802085e-5,0.09153495739155913,0.0]
524.0,[-3.7895612573872004e-6,0.0,-0.00022977767836588708,0.14771709781295309,0.0]
525.0,[-9.473903143468002e-6,0.0,-0.0002312698181109833,0.1478004681606156,0.0]
526.0,[-7.294905420470361e-5,0.0,-9.4490341477164e-5,0.0928300399512712,0.0]
527.0,[-0.00011368683772161602,0.0,-4.4811561868603654e-5,0.06340504417797395,0.0]
528.0,[-6.915949294731641e-5,0.0,-8.797703306602975e-5,0.09016408360669931,0.0]
529.0,[-2.3684757858670004e-5,0.0,-0.0001483850079845676,0.11789325071731581,0.0]
530.0,[-6.726471231862281e-5,0.0,-8.865204866500184e-5,0.09011292452972458,0.0]
531.0,[-6.53699316899292e-5,0.0,-9.067709546191813e-5,0.091337900206175,0.0]
532.0,[-6.915949294731641e-5,0.0,-8.823756540247511e-5,0.0900807132590368,0.0]
533.0,[-7.200166389035681e-5,0.0,-8.83323044339098e-5,0.09012618799412545,0.0]
534.0,[-2.9369099744750805e-5,0.0,-0.0001513929722326187,0.11908412034244974,0.0]
535.0,[-2.7474319116057203e-5,0.0,-0.00015212719972623745,0.11913527941942446,0.0]
536.0,[-2.7474319116057203e-5,0.0,-0.00015540753868966325,0.12044457283385174,0.0]
537.0,[-2.2737367544323203e-5,0.0,-0.0001554904353421686,0.1204559415176239,0.0]
538.0,[-2.4632148173016802e-5,0.0,-0.00015564438626824995,0.12051562710742775,0.0]
539.0,[-4.736951571734001e-6,0.0,-0.00023459752659012642,0.1490415494724099,0.0]
540.0,[-3.3158661002138004e-5,0.0,-0.00015644966803544474,0.12057436530691726,0.0]
541.0,[-6.53699316899292e-5,0.0,-9.414691248821327e-5,0.0928480403672438,0.0]
542.0,[-2.5579538487363603e-5,0.0,-0.00015521806062679389,0.1204843632270543,0.0]
543.0,[-2.2737367544323203e-5,0.0,-0.00015252984060983485,0.11927928274720517,0.0]
544.0,[-3.0316490059097603e-5,0.0,-0.00015559701675253262,0.12050899537522733,0.0]
545.0,[-2.8421709430404003e-6,0.0,-0.00023446726042190374,0.14899417995669256,0.0]
546.0,[-2.8421709430404004e-5,0.0,-0.0001564378256565154,0.12057436530691726,0.0]
547.0,[-5.684341886080801e-5,0.0,-9.413507010928394e-5,0.0928480403672438,0.0]
548.0,[-2.3684757858670004e-5,0.0,-0.00015514700635321788,0.12048910017862605,0.0]
549.0,[-5.684341886080801e-6,0.0,-0.00023081980771166855,0.1478307846506747,0.0]
550.0,[-1.0421293457814802e-5,0.0,-0.00023530806932588652,0.14908228725592682,0.0]
551.0,[-2.8421709430404004e-5,0.0,-0.0001595878984517185,0.12181449922839721,0.0]
552.0,[-5.7790809175154806e-5,0.0,-9.426533627750663e-5,0.092862251221959,0.0]
553.0,[-6.442254137558241e-5,0.0,-9.113894824016219e-5,0.0915463260753313,0.0]
554.0,[-5.684341886080801e-6,0.0,-0.0002299553140498271,0.1477843625252717,0.0]
555.0,[-9.473903143468001e-7,0.0,-0.00023112770956383127,0.14780425772187297,0.0]
556.0,[-7.010688326166321e-5,0.0,-9.465613478217469e-5,0.09282719778032816,0.0]
557.0,[-6.631732200427601e-5,0.0,-9.36140054363932e-5,0.09274856438423738,0.0]
558.0,[-2.4632148173016802e-5,0.0,-0.00015191403690550942,0.11923380801211653,0.0]
559.0,[-2.7474319116057203e-5,0.0,-0.00015236404730482417,0.11926317711186128,0.0]
560.0,[-2.8421709430404004e-5,0.0,-0.00015547859296323926,0.12044741500479478,0.0]
561.0,[-1.8000415972589202e-5,0.0,-0.00015552596247895661,0.12046257324982433,0.0]
562.0,[-7.579122514774402e-5,0.0,-9.154158912375958e-5,0.09152737826904436,0.0]
563.0,[-6.347515106123561e-5,0.0,-9.096131255622217e-5,0.09147242963081224,0.0]
564.0,[-3.7895612573872004e-6,0.0,-0.00022974215122909908,0.14771615042263872,0.0]
565.0,[-1.8947806286936002e-6,0.0,-0.00023129350286884195,0.14779667859935822,0.0]
566.0,[-2.6526928801710405e-5,0.0,-0.00015946947466242517,0.12179555142211028,0.0]
567.0,[-6.442254137558241e-5,0.0,-9.40166463199906e-5,0.09279688129026907,0.0]
568.0,[-3.0316490059097603e-5,0.0,-0.00015519437586893522,0.1205487857684299,0.0]
569.0,[-7.579122514774401e-6,0.0,-0.00023074875343809254,0.14782036335721688,0.0]
570.0,[-2.6526928801710405e-5,0.0,-0.0001562009780779287,0.12055541750063031,0.0]
571.0,[-2.0842586915629603e-5,0.0,-0.00015892472523167575,0.12177091927393727,0.0]
572.0,[-7.484383483339721e-5,0.0,-9.150606198697157e-5,0.09155106302690302,0.0]
573.0,[-6.53699316899292e-5,0.0,-9.110342110337419e-5,0.09153874695281652,0.0]
574.0,[-2.8421709430404003e-6,0.0,-0.0002297539936080284,0.14771425564201004,0.0]
575.0,[-1.4210854715202002e-5,0.0,-0.00023125797573205395,0.14780899467344472,0.0]
576.0,[-6.347515106123561e-5,0.0,-9.454955337181067e-5,0.09282719778032816,0.0]
577.0,[-5.873819948950161e-5,0.0,-9.35784782996052e-5,0.09274572221329434,0.0]
578.0,[9.473903143468001e-7,0.0,-0.00023005005308126178,0.1477928890381008,0.0]
579.0,[-8.5265128291212e-6,0.0,-0.00023145929617385264,0.1478573115794764,0.0]
580.0,[-2.6526928801710405e-5,0.0,-0.00015944578990456648,0.12179744620273897,0.0]
581.0,[-2.3684757858670004e-5,0.0,-0.00015892472523167575,0.12177376144488031,0.0]
582.0,[-2.3684757858670004e-5,0.0,-0.00015583386433111931,0.12059994484540462,0.0]
583.0,[-3.505344163083161e-5,0.0,-0.00015583386433111931,0.12058289181974638,0.0]
584.0,[-2.8421709430404003e-6,0.0,-0.00023462121134798508,0.1490576551077538,0.0]
585.0,[-3.0316490059097603e-5,0.0,-0.00015635492900401005,0.12057436530691726,0.0]
586.0,[-0.0001250555214937776,0.0,-4.5237887510059714e-5,0.06351588884475252,0.0]
587.0,[-6.631732200427601e-5,0.0,-9.047577502011943e-5,0.09143169184729533,0.0]
588.0,[-2.7474319116057203e-5,0.0,-0.00014843237750028493,0.11790840896234536,0.0]
589.0,[-3.505344163083161e-5,0.0,-0.0001521390421051668,0.11918643849639919,0.0]
590.0,[-3.41060513164848e-5,0.0,-0.00015533648441608724,0.12039246636656267,0.0]
591.0,[-2.7474319116057203e-5,0.0,-0.00015552596247895661,0.12045499412730956,0.0]
592.0,[-2.8421709430404004e-5,0.0,-0.00015566807102610863,0.12051183754617037,0.0]
593.0,[-6.442254137558241e-5,0.0,-9.155343150268891e-5,0.0915283256593587,0.0]
594.0,[-2.7474319116057203e-5,0.0,-0.00015499305542713654,0.12047109976265345,0.0]
595.0,[-2.8421709430404003e-6,0.0,-0.0002305592753752232,0.14776351993835607,0.0]
596.0,[-2.2737367544323203e-5,0.0,-0.00015628387473043404,0.12056015445220206,0.0]
597.0,[-2.4632148173016802e-5,0.0,-0.0001589010404738171,0.12176428754173683,0.0]
598.0,[-1.8947806286936004e-5,0.0,-0.0001556562286471793,0.12054025925560077,0.0]
599.0,[-8.5265128291212e-6,0.0,-0.0002347277927583491,0.14910786679441418,0.0]
