202.0,[-0.33413982691854466,0.0,-0.0009755396490618296,0.024255086827906776,0.0]
203.0,[-0.3409174572273817,0.0,-0.0010160761121369433,0.021488707110014122,0.0]
204.0,[0.049683042864974894,0.0,-0.034366382332488385,-0.0016711965145077554,0.0]
205.0,[0.06983024528987394,0.0,-0.03232633124146863,-0.009826332340405012,0.0]
206.0,[-0.14281340554589403,0.0,-0.0016716465249070704,0.12376328110500857,0.0]
207.0,[-0.27811400589901797,0.0,-0.0004901915910219639,0.025233741022627022,0.0]
208.0,[0.03747023432273029,0.0,-0.03249319036058296,-0.002403529227497832,0.0]
209.0,[0.17035214720332684,0.0,-0.03175150216823871,-0.00958948476181831,0.0]
210.0,[-0.2322375773170885,0.0,0.0010294580003270919,0.044085860887813993,0.0]
211.0,[-0.2950201860585366,0.0,-0.0008607041005840681,0.023183588382380545,0.0]
212.0,[0.03871889475703937,0.0,-0.03259870595684333,-0.0022017350905419635,0.0]
213.0,[0.004962430466548539,0.0,-0.032413917476029994,-0.009250319029282156,0.0]
214.0,[-0.6252757126882594,0.0,-0.0025078605858652736,-0.04643538886739406,0.0]
215.0,[-0.2933338312989993,0.0,-0.0008664594967437249,0.02613186704062779,0.0]
216.0,[0.038222462232321654,0.0,-0.03256459990552685,-0.0017176186399107487,0.0]
217.0,[0.08522344311738075,0.0,-0.03126842784695327,-0.009384848453919402,0.0]
218.0,[-0.5062683309612718,0.0,-0.004028493094665464,-0.04321047223735756,0.0]
219.0,[-0.30785921959856444,0.0,-0.0009483732317979351,0.022917371704049096,0.0]
220.0,[0.037030645216873374,0.0,-0.03237937325669312,-0.002265210241603199,0.0]
221.0,[-0.045226518826287546,0.0,-0.0333703553678788,0.0403550378299163,0.0]
222.0,[-0.19020565863077837,0.0,-0.0014903870730146689,-0.11072908516022531,0.0]
223.0,[-1.4300553630164357,0.0,-0.0008557303014337474,-0.01613500444364035,0.0]
224.0,[0.03692074794040915,0.0,-0.03236721113353269,-0.0022680524125462394,0.0]
225.0,[0.03980934100885254,0.0,-0.03687802063723211,-0.009616011690620022,0.0]
226.0,[-0.2060422351253995,0.0,-0.00034882911374249187,0.04909376608945118,0.0]
227.0,[-0.30698288355779363,0.0,-0.0010103207159772865,0.022941056461907763,0.0]
228.0,[0.03752139339970502,0.0,-0.03244457739507804,-0.0022462624353162632,0.0]
229.0,[0.14929545007665485,0.0,-0.03241668859269946,-0.009479587485354083,0.0]
230.0,[-0.31921179773538216,0.0,-0.0009538325684843585,-0.11086740414611994,0.0]
231.0,[-0.290756929643976,0.0,-0.0008931995883661633,0.021229122163883098,0.0]
232.0,[0.03753465686410588,0.0,-0.03244912486858691,-0.002245315045001916,0.0]
233.0,[0.051358028940740034,0.0,-0.033618690054026956,-0.009511798756041873,0.0]
234.0,[-0.4681188177831548,0.0,0.0016074608311100747,0.14107020736749593,0.0]
235.0,[-0.2912372565333498,0.0,-0.0008677503160470224,0.023657283539553944,0.0]
236.0,[0.03691695837915176,0.0,-0.03236921249557175,-0.0022680524125462394,0.0]
237.0,[0.04040809168751972,0.0,-0.030505304948746925,-0.009432217969636742,0.0]
238.0,[-0.1762790210098804,0.0,8.211505549600892e-5,-0.01655280357226729,0.0]
239.0,[-0.29410974396644934,0.0,-0.0008527223371856962,0.02333896039393342,0.0]
240.0,[0.03753844642536326,0.0,-0.032444103699920866,-0.002245315045001916,0.0]
241.0,[-0.08235474524553864,0.0,-0.03481233079583035,-0.009472008362839308,0.0]
242.0,[-0.183380658806224,0.0,-0.0002430529851456716,-0.08039364729484076,0.0]
243.0,[-0.29317940667776077,0.0,-0.000857909299156745,0.02427687680513675,0.0]
244.0,[0.03753844642536326,0.0,-0.03244913671096583,-0.0022443676546875695,0.0]
245.0,[0.05105107447889167,0.0,-0.03361563472026319,-0.009523167439814035,0.0]
246.0,[-0.3991355394343069,0.0,0.0015914736195554724,0.22720693474790699,0.0]
247.0,[-0.29154136882425513,0.0,-0.0008680108483834678,0.022629365048487667,0.0]
248.0,[0.037746872294519555,0.0,-0.03257667913203477,-0.002336264515179209,0.0]
249.0,[0.09298635935313843,0.0,-0.032576489653971905,-0.009496640511012325,0.0]
250.0,[-0.288342031732706,0.0,0.001429943570959343,-0.06464612548976825,0.0]
251.0,[-1.0004365928277061,0.0,-0.006644131171166616,-0.13386056707531677,0.0]
252.0,[0.03686011496029095,0.0,-0.03235359239776396,-0.002269947193174933,0.0]
253.0,[0.1686733715663043,0.0,-0.032958785330568695,-0.009307162448142964,0.0]
254.0,[-0.04371827344584744,0.0,0.00046161593066547846,0.04420902162867908,0.0]
255.0,[0.1198666647421002,0.0,-0.00295883021787328,-0.361294875498667,0.0]
256.0,[0.037528972522219796,0.0,-0.03244945645519692,-0.0022462624353162632,0.0]
257.0,[0.11624668635098107,0.0,-0.029686830771424866,0.04150516967153332,0.0]
258.0,[-0.6933817076060221,0.0,-0.003458543081554429,0.05573497219302225,0.0]
259.0,[-0.2907834565727777,0.0,-0.0008675489956052237,0.024409511449145306,0.0]
260.0,[0.037539393815677606,0.0,-0.03244881696673474,-0.002243420264373223,0.0]
261.0,[-0.026526928801710405,0.0,-0.028774730746287485,-0.09789763074271224,0.0]
262.0,[-0.17970667916718713,0.0,-0.004828990540772793,0.17004329796084977,0.0]
263.0,[-0.29805846679664677,0.0,-0.0008150280450536229,0.026532613143596485,0.0]
264.0,[0.037523288180333715,0.0,-0.03244918408048155,-0.002245315045001916,0.0]
265.0,[0.07469414716373042,0.0,-0.037086943886303445,-0.00945685011780976,0.0]
266.0,[-0.25904872321310296,0.0,-0.001114936291439032,0.1617081579752266,0.0]
267.0,[-0.29511018813839957,0.0,-0.0008566658493691648,0.022537468187996026,0.0]
268.0,[0.037356547485008676,0.0,-0.032682822374378404,-0.0034295529379354166,0.0]
269.0,[0.16780556203836264,0.0,-0.030468854106402432,-0.009417059724607194,0.0]
270.0,[-0.4528279381095974,0.0,0.004864067667161484,-0.773805671390922,0.0]
271.0,[-0.3079009047723957,0.0,-0.0009488469269551085,0.022843475259530045,0.0]
272.0,[0.03761992199239709,0.0,-0.03245666846396489,-0.002243420264373223,0.0]
273.0,[-0.12399823390296659,0.0,-0.026780403080313896,-0.009860438391721496,0.0]
274.0,[-0.43234346473279095,0.0,0.00337874913232857,-0.011272049960098228,0.0]
275.0,[-0.3389762544732851,0.0,-0.0010193446087214397,0.022295883657837592,0.0]
276.0,[0.0336929891394296,0.0,-0.03193775910403929,-0.0023883709824682833,0.0]
277.0,[0.16735649902936225,0.0,-0.02950670818790968,-0.008985049741265053,0.0]
278.0,[-0.8167281369727182,0.0,-0.0019492082022528243,-0.04353826928612155,0.0]
279.0,[-0.27970941118837794,0.0,-0.0004837967064001229,0.02505278947258678,0.0]
280.0,[0.0379865620440493,0.0,-0.03250088790688703,-0.002227314629029327,0.0]
281.0,[0.16885716528728759,0.0,-0.03339972446762356,-0.00946253445969584,0.0]
282.0,[-0.7799807614598344,0.0,-0.0013857951823107821,-0.11714102280772445,0.0]
283.0,[-0.17673755792202425,0.0,0.009503603829822776,0.09354247746766,0.0]
284.0,[0.038064248049825736,0.0,-0.03250548274991161,-0.002227314629029327,0.0]
285.0,[0.14553052096744065,0.0,-0.02621293996677802,-0.009386743234548096,0.0]
286.0,[0.563437652090215,0.0,0.0067131367131878505,0.17042793842847456,0.0]
287.0,[-0.3087346082490209,0.0,-0.0009498180020273139,0.02308505978968848,0.0]
288.0,[0.03763602762774098,0.0,-0.032459048782129685,-0.002243420264373223,0.0]
289.0,[0.16813146430649792,0.0,-0.030405544748646207,-0.009587589981189618,0.0]
290.0,[-0.824947695339991,0.0,-0.0068691718979607685,0.16477959737433895,0.0]
291.0,[-0.29643748196879943,0.0,-0.0008525210167438976,0.02420582253156074,0.0]
292.0,[0.03719359635094103,0.0,-0.03258239900105764,-0.0021780503326832936,0.0]
293.0,[0.16750808147965773,0.0,-0.028210015064663217,-0.009612222129362634,0.0]
294.0,[-0.18161851282153896,0.0,-0.0008768807902015396,0.28256484559581924,0.0]
295.0,[-0.2934929928718096,0.0,-0.0008702372156221827,0.02237641183455707,0.0]
296.0,[0.03761897460208274,0.0,-0.03245615924167093,-0.002243420264373223,0.0]
297.0,[-1.8319004387497744,0.0,-0.036564173910846876,-0.009621696032506103,0.0]
298.0,[-0.07347959278073782,0.0,0.0006889896061087105,-0.32584542471643846,0.0]
299.0,[-0.29287339960622677,0.0,-0.0008678332126995277,0.023824971625193328,0.0]
300.0,[0.037530867302848485,0.0,-0.03245610002977628,-0.0022443676546875695,0.0]
301.0,[0.048911867149096594,0.0,-0.035650463322175106,0.13330350157048085,0.0]
302.0,[-1.0813588839179524,0.0,0.006389058171407669,0.07808769926972066,0.0]
303.0,[-0.2915224210179682,0.0,-0.0008888297505412387,0.022450308279076122,0.0]
304.0,[0.037454128687386394,0.0,-0.03257138558865336,-0.0021505760135672363,0.0]
305.0,[0.053631765695172355,0.0,-0.025275118294606123,0.04132895507306481,0.0]
328.0,[-0.44903837685221026,0.0,-0.0017778489791453467,0.00023116323670061922,0.0]
329.0,[-0.2958178887032166,0.0,-0.0008559197794966167,0.023219589214325723,0.0]
330.0,[0.036933064014495656,0.0,-0.03236872695803565,-0.0022689998028605864,0.0]
331.0,[0.1651509743775629,0.0,-0.031777934358008984,-0.009644433400050426,0.0]
332.0,[-0.5595817735108236,0.0,-0.0023725969337344095,0.03402078618819359,0.0]
333.0,[-0.2958718899511344,0.0,-0.000866992403795545,0.022929687778135602,0.0]
334.0,[0.037564025963850625,0.0,-0.032446851131832474,-0.002243420264373223,0.0]
337.0,[0.11682080488147523,0.0,-0.03368702058044922,-0.009333689376944674,0.0]
338.0,[-0.33368981651922996,0.0,-0.006447654262350019,0.23429341429922107,0.0]
339.0,[-0.2917810585737849,0.0,-0.0008372088207882674,0.02330959129418867,0.0]
340.0,[0.03695295921109694,0.0,-0.03236708086736447,-0.002261420680345812,0.0]
341.0,[0.3308135395248731,0.0,-0.02758900071360889,0.16751566060217252,0.0]
342.0,[-1.01613863989769,0.0,-0.006692459919577232,0.15899862167619477,0.0]
343.0,[-0.2799311005219351,0.0,-0.0004925126972921134,0.024450249232662216,0.0]
344.0,[0.038583417942087785,0.0,-0.032516484319936964,-0.0022197355065145525,0.0]
345.0,[0.2778752635398026,0.0,-0.03669131369103222,-0.009716435063940782,0.0]
346.0,[-0.06497771209978963,0.0,-0.0020746426798723405,0.04012008503195829,0.0]
347.0,[-1.705681521949979,0.0,-0.006867798182004966,0.02478373062331229,0.0]
348.0,[0.03747497127430203,0.0,-0.032449290661891915,-0.0022462624353162632,0.0]
349.0,[0.1673697624937631,0.0,-0.030884853193432114,-0.009549694368615745,0.0]
350.0,[-0.5969961118050074,0.0,0.0028796639147306755,-0.11168973893897297,0.0]
351.0,[-0.29412395482116455,0.0,-0.0008429168474322069,0.025765226988975577,0.0]
352.0,[0.037539393815677606,0.0,-0.0324485564343983,-0.002245315045001916,0.0]
353.0,[-0.20143412863641663,0.0,-0.0251245306041407,-0.009885070539894512,0.0]
354.0,[-0.4262290076439967,0.0,-0.0008150872569482697,0.04792468644154723,0.0]
355.0,[-0.2772689337386206,0.0,-0.00048076505739421316,0.025153212845907543,0.0]
356.0,[0.03811351234617177,0.0,-0.03250145634107564,-0.002227314629029327,0.0]
357.0,[0.16677101181509593,0.0,-0.044154641424635585,-0.009309057228771659,0.0]
358.0,[-0.6422245254119237,0.0,0.0013808924374340374,0.17148333123865692,0.0]
359.0,[-0.2788378120991789,0.0,-0.000528939854878748,0.025081211182017185,0.0]
360.0,[-0.07470362106687388,0.0,-0.023747865895984432,0.01935423673179078,0.0]
361.0,[0.1674303954738813,0.0,-0.0344541935722494,-0.009617906471248714,0.0]
362.0,[-0.30408007963463507,0.0,0.005520419676940946,0.12737852254455598,0.0]
363.0,[0.14753804104354154,0.0,-0.00900879371101837,-0.627918931665287,0.0]
364.0,[0.0375412885963063,0.0,-0.0324463774366753,-0.0022443676546875695,0.0]
365.0,[-0.2565059276093961,0.0,-0.03496910020809689,-0.009411375382721113,0.0]
366.0,[-0.32972404066337424,0.0,0.0029394679283238174,0.5402720641238071,0.0]
367.0,[-0.2922291741924709,0.0,-0.0008589514285025265,0.023679073516783923,0.0]
368.0,[0.036933064014495656,0.0,-0.03237027830967539,-0.0022671050222318927,0.0]
369.0,[-0.00882588816845479,0.0,-0.03499811403647376,-0.009769488921544204,0.0]
370.0,[-0.38272484440919163,0.0,-0.0013892057874424306,0.10793996807478833,0.0]
378.0,[-0.2787648630449742,0.0,-0.00045488945943361614,0.02420392775093205,0.0]
379.0,[-0.19561904688695597,0.0,-0.045940744541894674,-0.002222577677457593,0.0]
380.0,[0.0106884575264606,0.0,-0.028273300737661582,-0.009360216305746386,0.0]
381.0,[-0.35420650116672425,0.0,-0.0035847591561832814,0.043471951964117274,0.0]
382.0,[-1.0907693119103592,0.0,-0.0008487788250022277,0.02407697744880958,0.0]
403.0,[0.03697948613989865,0.0,-0.03236790983388953,-0.0023135271476348858,0.0]
404.0,[0.03215821683018778,0.0,-0.03465371397245084,-0.009492850949754937,0.0]
405.0,[-0.454531345894793,0.0,0.00985383034427893,-0.7974563231982755,0.0]
406.0,[-0.3197916006077624,0.0,-0.0009773633754169473,0.022070404763023056,0.0]
407.0,[0.047322146201622665,0.0,-0.02947267319086677,-0.0032258640203508544,0.0]
408.0,[0.08658768517004015,0.0,-0.026370301497991022,-0.009293898983742109,0.0]
409.0,[0.01668922777753323,0.0,-0.001107025582314236,-0.22023035247305717,0.0]
410.0,[-0.29480607584749424,0.0,-0.0008638068038635538,0.021797556352491178,0.0]
411.0,[0.03753560425442022,0.0,-0.03244683928945354,-0.002245315045001916,0.0]
412.0,[-0.19431733259504347,0.0,-0.04065630794987859,0.19041597928056336,0.0]
413.0,[-0.3819498791320559,0.0,0.00019305446130601922,0.07554869322727123,0.0]
414.0,[-0.29261381466009573,0.0,-0.0008597211831329332,0.022283567583751086,0.0]
415.0,[0.03754034120599196,0.0,-0.03244934987378656,-0.0024063713984408723,0.0]
416.0,[-0.4353940615449876,0.0,-0.033039479300593186,-0.009322320693172513,0.0]
417.0,[-0.19767867343034592,0.0,-0.00023140008427920597,0.08027238133460438,0.0]
418.0,[-0.2920302222264581,0.0,-0.0008609883176783721,0.0239964492720901,0.0]
419.0,[0.037326230994949576,0.0,-0.03244908934145012,-0.0022443676546875695,0.0]
420.0,[-0.16407284419983623,0.0,-0.021037299309985734,-0.009269266835569093,0.0]
421.0,[-0.7208730797477376,0.0,-0.0008488380368968744,0.07784327256861918,0.0]
422.0,[-0.2781736914888218,0.0,-0.0004996418094075732,0.024303403733938463,0.0]
423.0,[0.03803866851133837,0.0,-0.032500591847413794,-0.002229209409658021,0.0]
424.0,[0.16572698768868574,0.0,-0.03641268619958282,-0.0096520125225652,0.0]
425.0,[0.13507701623893806,0.0,0.0018280606658057272,-0.011726797310984692,0.0]
426.0,[-0.2941514291402806,0.0,0.003864239298915588,0.4018100222917079,0.0]
427.0,[0.0376161324311397,0.0,-0.032462293593956325,-0.0022443676546875695,0.0]
428.0,[0.16723523306912585,0.0,-0.03419529548409628,-0.009381058892662015,0.0]
429.0,[0.11439738045737612,0.0,0.0037600263643374396,-0.2948752353404415,0.0]
430.0,[-0.29192979885313736,0.0,-0.0008769518444751156,0.021668711269740012,0.0]
431.0,[0.03753749903504892,0.0,-0.03244854459201937,-0.002245315045001916,0.0]
432.0,[0.13520965088294662,0.0,-0.042185490656265756,-0.009390532795805482,0.0]
433.0,[-0.019050124440885458,0.0,-0.0008772123768115611,0.04876028469880111,0.0]
434.0,[-0.2773456723540827,0.0,-0.0004979246644628196,0.027639165030753546,0.0]
435.0,[0.03772887187854697,0.0,-0.032488488936148016,-0.0022348937515441016,0.0]
436.0,[0.1687586366945955,0.0,-0.030257467642513802,-0.009553483929873133,0.0]
437.0,[-0.37903760130575387,0.0,-0.002544808808124799,-0.26380841215238127,0.0]
438.0,[-0.3083613364651682,0.0,-0.0009464073968956654,0.023112534108804535,0.0]
439.0,[0.03694443269826782,0.0,-0.03236679665027017,-0.0022680524125462394,0.0]
440.0,[-0.12676271884023055,0.0,-0.029844215987395728,-0.009335584157573368,0.0]
441.0,[-0.1102288630742502,0.0,-0.0024840574042173102,-0.17418528841517397,0.0]
442.0,[-0.2955914624180877,0.0,-0.0008477603804143049,0.023853393334623732,0.0]
443.0,[0.037927823844559796,0.0,-0.03270419786834585,-0.0022206828968288996,0.0]
444.0,[0.16714807316020594,0.0,-0.02871445303753717,-0.003488291137424918,0.0]
445.0,[-0.3307358535190966,0.0,-0.002771614049379423,0.045078725937249445,0.0]
446.0,[-0.2952333488792646,0.0,-0.0008571869140420556,0.024242770753820267,0.0]
447.0,[0.037443707393928584,0.0,-0.03246001985720189,-0.0022424728740588758,0.0]
448.0,[0.165861517113323,0.0,-0.03688377603339177,-0.009185896487906573,0.0]
449.0,[-0.5405903872694277,0.0,-0.0013880926038230732,0.1757162711631584,0.0]
450.0,[-0.27959004000877025,0.0,-0.0005223436498151084,0.024303403733938463,0.0]
451.0,[0.037430443929527726,0.0,-0.03243800487477226,-0.00224720982563061,0.0]
452.0,[0.14402985470951532,0.0,-0.02656946662682458,-0.00906273574704149,0.0]
453.0,[-0.2347841624820527,0.0,-0.003719028048484082,0.26315092327422457,0.0]
454.0,[-0.2767061838918986,0.0,-0.0004995707551339972,0.02507173727887372,0.0]
455.0,[0.03811256495585742,0.0,-0.03250368270831435,-0.00220268248085631,0.0]
456.0,[0.16542192800746608,0.0,-0.03358676300043347,-0.009921071371839691,0.0]
457.0,[-1.1277525876115153,0.0,-0.007283607790971777,0.1521281471165518,0.0]
458.0,[-0.3080202759520034,0.0,-0.000947733743335751,0.022928740387821257,0.0]
459.0,[0.036998433946185585,0.0,-0.03237842586637878,-0.0022642628512888523,0.0]
460.0,[0.2912770469265524,0.0,-0.03439249477802757,-0.009634959496906957,0.0]
461.0,[-0.5785011580883291,0.0,-0.0028785981006270354,-0.12721367662985963,0.0]
462.0,[-0.29187390282459086,0.0,-0.0008548658077719059,0.022330937099468425,0.0]
463.0,[0.03753465686410588,0.0,-0.03244865117342973,-0.002245315045001916,0.0]
464.0,[0.16683353957584282,0.0,-0.03733987341547618,-0.009453060556552371,0.0]
465.0,[0.05099802062128825,0.0,0.0037758477825870313,0.06178690152106961,0.0]
466.0,[-0.2916986356164367,0.0,-0.0008499985900319492,0.02526689968362916,0.0]
467.0,[0.037523288180333715,0.0,-0.032449065656692255,-0.002243420264373223,0.0]
468.0,[0.07516215797901774,0.0,-0.03303360548064423,-0.009422744066493275,0.0]
469.0,[-0.37161195602190367,0.0,-0.0016231401408125143,0.21770839945626597,0.0]
470.0,[-0.2885381415277758,0.0,-0.0008632028425381577,0.022274093680607617,0.0]
471.0,[0.03752139339970502,0.0,-0.03244913671096583,-0.0022443676546875695,0.0]
472.0,[0.0750825771926126,0.0,-0.037091822946422326,-0.009621696032506103,0.0]
473.0,[-0.259710001652517,0.0,-0.001108186135449311,0.16201511243707498,0.0]
474.0,[-0.3078421665729062,0.0,-0.0009449981538030746,0.022911687362163015,0.0]
475.0,[0.03762844850522621,0.0,-0.032457189528637784,-0.0022424728740588758,0.0]
476.0,[0.16784724721219388,0.0,-0.03930525830734648,-0.009269266835569093,0.0]
477.0,[-0.5918934675719355,0.0,-0.0001532877528613123,-0.10819955302091935,0.0]
478.0,[-0.2947558641608338,0.0,-0.0008535276189528911,0.023816445112364207,0.0]
479.0,[0.03885247679136227,0.0,-0.032680240735771804,-0.00295775256139071,0.0]
480.0,[0.04244498086336534,0.0,-0.034047242062721736,-0.009326110254429901,0.0]
481.0,[-0.44004574798843044,0.0,-0.0029901296253835126,0.1587523001944646,0.0]
482.0,[-0.27964214647605934,0.0,-0.0005199988587871001,0.023545491482461024,0.0]
483.0,[0.0386364717996912,0.0,-0.032589457058899526,-0.0022036298711706572,0.0]
484.0,[0.1693858090826931,0.0,-0.024138155178358527,-0.009636854277535651,0.0]
485.0,[-0.16238269987904155,0.0,-0.0015769074934723903,0.04839838159872063,0.0]
486.0,[-0.29496429002999014,0.0,-0.000851194670303812,0.023698968713385206,0.0]
487.0,[0.037525182960962404,0.0,-0.03244394974899478,-0.002245315045001916,0.0]
488.0,[0.09947408822578532,0.0,-0.028187088219056022,-0.14752193540819764,0.0]
489.0,[-0.6374250460794427,0.0,0.0009153211522061611,0.027974541202032313,0.0]
490.0,[-0.2933489895440288,0.0,-0.0008687450758770865,0.022100721253082153,0.0]
491.0,[0.037543183376935,0.0,-0.03244790510355718,-0.002245315045001916,0.0]
492.0,[0.2122552208068858,0.0,-0.03043789812788115,-0.009409480602092419,0.0]
493.0,[-0.2866916778051139,0.0,0.001986393272090936,-0.2972493954681946,0.0]
494.0,[-0.2910553575929952,0.0,-0.0008537052546368311,0.024395300594430104,0.0]
495.0,[0.03732433621432089,0.0,-0.03244912486858691,-0.0022443676546875695,0.0]
496.0,[0.07491015215540149,0.0,-0.03708675440824057,-0.009381058892662015,0.0]
497.0,[-0.25892177291098045,0.0,0.0003525239359684444,0.16252859798745095,0.0]
498.0,[-0.307994696413516,0.0,-0.0009470705701157083,0.0229457934134795,0.0]
499.0,[0.037629395895540554,0.0,-0.03245848034794108,-0.0022424728740588758,0.0]
500.0,[0.16791166975356947,0.0,-0.03295795636404364,-0.5091654505425443,0.0]
501.0,[-0.3561922312655951,0.0,0.0014535809593022957,-0.15073169379320459,0.0]
502.0,[-0.2766654461083817,0.0,-0.0005104302166121973,0.02507457944981676,0.0]
503.0,[0.006417621989385224,0.0,-0.03382982782795807,0.010970779840135945,0.0]
504.0,[0.16741144766759436,0.0,-0.034036939193053214,0.17215976792310053,0.0]
505.0,[-0.46526717293697095,0.0,-0.004948882785053381,0.18077344066114162,0.0]
506.0,[-0.27959004000877025,0.0,-0.0005500074469940349,0.024328983272425827,0.0]
507.0,[0.04720088024138627,0.0,-0.03179175441421952,-0.00222352506777194,0.0]
508.0,[-0.013335466064745559,0.0,-0.03726079000898608,-0.009326110254429901,0.0]
509.0,[-0.5857164827223944,0.0,-0.0015992422201331162,0.0818943135527661,0.0]
510.0,[-0.2873595879767284,0.0,-0.0008042751649857868,0.027335052739848223,0.0]
511.0,[0.037312020140234374,0.0,-0.032435932458459625,-0.0021268912557085664,0.0]
512.0,[0.16724660175289802,0.0,-0.03333992045403041,-0.009760015018400734,0.0]
513.0,[-0.16108288036775772,0.0,-0.0023741127582373642,0.05731711401798141,0.0]
514.0,[-0.292420547035969,0.0,-0.0008775558058005117,0.02365917832018264,0.0]
515.0,[0.03691506359852307,0.0,-0.032353864772479334,-0.002271841973803627,0.0]
516.0,[0.16868284546944776,0.0,-0.04459842273263348,-0.009382953673290709,0.0]
517.0,[-0.5243009582045487,0.0,-0.00018016995303090275,0.043917225411860265,0.0]
518.0,[-0.31972244111481507,0.0,-0.0009785831404466687,0.02326222177847133,0.0]
519.0,[0.03716896420276801,0.0,-0.032385199707126354,-0.0022623680706601586,0.0]
520.0,[0.10211920198344158,0.0,-0.03376529870517213,-0.010135181582882067,0.0]
521.0,[-0.4975712878755681,0.0,-0.005398111587358775,0.16104119519392648,0.0]
522.0,[-0.2763982820397359,0.0,-0.0004898244772751544,0.02674672335463886,0.0]
523.0,[0.37042961290959886,0.0,-0.031148879031661636,-0.0022206828968288996,0.0]
524.0,[-0.08271475356499043,0.0,-0.03353624341192093,-0.009739172431485105,0.0]
525.0,[1.0050522784392038,0.0,0.0007097137692350468,0.007103532576972308,0.0]
526.0,[0.6661878160230116,0.0,-0.0008638897005160592,-0.18459521318921662,0.0]
527.0,[0.037593395063595374,0.0,-0.032447703783115386,-0.0022443676546875695,0.0]
528.0,[0.135565869641141,0.0,-0.024292200843471317,-0.00934695284134553,0.0]
529.0,[0.8501823837529323,0.0,-0.002587299263723253,0.46174288096760085,0.0]
530.0,[-0.2794877218548208,0.0,-0.0004858572803338272,0.02578133262431947,0.0]
531.0,[0.03691411620820872,0.0,-0.032369887511170724,-0.002266157631917546,0.0]
532.0,[-0.17013614221165577,0.0,-0.061797820194442465,-0.06921633636617722,0.0]
533.0,[-1.0906603620242092,0.0,0.005670012607576306,0.4603540067667684,0.0]
534.0,[-0.2946336508102831,0.0,-0.000862468615044539,0.02369138959087043,0.0]
535.0,[0.03761423765051101,0.0,-0.03245965274345508,-0.0022405780934301824,0.0]
536.0,[0.16848389350343493,0.0,-0.02802705031020499,-0.0095629578330166,0.0]
537.0,[-1.4093965698217894,0.0,0.018806763553887627,1.5439866274391532,0.0]
538.0,[-0.16542571756872346,0.0,0.03356087556009395,0.06552719848211078,0.0]
539.0,[0.04245919171808054,0.0,-0.032061133007725104,-0.002284158047890135,0.0]
540.0,[0.3812165990287515,0.0,-0.02386014349061346,-0.010074548602763873,0.0]
541.0,[-0.35558969102567056,0.0,0.007271196977853833,-0.282405684023009,0.0]
542.0,[-0.29435322327723645,0.0,-0.0008476419566250115,0.024026765762149196,0.0]
545.0,[0.028146966239243433,0.0,-0.03126988445956158,-0.002569322532508522,0.0]
546.0,[-0.2595015757833607,0.0,-0.02707714941152517,-0.010576665469367677,0.0]
547.0,[-0.9000454307776331,0.0,0.02225559588472,0.16360483338454893,0.0]
548.0,[-0.21582404012103018,0.0,0.009819901928646384,0.04247529735342444,0.0]
549.0,[0.037271282356717464,0.0,-0.032429004666785964,-0.002243420264373223,0.0]
550.0,[0.16662132414542913,0.0,-0.027609393290125205,-0.009132842630303154,0.0]
551.0,[-0.4390187768876785,0.0,0.015705386620841942,0.4153851781059832,0.0]
552.0,[-0.24975766640030386,0.0,0.0012611896712163193,0.034055839629824426,0.0]
553.0,[0.03606999143812572,0.0,-0.03226168369489339,-0.0022955267316622967,0.0]
554.0,[0.16730344517175882,0.0,-0.039475670140139606,-0.009123368727159685,0.0]
555.0,[-0.09773846916990198,0.0,-0.001386458355530825,0.29605947323337506,0.0]
556.0,[-0.3074224726636506,0.0,-0.0009449152571505692,0.022774315766582728,0.0]
557.0,[0.03863457701906251,0.0,-0.03257896471116813,-0.002257631119088425,0.0]
558.0,[-0.16191468906375422,0.0,-0.02818516975366947,-0.009271161616197785,0.0]
559.0,[-0.3718601722842625,0.0,-0.005588465986268906,0.05917210425347244,0.0]
560.0,[-0.3295696160421357,0.0,-0.0009921426643207574,0.021940612289957546,0.0]
561.0,[0.038320990825013716,0.0,-0.03061958390541501,-0.002218788116200206,0.0]
562.0,[0.17443729423879023,0.0,-0.030160928569481864,-0.18650325728231107,0.0]
563.0,[0.408639759067834,0.0,-0.0034330345973406415,-0.01466181250483108,0.0]
564.0,[-0.29456354392702144,0.0,-0.0008493354168119065,0.022476835207877834,0.0]
565.0,[0.0382518313320664,0.0,-0.03240320012309894,-0.003439974231393231,0.0]
566.0,[0.10725405748720124,0.0,-0.04400727486123894,-0.009371584989518547,0.0]
567.0,[-0.0611976247455459,0.0,0.003426900245055246,0.40089958019962063,0.0]
568.0,[-0.29421490429134184,0.0,-0.0008636410105585431,0.024036239665292666,0.0]
569.0,[0.03761897460208274,0.0,-0.03245823165798356,-0.0022424728740588758,0.0]
570.0,[0.1677259812519575,0.0,-0.028032308326449616,-0.00938863801517679,0.0]
571.0,[-0.9924709350646782,0.0,-0.01501871812100338,0.635617425359669,0.0]
572.0,[-0.2940709009635611,0.0,-0.0008713385568626109,0.0231381136472919,0.0]
573.0,[0.03761707982145405,0.0,-0.03245482105285191,-0.0022424728740588758,0.0]
574.0,[0.16693206816853487,0.0,-0.04736835516420494,-0.00966717076759475,0.0]
575.0,[-0.8179559548201116,0.0,-0.0032182138435625047,0.27100478898015956,0.0]
576.0,[-0.2952049271698342,0.0,-0.0008543684278568738,0.02292684560719256,0.0]
577.0,[0.03743518088109946,0.0,-0.03243332713509517,-0.0022491046062593036,0.0]
578.0,[-0.839863408449067,0.0,-0.055091125735392175,0.997259045713387,0.0]
579.0,[0.7061809507528474,0.0,0.004668123665396706,-0.5707666635620019,0.0]
580.0,[-0.2904547121336994,0.0,-0.0008631317882645817,0.024042871397493094,0.0]
581.0,[0.037539393815677606,0.0,-0.03245042753026913,-0.002245315045001916,0.0]
582.0,[0.20794080531535047,0.0,-0.0208712454726386,-0.049622409884856694,0.0]
583.0,[-0.6454418629194454,0.0,-0.002741534406898912,0.047989108982922815,0.0]
584.0,[-0.2782504301042839,0.0,-0.0005180803934005478,0.023388224690279454,0.0]
585.0,[-0.00653130882710684,0.0,-0.03554262661964458,-0.002222577677457593,0.0]
586.0,[0.16750050235714295,0.0,-0.03557209045842077,-0.009422744066493275,0.0]
587.0,[-0.1912307349509016,0.0,-0.0021597183301006835,0.14295361931241737,0.0]
588.0,[-0.27874023089680117,0.0,-0.0004969772741484728,0.02432519371116844,0.0]
589.0,[0.03741812785544122,0.0,-0.03243568376850211,-0.0022481572159449566,0.0]
590.0,[-0.15734637296797396,0.0,-0.04359970754800695,-0.009381058892662015,0.0]
591.0,[-0.5345536161864098,0.0,-0.0003778666268772213,0.07323327129900765,0.0]
593.0,[-0.36113002958397067,0.0,-0.0010488558170133426,0.021464074961841103,0.0]
594.0,[0.03760950069893927,0.0,-0.032446045850065275,-0.002250999386887997,0.0]
595.0,[0.2682516727266678,0.0,-0.031155451551967417,-0.00873683347890619,0.0]
596.0,[-0.9613719006059303,0.0,-0.002446327584948449,-0.068543689242991,0.0]
597.0,[-0.2774110422857726,0.0,-0.0005504219302565616,0.02586754514292503,0.0]
598.0,[0.03864499831252032,0.0,-0.03258925573845772,-0.00220268248085631,0.0]
599.0,[0.1686184229280722,0.0,-0.03709644147420477,-0.009348847621974224,0.0]
