FVE	99.99859845111678
xiVar	nothing
obsGrid	[584.5,585.0,585.5,586.0,586.5,587.0,587.5,588.0,588.5,589.0,589.5,590.0,590.5,591.0,591.5,592.0,592.5,593.0,593.5,594.0,594.5,595.0,595.5,596.0,596.5,597.0,597.5,598.0,598.5,599.0]
selectK	2
xiEst	[35.22427036698094 0.3617062836295659
35.226929704750184 0.3596838259369117
35.23913689070899 0.3580198533694918
35.230427790917695 0.36099314135906635
43.71851211217068 1.2372095181049625
76.17354077357251 0.503577680891989
24.923314291293185 0.2421819194346278
-87.60531324661068 -0.8466474005196891
-86.24818278061345 -0.729092937000628
-86.25893316205119 -0.73061351612285
-0.7124493091285314 0.28404468629153823
-86.26335696274668 -0.7272469270949018
-85.82047877218267 -0.871717158868271
-85.82237156807636 -0.8715485723775671
-62.99388346100145 -2.6758596562194525
-63.442308681843514 -2.542568199806133
-28.268105090954272 0.8158399396891207
-28.26898491054645 0.8165090527891682
-17.657678247621703 1.844396610200452
55.53198199839333 0.9791884408086173
55.72795891998338 0.9881197617493184
-0.7093961301263291 0.28171364686979045
55.60213976523331 0.9834795249682026
55.60324140469124 0.9826417152657777
119.59743929720642 1.2789393611054891
-8.295112734950468 -0.00682707628096689
-8.297130312538272 -0.007558940220630847
-8.301851747445205 -0.003965846403583509
-8.273898598448996 -0.0012075609015602881
-53.443336695534455 -0.737445304098933
-53.452608346194076 -0.7303524434717026
-53.41669388804136 -0.7269882463057082
-0.7204242485567899 0.29015021397260804
-72.88188147492909 -0.6739362803085882
-72.88260480335003 -0.6743912822896636
-72.88290617628782 -0.6741627553927224
54.36812842689917 0.5871512098224453
54.325177589833295 0.5850093807670129
54.32460699433457 0.5854420547988833
44.58356684496531 -0.5214076922047719
-9.118814231611042 -0.0839954815121024
-8.981219127329428 -0.07321963354327594
-13.15607274368265 -0.6086429536739776
-0.7214210511083314 0.2909060749458899
-12.61244789859864 -0.7759243175917737
24.513898156075708 -0.15042562013160846
23.78747212376252 0.08550621137180286
20.83510205470604 -0.19748532111468842
20.650162813906284 -0.20803393624969965
20.60442846876222 -0.21028513227578355
-55.16652071804829 -2.1828328045697694
-55.16652071804829 -2.1828328045697694
-55.10616733671203 -2.178784938136136
-55.10616733671203 -2.178784938136136
-0.7436608104125305 0.2913529448219093
-55.095949888339796 -2.1871310225480216
-127.61494532879381 -2.0613038720340158
-128.8185614946269 -2.2033941635340097
-94.52366785111363 -2.0547861301071855
-94.52366785111363 -2.0547861301071855
-107.37711270233264 -1.4607157250541598
-107.37657254977894 -1.4611289445317133
-107.41061624305068 -1.4628498585448355
-107.32421576114943 -1.4580450321738463
-107.54434211106381 -1.3908109993851168
-47.29938005431107 -0.3840936581947868
-105.54492278699814 -1.1392791251949643
-99.41438227414123 -0.43356329403812355
-74.16581346043776 -0.8303698241349484
-74.16660983303521 -0.8297618100410316
-74.16535333407977 -0.830721121142183
-54.564489638577875 -0.8646662595667516
-54.56556989990204 -0.865105827352498
91.00280097962114 0.2052650659509615
91.05331437262136 0.2094876854204754
94.87834352802483 0.38453265326041075
-47.30134888691664 -0.3825953424629601
94.87389639267242 0.38573883924537367
94.91170491284925 0.3900119837881129
95.72546784764376 0.11944521637458122
-52.20423646610955 -0.9080157519728509
-52.2114493716594 -0.908815192487755
-54.826346283171354 -1.1310251119943722
-54.82827212722075 -1.1295547697929402
-71.48312150534227 -0.8651517813756731
-71.4761799910453 -0.8644215670133601
-72.53274757171936 -0.9668202441814431
-10.920792659489884 -0.37443871208540097
-72.53938808539988 -0.9617402173779449
-72.53891035894308 -0.9621024705587868
-100.24378957502444 -0.8853606373349783
-24.536626318206686 0.6916763404286865
-30.086646925538382 0.02872234036646304
-30.13007699367404 0.026413539631180122
-30.094638888465774 0.027280523284733266
-30.090750783106014 0.025876528060858633
-79.24460460243046 -0.7036066472188293
-79.2446429692961 -0.7035776028744051
-10.882751673262192 -0.37220656914873235
1.3482222400078392 0.11768847577914829
1.3492168320374684 0.11693157391526005
79.9499675833629 -0.34941533221431076
86.54567658851299 0.41248716062021734
86.54673463814024 0.41168250149871105
86.54505928782983 0.41087964089388834
87.56886321526555 0.08892519905408741
-65.0061928510322 -1.0955396744384078
-65.00760447307816 -1.0944619301491167
-64.97543861534247 -1.0935973062310564
-10.883181345118377 -0.3685593720043273
-52.967528716123326 -0.6739452911651946
-64.97143396065553 -1.0957388115632674
-82.2860371560822 -0.867504978769827
-82.28903768629115 -0.8652095576681991
-77.76997311691612 -0.4364099164643881
44.59399454622432 1.0626568872250188
44.59457253505927 1.0622186065955992
43.01304611928138 0.8759700752127161
-22.283541118296984 0.9604869811693674
-22.354368683543786 0.9594540643900045
-23.962869769111055 1.4723673378163276
-41.7597061732512 0.08406917366489869
-23.949089852631246 1.4699582777234137
-75.9850265305087 -0.6450988110548049
-75.98551320267484 -0.6447284458232985
-76.49253853546035 -0.4870913986547839
-63.99500681188263 0.7441168208869151
-27.18911175210008 0.11550832078213591
-32.036127374821895 -0.3939618008077242
-32.03596513676058 -0.3940846174804016
80.02935196409956 0.6335101171367669
140.38846669849713 0.60969145370206
-41.72887636981814 0.08622575247322309
140.32663877799814 0.6055851656050275
140.24731348154543 0.601009250161621
140.25021439547984 0.6026733281647076
140.29652557418 0.6063927787520098
140.2961697508325 0.6066621425461142
17.832099543061613 -0.7313140314311315
163.14279309154185 0.07146109465135686
163.12525589731166 0.07053799753393775
163.0949359861569 0.06870243164543821
110.70988898017363 -0.15893325171852613
-41.72864202572524 0.08604835034749794
117.1782950232898 0.42447409760574883
116.24955951527159 0.7208485701754812
116.36148445985417 0.7266276073028374
116.37132647889803 0.72367870609585
119.12941816651986 0.9592316859839567
119.12370987648839 0.9635898479493792
57.9259670650103 2.019255927825258
57.92113697400379 2.0229436028987764
57.910870186193264 2.03079774855142
26.80548835763985 0.75672157450296
63.87489048559099 1.4337317308337643
26.81675280327402 0.7505234631961134
26.990825136497726 0.7630326277441941
26.991208412070687 0.7627419954288468
30.49745818957993 1.1313938641943209
23.22341101993157 0.2718938812549819
23.197404522221653 0.2693503976436605
23.20751522633589 0.2683071523890266
24.19702529110995 -0.04481451256032121
67.64949361360172 -0.49512772318633785
-66.24222358356754 -1.215302221418573
63.87917693997387 1.4357678347798284
-86.98476908364832 -1.3070782720820304
-86.9850533051689 -1.3068627509876585
-86.98287635335491 -1.3085281303656189
9.799040346641835 -0.018075355549096887
8.780023799753591 0.3101883224467441
8.776243105611547 0.3113582046554678
148.0496990198289 1.809248173045729
148.0451119541646 1.812750302674308
108.49230743570008 2.984344650060291
108.49769144760474 2.9802340683059714
53.013751965376755 0.5088873271658421
21.32610864069875 2.5167290856915923
21.31988703267581 2.5214886475504352
21.535175344939304 2.534220394558503
21.264500903697318 2.5160377888537515
21.34713972224784 2.519807175421266
25.93871262066321 2.9875617986227687
15.400454980542744 1.7413675105300173
56.266328992488276 1.692471905032768
56.26730910252738 1.6949203519125484
57.95192726872075 1.1514415723562863
52.957186463228105 0.5305416429198284
-25.41814899420147 1.0767488719318556
-25.41792613667956 1.0765801651645859
-95.3043319894917 -0.12824258630661417
-88.56705394914087 0.5133105279981001
-88.56721618731835 0.513433344926767
-45.20871033138779 -0.053675936937469554
-45.173565233680485 -0.05236539144724875
-45.170481035926684 -0.054712519270325805
-51.829690243004286 -0.6391946159495843
-51.825628827051545 -0.6405687301049489
52.95737960444819 0.5303954319955326
-51.73368064620339 -0.6362898707231891
51.941189518388434 0.8625570291152231
-27.338346708773685 0.35581623212589286
-53.98163437913628 -0.8011061377705183
3.8525814988778286 -0.25121596648726935
3.825806981338698 -0.252008472343855
3.853150029308054 -0.2505595958013646
3.8555656920195034 -0.2524039043151194
3.8494973971739266 -0.2477616275519249
3.857409767579458 -0.248823676518393
4.589666219473847 -0.480301134169039
4.589274435091921 -0.48000404957124954
-30.277637465999042 -0.9570337374414031
82.95989807943192 -0.30473841556052733
-53.94047779466109 -0.798252783495935
82.96493630217225 -0.30664928972741834
78.36568317606141 -0.7639508654108578
84.19415261043254 -0.22695928645197383
137.2543378564909 0.30722583769369005
138.004294050291 0.061986153173274716
144.9030778493365 0.6658595186166192
144.89222495714546 0.6685043376780538
95.15491596620379 1.5870944721137468
94.17992395447385 1.437512395341594
94.11799241184421 1.4337897464130889
-56.061060785544065 -1.0438522067171996
94.13927263959387 1.4372621495339368
-23.570012732481672 0.08816660178649162
-23.565044643021277 0.08438579973651408
-23.56297672778388 0.08281312632829867
-23.614900739349835 0.07939173961034449
-66.39102817605485 0.09976764263054766
-66.38964463744345 0.09871544507103819
-1.0717859621353674 0.2614383478494664
-100.60286336892803 -0.8370191852132978
-103.82885824495997 -1.2068912461855261
88.01181920855764 -0.15222769295797595
-103.82872176545405 -1.2069950404465302
-135.27205137226807 -1.0201320830653442
-135.2270168256457 -1.0170008154764478
-132.2119694919576 -0.6413268353008843
-132.211706440534 -0.6415268889362439
-132.21245331814657 -0.6409585021814529
-93.19557156682532 0.05025916846962347
-93.17120206631549 0.05075694164884209
-92.22839889327109 -0.24677160049624075
-92.27176349844649 -0.2483669065506589
49.559665259283136 -0.0020911936729817726
-92.26759663056276 -0.2494105143522916
21.917671524807684 1.9891396820677474
23.4283622759153 1.4967241558492512
23.40492530579552 1.4975497427771605
23.39763724822607 1.5030960808038016
-66.01499396215198 0.12766696103434833
-18.654543853119023 -0.05902799424658789
6.060766276497598 -0.47361986450032717
6.060417217644744 -0.47335562153986244
6.060501790987679 -0.47160917234848737
50.39709115189012 -0.2677770667447248
7.73218932380369 -0.31849590989299237
7.732340559451981 -0.3186103976442773
7.702230755134369 -0.3198719301333355
7.739477331826119 -0.31750590779607807
2.8745286053923835 -0.7338192390355394
27.922037931634453 0.13449586035619798
27.900539842923052 0.13185102759046013
28.05997052574626 0.17510295893035266
70.32431970026468 -0.3432444368621669
70.32631199204825 -0.34475959770766534
50.405375108240236 -0.2663046281754911
75.84758552219446 0.1377767986662592
75.87355796091782 0.13834097420226493
75.92367264927674 0.14001537384048723
28.57056441210865 -0.5068371621861834
28.03675656116566 -0.3391571446188548
28.034729197863065 -0.3376142858899529
28.03465275829484 -0.33755641986897894
-86.04964401221952 -1.1365165713426588
-86.0531461251477 -1.1352407917634526
35.221981369087736 0.36344709298126154
50.406716962494066 -0.26917566898331474]
phi	[0.2612373162917826 -0.19761580667141943
0.2604096305788675 -0.2544546581278803
0.2630718856381247 0.09210282581550322
0.26568854439499656 0.43693715544163675
0.2654378884073764 0.402241230171427
0.2652089134498756 0.36886998278086824
0.26498469396678703 0.33609349688529133
0.2647629957452864 0.3037204468538924
0.2645436578660335 0.27173877376600136
0.2643266466403131 0.2401434084033834
0.264111936172537 0.2089295740639807
0.2638995012849416 0.1780925630683909
0.26368931712142224 0.147627726762522
0.2634813590922277 0.11753047461144078
0.2632756028962262 0.08779627431461913
0.2630720244942506 0.058420649998258585
0.26287060012754737 0.02939918184586616
0.26267130628961755 0.0007275058661748301
0.2610401328010897 -0.21384116494898583
0.2594301708261936 -0.4246800330577036
0.25927713148212245 -0.44747026094498604
0.25911623175729825 -0.47039282444095687
0.26039467739585787 -0.3076430815207437
0.2616465034289735 -0.14662898199665667
0.26144941179044046 -0.17370247006437126
0.2612638755883876 -0.20002799318754683
0.2610814664753959 -0.22594271935759971
0.26090105222883786 -0.251542238712158
0.26215621956830615 -0.09057670418277992
0.2633845733552695 0.06860108199418015]
workGrid	[584.5,585.0,585.5,586.0,586.5,587.0,587.5,588.0,588.5,589.0,589.5,590.0,590.5,591.0,591.5,592.0,592.5,593.0,593.5,594.0,594.5,595.0,595.5,596.0,596.5,597.0,597.5,598.0,598.5,599.0]
criterionValue	99.99859845111678
cumFVE	[99.98650353785916,99.99859845111678]
lambda	[5281.540637913927,0.6388839855561651]
smoothedCov	[348.52363260086145 347.40984757896626 350.9065516961341 354.34092056876125 354.0081491323288 353.705765928764 353.4097298251177 353.11703891810737 352.8274788001318 352.5410046280221 352.25758191165977 351.9771771161114 351.69975713581834 351.42528922170334 351.1537410100953 350.88508048792505 350.61927601656896 350.35629629492524 348.2115027504101 346.0953231663757 345.8943460054926 345.68212308970675 347.361831409263 349.0053106308342 348.7444030954181 348.4996376166843 348.25903757063753 348.02108174297234 349.6698273814193 351.28209782561635
347.40984757896626 346.3192524353144 349.7905059501645 353.20110221091636 352.87232592356395 352.5721933966679 352.27829435629087 351.98771383092844 351.7002413894013 351.4158326094316 351.1344532522637 350.8560700228336 350.5806500523063 350.30816082572755 350.0385702109097 349.77184642372004 349.507958051958 349.2468740184345 347.11791480824286 345.0166617970499 344.81634612380674 344.6056217395583 346.27278944325644 347.9047920265057 347.6465589332888 347.4035926964227 347.16472791326646 346.92848695119847 348.56497461517574 350.1660512388953
350.9065516961341 349.7905059501645 353.3790765198064 356.90593607659684 356.56633551296636 356.25618099489475 355.9524628105746 355.65217395230775 355.3550981225935 355.0611894879039 354.7704126381368 354.4827331325223 354.198116970656 353.9165305187953 353.6379405393209 353.36231415506063 353.08961887366877 352.8198225500464 350.6194511368303 348.44796221666184 348.24088627697984 348.02314374767866 349.7460224081515 351.4328973337033 351.16614169343666 350.9150788034085 350.6682512105335 350.42413510750794 352.1156293526874 353.7708584931679
354.34092056876125 353.20110221091636 356.90593607659684 360.54822869974305 360.19810342110395 359.87803393006106 359.56459456614266 359.2546939310241 358.94811015837513 358.64479602826486 358.34471497209597 358.0478314155662 357.7541102387413 357.46351670092736 357.17601647076845 356.8915755896887 356.6101604966416 356.3317379899763 354.0606410063119 351.8195214512016 351.6056570540759 351.3809628596673 353.15899989883474 354.90031228619046 354.62521388940604 354.3661376270484 354.11142561673387 353.8595117238556 355.60548940751323 357.3144653613199
354.0081491323288 352.87232592356395 356.56633551296636 360.19810342110395 359.84942313270267 359.5304336970303 359.21803951203697 358.90917020047334 358.60360498626824 358.3012968515487 358.0022093863199 357.7063071707246 357.4135552372351 357.1239189956624 356.8373642632416 356.55385722812446 356.273364474167 355.9958529427855 353.7315366232224 351.4969234495393 351.2836137533345 351.0596386043435 352.8325330308098 354.56892327845253 354.2948524812158 354.0366191688488 353.7827290320438 353.5316264175176 355.272522793141 356.97663934756247
353.705765928764 352.5721933966679 356.25618099489475 359.87803393006106 359.5304336970303 359.21245133021694 358.9010446041332 358.5931502097627 358.28854783096585 357.98719061449196 357.68904230031694 357.39406761604744 357.10223173971974 356.8135002248796 356.5278390306547 356.24521448531084 355.96559331104083 355.688942585846 353.4308953228374 351.2024338025649 350.9897898605946 350.76650101087984 352.534669492562 354.26641156701453 353.9931694213566 353.735725435953 353.4826113427232 353.2322750353243 354.96850964368286 356.66804342358637
353.4097298251177 352.27829435629087 355.9524628105746 359.56459456614266 359.21803951203697 358.9010446041332 358.59060723061793 358.28366993638906 357.9800127898253 357.67958909559536 357.3823627409296 357.0882985984365 356.7973619892995 356.50951860841144 356.2247345544365 355.94297629342145 355.66421068359523 355.3884049372771 353.13649905457896 350.91407077985605 350.7020878218723 350.47947320821464 352.24301488622496 353.97019963884077 353.6977633093867 353.4410934568979 353.1887410252143 352.93915684946285 354.670827730999 356.36586847549324
353.11703891810737 351.98771383092844 355.65217395230775 359.2546939310241 358.90917020047334 358.5931502097627 358.28366993638906 357.9776776602887 357.6749538262758 357.3754518944962 357.0791358973065 356.78597085022136 356.4959222155135 356.20895582738365 355.92503792203 355.6441351012953 355.3662143574936 355.0912430353235 352.8454076024191 350.62894336837235 350.4176135110752 350.1956648060739 351.95463172196605 353.6773100762034 353.40566925055487 353.1497639113343 352.8981637109348 352.649322366497 354.3764808561059 356.0670787696354
352.8274788001318 351.7002413894013 355.3550981225935 358.94811015837513 358.60360498626824 358.28854783096585 357.9800127898253 357.6749538262758 357.37315175819253 357.07456019908045 356.7791433243242 356.4868662902843 356.19769469828054 355.91159451981457 355.62853212662503 355.3484742543992 355.0713880275962 354.79724092139224 352.5574086403976 350.3468425373767 350.1361578369175 349.9148669613062 351.66930814544503 353.387528356016 353.1166734010044 352.8615233202345 352.61066624691193 352.36255875435893 354.0852532192539 355.77145588018857
352.5410046280221 351.4158326094316 355.0611894879039 358.64479602826486 358.3012968515487 357.98719061449196 357.67958909559536 357.3754518944962 357.07456019908045 356.7768677741294 356.4823389359948 356.1909389798417 355.90263364402756 355.617389035368 355.33517165918386 355.0559483830734 354.77968646173736 354.50635349894515 352.27245798558033 350.06772498543705 349.85767758733743 349.6370365671604 351.3870003784018 353.1008100537565 352.8307314804424 352.57632752839083 352.32620459908844 352.0788220983447 353.7971002440536 355.4789545944018
352.25758191165977 351.1344532522637 354.7704126381368 358.34471497209597 358.0022093863199 357.68904230031694 357.3823627409296 357.0791358973065 356.7791433243242 356.4823389359948 356.18868718760064 355.8981535111037 355.61070377991314 355.32630423419744 355.0449215109343 354.7665226077228 354.49107490762344 354.21854614114375 351.99052177887097 349.7915576033379 349.58213975016156 349.36214071010687 351.10767496372455 352.8171211779245 352.5478096151153 352.29414277500234 352.04474511770206 351.79807885810783 353.5119878539481 355.18954030887835
351.9771771161114 350.8560700228336 354.4827331325223 358.0478314155662 357.7063071707246 357.39406761604744 357.0882985984365 356.78597085022136 356.4868662902843 356.1909389798417 355.8981535111037 355.608475450842 355.32187080556525 355.03830594686553 354.75774764146695 354.48016301509347 354.20551957730686 353.9337851835245 351.71156710723517 349.51830821252634 349.30951224315146 349.09014740507274 350.83129938559796 352.53642869022997 352.26787488169373 352.01493624775617 351.766255099675 351.5202964382098 353.22988292991977 354.9031793893869
351.69975713581834 350.5806500523063 354.198116970656 357.7541102387413 357.4135552372351 357.10223173971974 356.7973619892995 356.4959222155135 356.19769469828054 355.90263364402756 355.61070377991314 355.32187080556525 355.03610085865967 354.75336044030746 354.47361644510545 354.1968361250439 353.9229871143614 353.6520373915756 351.4355614781921 349.2479450458459 349.0397633943109 348.8210250760071 350.55784154381854 352.25869997440213 351.99089477739994 351.73867555347056 351.49070225967506 351.2454426595907 352.950752775801 354.61983863092564
351.42528922170334 350.30816082572755 353.9165305187953 357.46351670092736 357.1239189956624 356.8135002248796 356.50951860841144 356.20895582738365 355.91159451981457 355.617389035368 355.32630423419744 355.03830594686553 354.75336044030746 354.47143434328086 354.1924946763987 353.9165088160929 353.64344451946977 353.3732698863704 351.16247274628677 348.9804366748276 348.77286186911476 348.55474248313493 350.2872696803106 351.98390276207874 351.7168371459437 351.46532864409943 351.2180546561639 350.97348568567105 352.674565043696 354.33948518241414
351.1537410100953 350.0385702109097 353.6379405393209 357.17601647076845 356.8373642632416 356.5278390306547 356.2247345544365 355.92503792203 355.62853212662503 355.33517165918386 355.0449215109343 354.75774764146695 354.47361644510545 354.1924946763987 353.91434948015126 353.63914835542937 353.3668591804353 353.09745017457567 350.8922691427533 348.71575203900693 348.5087766998722 348.29126875231316 350.0195524087717 351.7120051627294 351.4456702074656 351.1948638466506 350.9482807213157 350.7043940522546 352.40128776413803 354.0620865772062
350.88508048792505 349.77184642372004 353.36231415506063 356.8915755896887 356.55385722812446 356.24521448531084 355.94297629342145 355.6441351012953 355.3484742543992 355.0559483830734 354.7665226077228 354.48016301509347 354.1968361250439 353.9165088160929 353.63914835542937 353.3647223629848 353.0931988362951 352.8245461126046 350.62491924024425 348.45386041120355 348.2474772509888 348.030573340341 349.75465867955563 351.4429756280856 351.17736252300114 350.927249827712 350.6813492255783 350.4381366321394 352.13088931029233 353.7876106968042
350.61927601656896 349.507958051958 353.08961887366877 356.6101604966416 356.273364474167 355.96559331104083 355.66421068359523 355.3662143574936 355.0713880275962 354.77968646173736 354.49107490762344 354.20551957730686 353.9229871143614 353.64344451946977 353.3668591804353 353.0931988362951 352.82243160219423 352.55452593150324 350.36039197747414 348.1947314219269 347.9889332434191 347.7726260594013 349.49255780432077 351.1767829770406 350.91188301937905 350.6624556183365 350.4172293025668 350.174682660008 351.8633384230593 353.5160257962025
350.35629629492524 349.2468740184345 352.8198225500464 356.3317379899763 355.9958529427855 355.688942585846 355.3884049372771 355.0912430353235 354.79724092139224 354.50635349894515 354.21854614114375 353.9337851835245 353.6520373915756 353.3732698863704 353.09745017457567 352.8245461126046 352.55452593150324 352.28735819909025 350.0986566217084 347.9383350222215 347.7331147175001 347.51739703992644 349.23321941859695 350.9133963578802 350.6492009514995 350.40045057635325 350.15589041139344 349.9140016947813 351.59860417311575 353.2473004656563
348.2115027504101 347.11791480824286 350.6194511368303 354.0606410063119 353.7315366232224 353.4308953228374 353.13649905457896 352.8454076024191 352.5574086403976 352.27245798558033 351.99052177887097 351.71156710723517 351.4355614781921 351.16247274628677 350.8922691427533 350.62491924024425 350.36039197747414 350.0986566217084 347.9536217418863 345.8362291554513 345.63521184877845 345.4238618394111 347.1057930878378 348.7526102186057 348.49372442967206 348.2500119242004 348.01040526425277 347.77341416743684 349.42456479052635 351.0403496539584
346.0953231663757 345.0166617970499 348.44796221666184 351.8195214512016 351.4969234495393 351.2024338025649 350.91407077985605 350.62894336837235 350.3468425373767 350.06772498543705 349.7915576033379 349.51830821252634 349.2479450458459 348.9804366748276 348.71575203900693 348.45386041120355 348.1947314219269 347.9383350222215 345.8362291554513 343.7611278894037 343.56431932028727 343.3572669247674 345.0058667182857 346.61981110033594 346.3660677480566 346.1273041604218 345.89256704121954 345.66039085277 347.27865549695343 348.86202180470355
345.8943460054926 344.81634612380674 348.24088627697984 351.6056570540759 351.2836137533345 350.9897898605946 350.7020878218723 350.4176135110752 350.1361578369175 349.85767758733743 349.58213975016156 349.30951224315146 349.0397633943109 348.77286186911476 348.5087766998722 348.2474772509888 347.9889332434191 347.7331147175001 345.63521184877845 343.56431932028727 343.368041990836 343.1614554333653 344.8068856296936 346.417636288405 346.16436611893636 345.92612895081504 345.69191353519545 345.4602528099961 347.07539566681726 348.65561685383545
345.68212308970675 344.6056217395583 348.02314374767866 351.3809628596673 351.0596386043435 350.76650101087984 350.47947320821464 350.1956648060739 349.9148669613062 349.6370365671604 349.36214071010687 349.09014740507274 348.8210250760071 348.55474248313493 348.29126875231316 348.030573340341 347.7726260594013 347.51739703992644 345.4238618394111 343.3572669247674 343.1614554333653 342.9553404573496 344.5974596113997 346.2049450250697 345.952234175654 345.714537994172 345.48085517765486 345.2497205450858 346.86159808575894 348.43860061669875
347.361831409263 346.27278944325644 349.7460224081515 353.15899989883474 352.8325330308098 352.534669492562 352.24301488622496 351.95463172196605 351.66930814544503 351.3870003784018 351.10767496372455 350.83129938559796 350.55784154381854 350.2872696803106 350.0195524087717 349.75465867955563 349.49255780432077 349.23321941859695 347.1057930878378 345.0058667182857 344.8068856296936 344.5974596113997 346.26607373025035 347.8996286398942 347.6428739746484 347.4013539943862 347.16391218637455 346.92905972427525 348.56708545120637 350.169803686651
349.0053106308342 347.9047920265057 351.4328973337033 354.90031228619046 354.56892327845253 354.26641156701453 353.97019963884077 353.6773100762034 353.387528356016 353.1008100537565 352.8171211779245 352.53642869022997 352.25869997440213 351.98390276207874 351.7120051627294 351.4429756280856 351.1767829770406 350.9133963578802 348.7526102186057 346.61981110033594 346.417636288405 346.2049450250697 347.8996286398942 349.558905010701 349.29823806662125 349.0529545307986 348.8118095995601 348.57329438242596 350.23705190522014 351.86514688174793
348.7444030954181 347.6465589332888 351.16614169343666 354.62521388940604 354.2948524812158 353.9931694213566 353.6977633093867 353.40566925055487 353.1166734010044 352.8307314804424 352.5478096151153 352.26787488169373 351.99089477739994 351.7168371459437 351.4456702074656 351.17736252300114 350.91188301937905 350.6492009514995 348.49372442967206 346.3660677480566 346.16436611893636 345.952234175654 347.6428739746484 349.29823806662125 349.03832370631653 348.793691368724 348.5531834274783 348.31529724674016 349.9750619610545 351.5992967491529
348.4996376166843 347.4035926964227 350.9150788034085 354.3661376270484 354.0366191688488 353.735725435953 353.4410934568979 353.1497639113343 352.8615233202345 352.57632752839083 352.29414277500234 352.01493624775617 351.73867555347056 351.46532864409943 351.1948638466506 350.927249827712 350.6624556183365 350.40045057635325 348.2500119242004 346.1273041604218 345.92612895081504 345.714537994172 347.4013539943862 349.0529545307986 348.793691368724 348.54968121894456 348.3097851696488 348.07250338488564 349.7284964180717 351.3490207534437
348.25903757063753 347.16472791326646 350.6682512105335 354.11142561673387 353.7827290320438 353.4826113427232 353.1887410252143 352.8981637109348 352.61066624691193 352.32620459908844 352.04474511770206 351.766255099675 351.49070225967506 351.2180546561639 350.9482807213157 350.6813492255783 350.4172293025668 350.15589041139344 348.01040526425277 345.89256704121954 345.69191353519545 345.48085517765486 347.16391218637455 348.8118095995601 348.5531834274783 348.3097851696488 348.0704911649857 347.8338040667962 349.486089450671 351.10296298114736
348.02108174297234 346.92848695119847 350.42413510750794 353.8595117238556 353.5316264175176 353.2322750353243 352.93915684946285 352.649322366497 352.36255875435893 352.0788220983447 351.79807885810783 351.5202964382098 351.2454426595907 350.97348568567105 350.7043940522546 350.4381366321394 350.174682660008 349.9140016947813 347.77341416743684 345.66039085277 345.4602528099961 345.2497205450858 346.92905972427525 348.57329438242596 348.31529724674016 348.07250338488564 347.8338040667962 347.5977043966835 349.24632273403813 350.859585258489
349.6698273814193 348.56497461517574 352.1156293526874 355.60548940751323 355.272522793141 354.96850964368286 354.670827730999 354.3764808561059 354.0852532192539 353.7971002440536 353.5119878539481 353.22988292991977 352.950752775801 352.674565043696 352.40128776413803 352.13088931029233 351.8633384230593 351.59860417311575 349.42456479052635 347.27865549695343 347.07539566681726 346.86159808575894 348.56708545120637 350.23705190522014 349.9750619610545 349.7284964180717 349.486089450671 349.24632273403813 350.9207570798608 352.5594120987571
351.28209782561635 350.1660512388953 353.7708584931679 357.3144653613199 356.97663934756247 356.66804342358637 356.36586847549324 356.0670787696354 355.77145588018857 355.4789545944018 355.18954030887835 354.9031793893869 354.61983863092564 354.33948518241414 354.0620865772062 353.7876106968042 353.5160257962025 353.2473004656563 351.0403496539584 348.86202180470355 348.65561685383545 348.43860061669875 350.169803686651 351.86514688174793 351.5992967491529 351.3490207534437 351.10296298114736 350.859585258489 352.5594120987571 354.223113534259]
