FVE	99.99971089997251
xiVar	nothing
obsGrid	[573.5,574.0,574.5,575.0,575.5,576.0,576.5,577.0,577.5,578.0,578.5,579.0,579.5,580.0,580.5,581.0,581.5,582.0,582.5,583.0,583.5,584.0,584.5,585.0,585.5,586.0,586.5,587.0,587.5,588.0,588.5,589.0,589.5,590.0,590.5,591.0,591.5,592.0,592.5,593.0,593.5,594.0,594.5,595.0,595.5,596.0,596.5,597.0,597.5,598.0,598.5,599.0]
selectK	2
xiEst	[43.72734272253688 0.4903502113576672
43.729360162624204 0.49026015121646327
43.73375595101162 0.5526692279586977
43.73138809706474 0.5366365571145161
45.605088199861775 1.9585716640739095
97.00044871409311 0.619918177638674
31.53157483843 -0.018898920722635548
-107.44917923366135 -1.2278171520662298
-107.10546463924199 -0.8735581925762697
-107.10121615715765 -0.8646285546317811
-5.923299758716803 0.7629493816765801
-107.1045719244282 -0.864448398700822
-106.9576612469811 -0.854868365961647
-106.96709522597968 -0.865307023888827
-56.12887647202682 -3.638953189794799
-56.257859080630965 -3.654080313921508
-48.8610242012428 1.5338651935998235
-48.8616916543641 1.5338949892497107
-46.686378245842384 3.0591725010776196
61.63565125768571 1.3854821061701212
61.77514482496483 1.4206445985705776
-5.920984635582821 0.7627086780107559
61.70159715917207 1.3665135939260669
61.7024328912827 1.3664762861569937
143.491070459516 2.145740061624158
-12.477331048389114 0.3127498820595743
-12.476360611025893 0.3036662316877414
-12.479942154070493 0.3038585096670158
-12.487641230172127 0.2840821895789286
-61.79555957786918 -1.0636950721918326
-61.80258831197055 -1.062757893210663
-61.789784773710984 -1.0723959869942261
-5.929344932710222 0.7638234015178917
-88.24108675538875 -1.0825541787275914
-88.24042526717754 -1.0871482652496685
-88.24065396979064 -1.0871473253496209
69.94862536527704 0.2624407433916085
69.91249793670727 0.24311772377138485
69.91206492806147 0.2431195032959863
67.6968768646612 -1.6233683311788254
-8.139794220982923 -0.9844213128338151
-8.08823850474484 -0.9617932161762626
-8.787271640460883 -1.4444126182055848
-5.930101376642505 0.7638265109176016
-8.625262653427137 -1.4279660066994049
31.644688525473466 0.12190227156755007
31.40359418056575 0.10609460145769767
30.803813003338764 -0.6350893379897774
30.6838820221162 -0.6560656045882067
30.639607259021883 -0.6581867563828298
-49.660296628358054 -3.2214899849007934
-49.660296628358054 -3.2214899849007934
-49.63780505559215 -3.2139556095894815
-49.63780505559215 -3.2139556095894815
-5.936272692839135 0.721537757617291
-49.62951475888231 -3.2158772120180292
-148.0297240328816 -2.826306301195909
-148.21425778041467 -2.9506097648786422
-103.8561434603831 -2.888535005165436
-103.8561434603831 -2.888535005165436
-127.69898375254493 -2.0532426476670755
-127.69857426861282 -2.05329724635181
-127.71358034962972 -2.060050315987647
-127.67001036804815 -2.054682419274435
-127.7397260985929 -2.0615582534666976
-61.60323648062567 -0.1450244962625149
-127.37842110537319 -1.818265502875776
-126.02467159701887 -0.6341822356572155
-88.49327684256542 -1.2849423041753636
-88.49388070517674 -1.2848795204294996
-88.49292794427564 -1.2849785792236958
-62.04685727351313 -1.2783855729263338
-62.04603894084765 -1.2853288608017768
122.33785542297598 -0.13392232733237774
122.35442675793881 -0.13585184321096255
123.2614293214916 0.3866734588919405
-61.604729980251804 -0.14494431724611645
123.26063446077222 0.3769269266608326
123.25948950728684 0.3482189677488252
123.53432857939531 0.36460451909380875
-61.44780236291986 -1.0360654374601732
-61.44606089572474 -1.0174978217480384
-62.044354304713984 -1.4470700247307435
-62.04581460734354 -1.4469181967480027
-87.82334538874746 -0.8680888086592073
-87.82633239934805 -0.8862918976433565
-88.04067190581381 -1.0093098086001353
-13.038124263079963 -0.09601581815811355
-88.04570600773982 -1.0086385848036343
-88.04534347581459 -1.0086400747062796
-126.1182248303998 -0.8438535135368062
-36.49590843992286 0.6817323530125254
-37.66092481180581 -0.21145616178075233
-37.70030376060398 -0.22814109746327815
-37.680884744117776 -0.19414634022596666
-37.67977816566711 -0.18685860605840166
-96.40116232531135 -1.2449014032449544
-96.40119144569579 -1.2449019230594605
-13.026365424639588 -0.10689168027940138
3.617969794676738 -0.4503462758872964
3.6187242640119592 -0.45038678009138716
113.12674696049214 -1.3016839089399603
114.55933540821536 -0.002540812225941824
114.56013807149937 -0.0025766437710279533
114.57765860762149 -0.005425281321776776
114.9084971880221 0.020223491342319377
-75.3786146268156 -1.4925846505932439
-75.3796850125498 -1.492473362391073
-75.35469466396557 -1.4731790935613804
-13.03029904905623 -0.09339479853863536
-61.68900276995515 -1.008629206017263
-75.35261082980699 -1.469826342794064
-101.2817628854824 -1.0046094364593539
-101.28403755436368 -1.0043061426319109
-100.30230562454682 -0.3143528926177406
45.825322058484446 1.8080296040351609
45.825760676340934 1.8080278013405808
45.52758500205403 1.92170291673572
-42.66519816647504 1.9027108320612964
-42.701041995742344 1.8350578462025442
-43.217643132407424 1.7962008280858628
-60.36487595897583 0.9289799457814851
-43.17315206997277 1.8250708135406848
-95.83425669186181 -1.06117820212423
-95.83462586904942 -1.0611583839759846
-95.98121817410731 -1.0771914580165642
-93.09115211422633 1.2774515012327994
-37.02960107992844 0.16215043029727205
-38.04823884430772 -0.5935455576005677
-38.048115704795684 -0.593543359297811
100.87309603257114 0.635251321576281
181.78082659558322 0.6442941907456339
-60.35011136892571 0.8896471964152706
181.75230531711676 0.6739573507529171
181.72705356859663 0.6628077374164967
181.7247371357429 0.6810967024736039
181.74618095202652 0.6361305860622979
181.74591088051838 0.636125765217276
30.147063639370703 -0.9839353380744877
214.53172826889954 -0.015401971947463622
214.53643043094095 -0.002548189877519036
214.53839011696618 0.002156599889856281
147.66004433507754 -0.5401798443957802
-60.34993350109479 0.8896503714499386
148.98546844155308 0.3491482359774447
148.68950724535225 0.32368131732995753
148.76672378099929 0.35331037199998416
148.76943128546088 0.36848382457664863
149.4494772943607 1.1957616918382796
149.4451488907007 1.1962117170782784
56.07291783475349 3.1583021936469438
56.069255338953525 3.1586829842512794
56.06147219991139 3.159720752141836
31.770418848567942 0.25624828623018636
63.703399704910574 3.107240874347777
31.776352828032003 0.26469633994224895
31.887952683230164 0.2823225279235664
31.888243539466703 0.28232133254049563
32.75757547899011 1.317168544551637
31.20738683460389 0.07056927238458754
31.211279576163673 0.06690900018319756
31.220043280123324 0.11097417309633495
31.543467081043097 0.13445638337472388
95.17074990915532 -0.8487641891549285
-75.62959169784192 -1.6427497916343494
63.71168096505379 3.0468234596250916
-102.29175989083902 -1.7910200226709097
-102.29197557789331 -1.7910191362420358
-102.29032525410985 -1.791239182716848
11.804285534733562 0.26229668948837315
11.465669929887905 0.2390601589339627
11.465001162730685 0.23018711360599609
183.3949574735067 2.008135456947069
183.39147925481015 2.008497088175245
119.34104942592043 3.909125538727751
119.3451319415717 3.9087010787380025
61.27348367445366 1.272755826860195
7.716461302072191 2.655553709332286
7.711744767315241 2.6561825895102436
7.8427226281844895 2.72460195985912
7.661635488725479 2.6815855663623145
7.759651133038654 2.695737941391742
8.915056046854103 4.07805903369121
6.6764181801161016 2.275705125032452
61.762367355680325 2.133850370319657
61.76955100078586 2.080490840781411
62.32274288493787 2.1160088924282316
61.19194492683415 1.089254762670695
-48.28871194554824 2.0327318225721083
-48.28854279679418 2.0327348408962784
-127.54509899838258 0.24494674554517815
-126.13195819604593 1.2694326992775231
-126.13208133662093 1.2694305000758295
-61.25959944075177 0.1562686473370576
-61.23213657339397 0.16929778880532886
-61.229796991069975 0.16917218647867704
-62.81354362337484 -1.0876965621928998
-62.81212096909636 -1.0832372676525635
61.19209152182028 1.0892573794180622
-62.751601999000734 -1.0657895785326923
60.86041959712732 1.0669495067706607
-37.12639308229167 0.218036901799341
-61.91902163170697 -1.1269611482689366
10.341269008550539 -0.7430086036304846
10.323962145010317 -0.7658913559351068
10.348297361874996 -0.7552338259924215
10.350129077848456 -0.7554242698996111
10.345528771109649 -0.754810886566097
10.37201651226505 -0.7407579068604342
10.6096885624895 -0.7218758253480562
10.609391249417955 -0.7218746035020975
-30.287564438980155 -1.5802333441104648
113.80734813348572 -1.0092319810268537
-61.89679218313874 -1.1370017124321359
113.80930797675413 -1.0039760764522678
112.91437414865939 -1.5959938631176618
114.18579920449406 -0.5360601027929279
181.0546288528946 -0.07986198923534138
181.30074359035112 -0.06297727379053697
182.78943005603415 0.972319987333417
182.78709958657322 0.9535499617153906
104.23939754858776 2.8071521897203686
104.19334505924051 3.028838339398357
104.16851839215933 3.0851338005199214
-62.369906315045235 -1.5372252491078777
104.18274633451345 2.9984856025642617
-36.062325518650866 0.8243972071132022
-36.058556869704596 0.8241948852626655
-36.056988095867624 0.8241248544989724
-36.07376334414993 0.8472008942995469
-93.4580699383358 0.7781771306973544
-93.45702035012944 0.7781302754151815
-1.183084956394906 0.04454068811587517
-123.80650913341867 -1.1960973527208334
-124.50944020942482 -1.8223599682596836
121.69012067499598 -0.6377151041062623
-124.50933667282494 -1.8223645901495793
-168.3127546149869 -1.485447414673894
-168.28045471946524 -1.483831035273659
-167.72177172498687 -1.0907513190756442
-167.7215721676039 -1.0907602270233014
-167.7221387275413 -1.0907298110376278
-122.22473983261001 0.008860159708153237
-122.19988094677186 0.035247485920312904
-121.89150715368474 0.06041837686746909
-121.95470239923202 0.04269186931917579
68.9632058810708 -0.411236068992602
-121.95379732667986 0.05037462814758875
8.186843073596 3.2414234437799077
8.687194618366943 3.274179112746164
8.673342433896027 3.2114472722041594
8.667813926890489 3.211744074484677
-93.37128496613434 0.9523522886016584
-27.61011790673126 0.6232557729789163
10.989979759515103 -0.317590331874551
10.989714823043375 -0.3175950612378881
10.987762738681212 -0.31008676365689947
69.23478241725908 -0.391608535749155
11.3551330662096 -0.12170552893005715
11.35524785460696 -0.12170347991143751
11.360572031380041 -0.11105960087902872
11.357598037893208 -0.12505480741063074
10.259678281305815 -0.9157876220750476
32.401504487527504 0.649937384351266
32.3906484591514 0.6824297598795258
32.35501747485181 0.5348852863564244
95.73295586878194 -0.5715974859214199
95.73446727234386 -0.5716649561217197
69.23087224790076 -0.4065279470522689
96.91761103740374 0.2683822753245324
96.94518774976672 0.28866971027831445
97.0126938613023 0.3072695889907502
42.21767687203788 -1.0304684632788699
42.0531160801962 -1.0464436800109425
42.05157818097499 -1.0463611171019527
42.051520163179234 -1.0463621528427232
-102.18920657274242 -1.7415487766658977
-102.19049107412305 -1.7454419140321877
43.725606230153026 0.4904277297648023
69.23392000985032 -0.4139219099191611]
phi	[0.1982942968126653 0.005396876675698042
0.1918774936970157 -0.7259448563199397
0.19594534553790988 -0.2515670376221151
0.19991801504894074 0.22342009756801473
0.19884490447739675 0.0980769632083018
0.1978178626493701 -0.024402324083500775
0.19780585692202324 -0.02651315069379761
0.1977870039443447 -0.02882022549260166
0.19776752785702567 -0.031180977301834452
0.1977482076751255 -0.03352071731687415
0.1977290896013118 -0.035835565717994185
0.1977101742748115 -0.03812558414060417
0.19869153874767798 0.07839498912417825
0.1996550811827626 0.19378143942182188
0.19860815378322225 0.06983056595929338
0.19758612091811675 -0.0520007280405951
0.19757674794321295 -0.05380343353404318
0.19756034419317142 -0.0558176301186285
0.19854347874200215 0.060839517828364095
0.19950877317418633 0.1763638008200292
0.19846325583548305 0.05265221563945179
0.19744268149051983 -0.06893878354747617
0.1964345050414261 -0.18875017021913051
0.19543741492725072 -0.30692072538496107
0.19645030714292927 -0.18817316615682564
0.19743866221814246 -0.07069283129434614
0.19741484317215657 -0.07292439213628453
0.1973983854376001 -0.07490297700736888
0.19838323922119203 0.04188648809779347
0.19935039416416697 0.15755806179021972
0.19930675033836637 0.15296874625755696
0.19927073975347342 0.1486725361334809
0.2002353644150907 0.26373239393427855
0.2011818321424205 0.3776070659708146
0.20111929658991073 0.3707516080284318
0.20106460401362036 0.364223139329707
0.20001202509320132 0.2385094351330792
0.19897673144213499 0.11464224036112669
0.19895320599222796 0.11116621560721697
0.1989227377595206 0.10748450630668217
0.19889175501804512 0.10376226064714726
0.19886104788904424 0.10007516809137376
0.19883066204267164 0.096427004623822
0.19880059689309415 0.09281755825956015
0.1977700990509984 -0.029407598222860893
0.19675753124659015 -0.1497618075888726
0.19675701574290191 -0.15052541055063867
0.19674931921839758 -0.15151186231453587
0.1957405691014617 -0.2704540732314878
0.1947502634110614 -0.3875111234144571
0.19577018890828948 -0.2682405471334304
0.19676581357515316 -0.15020046586460525]
workGrid	[573.5,574.0,574.5,575.0,575.5,576.0,576.5,577.0,577.5,578.0,578.5,579.0,579.5,580.0,580.5,581.0,581.5,582.0,582.5,583.0,583.5,584.0,584.5,585.0,585.5,586.0,586.5,587.0,587.5,588.0,588.5,589.0,589.5,590.0,590.5,591.0,591.5,592.0,592.5,593.0,593.5,594.0,594.5,595.0,595.5,596.0,596.5,597.0,597.5,598.0,598.5,599.0]
criterionValue	99.99971089997251
cumFVE	[99.97823002597286,99.99971089997251]
lambda	[8140.256626295735,1.7489790214200538]
smoothedCov	[313.96685451646465 303.7871623602259 310.2347975486018 316.52834814534253 314.8281305682938 313.2009545929898 313.1819693615165 313.152086974541 313.12121917804257 313.0905990490958 313.06029954704945 313.0303216592714 314.58510879269056 316.11143278379586 314.4527822082837 312.83350176139356 312.8186937437623 312.79269827024416 314.35031908596 315.8794479463289 314.2230109887979 312.6060220569492 311.0085248097855 309.42844997968405 311.0336515179722 312.59968919590233 312.56190474892395 312.5358324342903 314.0962087600891 315.6283160449202 315.5590980509133 315.5020214849113 317.0300145419767 318.52901872307507 318.4298539457818 318.34316155751435 316.6758240968809 315.0357515226045 314.99850830658386 314.9502189938106 314.90111681723357 314.8524521960156 314.8042972267177 314.7566509508587 313.1239515335633 311.51955260752084 311.51880357847926 311.50662813865864 309.9080869302319 308.33867423462823 309.9551520559585 311.53283804773173
303.7871623602259 294.8836853564717 300.51424859138206 306.0014703356428 304.51654367972515 303.0975309854839 303.08149733516007 303.0554514011137 303.0285341972258 303.0018313277128 302.97540789180675 302.94926488316514 304.3055150113796 305.6361683081486 304.1888963710808 302.7767272850324 302.76434870635853 302.7416980350381 304.1004825160053 305.43364186816325 303.9882478766376 302.5780294770084 301.1846295672003 299.8062386608217 301.2076385242399 302.5735556797008 302.5400879121785 302.51734832754755 303.8785965756397 305.21441573007905 305.1535014664987 305.1036805075737 306.43619886561646 307.74267058809346 307.655623695091 307.5799488802604 306.12587579662795 304.69582597041153 304.6638502110691 304.62173215534494 304.57889325043925 304.53643466835 304.49442080544304 304.4528509597749 303.0284365420521 301.6289986403717 301.6289189567369 301.61835098910865 300.2233096838463 298.8540115634678 300.2655042495462 301.64182905771304
310.2347975486018 300.51424859138206 306.67365714279003 312.6810734610772 311.0553263158072 309.5020115569496 309.48441826720864 309.45589040740765 309.42639970269215 309.39714440920056 309.36819552474935 309.339554074804 310.8241450364294 312.28102566848975 310.69663011000375 309.1509267340589 309.1373316093719 309.112520199845 310.5998258340842 312.0593920947431 310.4771092870651 308.9335935810668 307.40876424653106 305.9006042115361 307.4339002113702 308.9287334355613 308.8920871883961 308.8671576537722 310.3570987377607 311.8195160582691 311.75283139964404 311.69827502333965 313.1573017427436 314.58811580599286 314.4928167334656 314.40996211251786 312.81777889638033 311.2521924942266 311.21716574204856 311.17105650375015 311.124148884267 311.07765819689894 311.03165464919084 310.9861374081388 309.4270805909473 307.89561339185457 307.8954624319339 307.8838650021395 306.357485546454 304.859488990056 306.40357571725326 307.9095559030684
316.52834814534253 306.0014703356428 312.6810734610772 319.2070621756138 317.4438950847689 315.75678307772614 315.73700362777936 315.70595844001787 315.67388856197886 315.6420767000534 315.61059843375597 315.5794547501341 317.1914107549237 318.77422423988173 317.0542510903033 315.37544771244575 315.36000630750414 315.33299928799374 316.94783573310997 318.53350125563156 316.81588882727374 315.13952329405583 313.48373426772014 311.84635134057316 313.5097518630646 315.13298457782366 315.0937815409493 315.0666896252135 316.6843221910094 318.27301619130594 318.2011895820042 318.1419276380452 319.72661559365224 321.2816051685513 321.17868369262396 321.0886780301871 319.35919135760923 317.6583607296052 317.6196521308693 317.5695194316272 317.518540878099 317.4680174113869 317.41802371671474 317.36855875832634 315.675853229739 314.0128351104504 314.0119834479537 313.9993218688189 312.34275745118794 310.7166998673929 312.39153153394 314.0265896841447
314.8281305682938 304.51654367972515 311.0553263158072 317.4438950847689 315.7189218958665 314.0672972038519 314.04774905630256 314.01736246648795 313.9859841435754 313.95485844555844 313.9240590241433 313.89358684347735 315.4714979103919 317.02097722433973 315.33761682957265 313.69405767741046 313.678753962945 313.65231867799764 315.2330669168696 316.78535538055075 315.10428651639813 313.46309594958075 311.8419292824692 310.23869000852574 311.86699061566105 313.45624187722933 313.4180819380375 313.39158731859146 314.97509231478034 316.5303637241741 316.4602751625707 316.40229066706013 317.953365076879 319.4754673755706 319.37495002094965 319.28687608106543 317.5941235875762 315.92911193291366 315.891027629999 315.84195393629193 315.79206371747216 315.7426190288986 315.69369264522595 315.64528355165135 313.98829681233474 312.3600776211788 312.35905587329046 312.346661540937 310.7248583598557 309.1326406494918 310.7722114187636 312.3731140597374
313.2009545929898 303.0975309854839 309.5020115569496 315.75678307772614 314.0672972038519 312.45020065697463 312.4312138013891 312.40147888352567 312.3707685614667 312.34030500082645 312.31016064636543 312.2803364715844 313.8253830172325 315.3423757928613 313.6940108569215 312.08479818222986 312.069967268996 312.0440999528845 313.5919402125801 315.1116985450353 313.4655609429865 311.8586520695753 310.2712787550154 308.7013848298411 310.29610052055796 311.85222060198066 311.81472742210076 311.78879266797924 313.33934760990087 314.8620424397268 314.7932903896241 314.7365246613532 316.25517910246344 317.74525309773526 317.64671466464665 317.56049289175235 315.9031741063336 314.273060185893 314.2359235957372 314.18789073228527 314.1390539449693 314.0906527895447 314.04275886071446 313.99537119584454 312.3728756361561 310.7786015420861 310.7777546415407 310.76563405857866 309.17742882315724 307.61825610475717 309.22407397133793 310.7916676229652
313.1819693615165 303.08149733516007 309.48441826720864 315.73700362777936 314.04774905630256 312.4312138013891 312.41231000858744 312.38259139007636 312.35189400088115 312.32144305908264 312.2913111543684 312.26149926967844 313.8060718684762 315.3225293163685 313.6746058857771 312.0659622857561 312.05121292385684 312.02536003009357 313.57272550770006 315.0919475303817 313.4462500641574 311.83990880382726 310.2531013616977 308.6837652576164 310.2780636110454 311.83363858845024 311.79608497446793 311.7701565670109 313.3202353577953 314.8423928175598 314.7735926430943 314.7168460617995 316.235036042713 317.724584212896 317.6260096159129 317.53981922133175 315.8830220423043 314.2534902471116 314.21644452753094 314.16843477541704 314.1196176026051 314.0712356623071 314.023360697496 313.9759917561604 312.3540008327312 310.7602908861164 310.7595188354354 310.74740613680797 309.1596896299845 307.6010642137654 309.206460426959 310.7735050636236
313.152086974541 303.0554514011137 309.45589040740765 315.70595844001787 314.01736246648795 312.40147888352567 312.38259139007636 312.35288797688213 312.32220565090057 312.29176957972084 312.26165235916346 312.23185497500464 313.775814271819 315.2916624098729 313.6443968279148 312.0364016989493 312.0216664783054 311.9958266413625 313.5425779520637 315.0611897613861 313.41614829768633 311.8104536601489 310.2242816792043 308.6555699603167 310.24924510872717 311.80419936980644 311.7666566456835 311.74073990571986 313.2902036085183 314.81174990683854 314.74297550942606 314.68625526824155 316.20383970256324 317.6927866037068 317.59425206949754 317.5081020886221 315.8519772798237 314.2231077101941 314.18608620794055 314.1380994821983 314.08930509582865 314.04094565355206 313.99309290581584 313.9457459046398 312.3244030240646 310.7313309028178 310.7305655299617 310.7184584984799 309.13136767166833 307.573357700768 309.17812733937376 310.74454771796644
313.12121917804257 303.0285341972258 309.42639970269215 315.67388856197886 313.9859841435754 312.3707685614667 312.35189400088115 312.32220565090057 312.29153853045693 312.26111749008294 312.231015114859 312.20123239238046 313.74456030655085 315.25978442588354 313.61319885890686 312.0058676088888 311.99114310862126 311.96531618275776 313.511435226708 315.02942211034735 313.3850588125446 311.7800262058081 310.1945044228234 308.6264316956943 310.21946188297574 311.77378027087565 311.7362521727232 311.71034756586164 313.2591781175867 314.78009854025385 314.71135385227785 314.6546605696223 316.17162150861236 317.6599525736235 317.5614622068124 317.47535340891 315.8199197006994 314.1917276272589 314.1547270283053 314.1067633259703 314.0579920121984 314.00965537165996 313.9618251451116 313.914500387566 312.29382406656356 310.7014048625668 310.7006427287156 310.6885412066643 309.10209434692786 307.5447147202012 309.1488360537793 310.7146170017275
313.0905990490958 303.0018313277128 309.39714440920056 315.6420767000534 313.95485844555844 312.34030500082645 312.32144305908264 312.29176957972084 312.26111749008294 312.2307113095125 312.2006236111754 312.1708553843755 313.7135572924861 315.22816284766714 313.5822515344529 311.9755782921464 311.96086422318047 311.93505004401754 313.4805422066743 314.99790962963414 313.35421876206027 311.74984234041955 310.164965015443 308.5975256739667 310.18991624300475 311.7436043069637 311.70609084371245 311.68019825842794 313.22840105756603 314.7487010804669 314.6799859422224 314.62331933877704 316.13966209021476 317.62738270190476 317.52893618033465 317.44286812576985 315.7881194549905 314.16059882722226 314.1236187327042 314.07567778272755 314.02692928990007 313.9786152043649 313.9308072559749 313.8835045026075 312.2634889851942 310.67171695538684 310.6709578675001 310.65886178628716 309.07305341259195 307.5162986618272 309.11977707303805 310.684924179384
313.06029954704945 302.97540789180675 309.36819552474935 315.61059843375597 313.9240590241433 312.31016064636543 312.2913111543684 312.26165235916346 312.231015114859 312.2006236111754 312.17055040930705 312.14079650022734 313.68287902860203 315.1968725708027 313.55162830376713 311.94560604569335 311.93090226783056 311.90510067759396 313.449972596053 314.9667271207476 313.3237015011908 311.7199742664485 310.1357345455418 308.568921876454 310.16067959779707 311.7137440208481 311.6762450294956 311.6503643244067 313.19794601929044 314.71763221647075 314.64894628209163 314.5923060366506 316.1080371416266 317.59515376271384 317.4967505655398 317.4107227610797 315.7566517727714 314.1297953986975 314.09283554960416 314.04491707666125 313.9961911316766 313.94789933181534 313.9001133959517 313.85283238477314 312.23347063087033 310.6423388975038 310.6415828137769 310.62949211304056 309.0443154705454 307.4881790019983 309.0910213023245 310.65554129334436
313.0303216592714 302.94926488316514 309.339554074804 315.5794547501341 313.89358684347735 312.2803364715844 312.26149926967844 312.23185497500464 312.20123239238046 312.1708553843755 312.14079650022734 312.1110567325448 313.65252650507574 315.1659145761446 313.52133014758647 311.91595186218456 311.90125824450956 311.8754690878874 313.4197273968042 314.9358755762403 313.29350802197393 311.69042298745836 310.1068140284384 308.54062132865255 310.1317529781052 311.68420043479665 311.64671574564153 311.6208467794215 313.16781401569875 314.68689295170634 314.618235870184 314.56162166323475 316.076747660233 317.5632667439652 317.4649063467645 317.37891830242364 315.7255176514087 314.09931835399743 314.0623785015571 314.01448223362195 313.9657785656241 313.9175087842276 313.8697445973264 313.822485068368 312.20377004353867 310.61327173967527 310.61251862636755 310.60043324695016 309.01588158297733 307.4603568102207 309.0625698160089 310.62646940920564
314.58510879269056 304.3055150113796 310.8241450364294 317.1914107549237 315.4714979103919 313.8253830172325 313.8060718684762 313.775814271819 313.74456030655085 313.7135572924861 313.68287902860203 313.65252650507574 315.2253332035034 316.76964708962987 315.0916538960737 313.45359017948795 313.43850594414477 313.4121820196377 314.98781816311384 316.53493310761405 314.85921705256624 313.2235073447082 311.60774069227045 310.0098141658018 311.6330181531266 313.2170021277452 313.17882942523227 313.15242753431505 314.73081186341733 316.2809012157268 316.21092258412716 316.1531527064802 317.6991959807674 319.2162079847694 319.1159183537227 319.0281758332769 317.3410071450635 315.6816018696736 315.6438219017931 315.59494281705736 315.54524172888546 315.49598370557874 315.4472416813064 315.39901467712673 313.74742279932616 312.1246187130637 312.12375469782035 312.1114108755695 310.49482760980027 308.90784826167874 310.5422910616908 312.1378943765849
316.11143278379586 305.6361683081486 312.28102566848975 318.77422423988173 317.02097722433973 315.3423757928613 315.3225293163685 315.2916624098729 315.25978442588354 315.22816284766714 315.1968725708027 315.1659145761446 316.76964708962987 318.3445488918878 316.63364793014625 314.96326559131194 314.9477278879565 314.92087215931684 316.5274737181171 318.1052163474378 316.3966525872311 314.72868485434446 313.08111902741075 311.45181558884724 313.1065959826665 314.72175873638844 314.6829734466532 314.65604817760936 316.2654363208421 317.84619578276033 317.77497932438416 317.71607090404757 319.29263113997877 320.8398091706622 320.73768159866495 320.6482088256116 318.92770438942534 317.2354574936253 317.19677939256087 317.1469257295231 317.0962388273475 317.04600420043494 316.99629585449645 316.9471127617213 315.2630738151165 313.60832611316437 313.6072847496017 313.5946818420641 311.94649372877757 310.32841931089933 311.99459138960447 313.6215355266795
314.4527822082837 304.1888963710808 310.69663011000375 317.0542510903033 315.33761682957265 313.6940108569215 313.6746058857771 313.6443968279148 313.61319885890686 313.5822515344529 313.55162830376713 313.52133014758647 315.0916538960737 316.63364793014625 314.9584602295072 313.32286863900663 313.30768167622614 313.28139845772813 314.8545480494504 316.39933972309154 314.7264224392711 313.09317829364954 311.47981997639727 309.88426032010466 311.5047899868623 313.0864024890034 313.04842671396625 313.0220773844301 314.5979725990219 316.14573515193115 316.07601030345484 316.0183475458399 317.56193655423704 319.0766588484803 318.97667705766366 318.8890939883586 317.2046288909514 315.5477389870648 315.50989283792626 315.4610918321981 315.4114760361864 315.3623026503368 315.3136442580783 315.2654998749847 313.6165204360841 311.9961420152722 311.9951482715139 311.98281829273685 310.3687635435854 308.78412758231934 310.41588435682206 312.0091025987713
312.83350176139356 302.7767272850324 309.1509267340589 315.37544771244575 313.69405767741046 312.08479818222986 312.0659622857561 312.0364016989493 312.0058676088888 311.9755782921464 311.94560604569335 311.91595186218456 313.45359017948795 314.96326559131194 313.32286863900663 311.7214461962285 311.7067405585853 311.6810226792216 313.2214434282723 314.73387289389575 313.0956828848248 311.49654380288484 309.91680854263905 308.35442835287904 309.94156383793234 311.4902139307269 311.45288935370803 311.42709554535224 312.9702196982944 314.48557358998005 314.41716556430947 314.3607133227249 315.8720615520506 317.3549234280181 317.2568969177398 317.17115395753035 315.52192452877716 313.8997504190447 313.86285793909576 313.8150924593955 313.766523876557 313.71838782206044 313.6707557547634 313.6236267447289 312.00895039926036 310.42234482236745 310.42153638164166 310.4094794232471 308.8288434688984 307.2770889094136 308.8752831988895 310.4353611059196
312.8186937437623 302.76434870635853 309.1373316093719 315.36000630750414 313.678753962945 312.069967268996 312.05121292385684 312.0216664783054 311.99114310862126 311.96086422318047 311.93090226783056 311.90125824450956 313.43850594414477 314.9477278879565 313.30768167622614 311.7067405585853 311.6921153157406 311.6664100382901 313.2064394821002 314.71841464611686 313.08057429060045 311.4819153546639 309.90266026207604 308.3407537896528 309.92755776281984 311.4757464982655 311.4383590054115 311.4125697727377 312.9553013902884 314.47020007357025 314.40173923918013 314.3453022118704 315.85626810845326 317.3386847825074 317.2406153240181 317.1548977437726 315.50609804347965 313.88441648445547 313.847612281288 313.79986666505886 313.7513144078036 313.7031943188481 313.65557800914365 313.6084645590273 311.9942044990541 310.4080770229197 310.40734344083216 310.3952936953974 308.8150613408414 307.26377125066637 308.8616302596827 310.42124347933856
312.79269827024416 302.7416980350381 309.112520199845 315.33299928799374 313.65231867799764 312.0440999528845 312.02536003009357 311.9958266413625 311.96531618275776 311.93505004401754 311.90510067759396 311.8754690878874 313.4121820196377 314.92087215931684 313.28139845772813 311.6810226792216 311.6664100382901 311.64071600068695 313.18020994983186 314.6916525484457 313.0543831379576 311.4562879735749 309.87758712542114 308.316225390056 309.90248664192035 311.45013389279757 311.4127553056318 311.3869760804961 312.9291714228914 314.443536740136 314.3750975669799 314.31868312356323 315.8291208897381 317.3110126473878 317.2129770999303 317.1272941742494 315.4790799790533 313.85797566610114 313.82119275114746 313.77346696865874 313.72493431561304 313.6768335847667 313.6292363948305 313.58214182961206 311.9684464300965 310.382875283088 310.3821479804189 310.3701032131335 308.7904163262325 307.23966334795017 308.83697679410477 310.39604554267805
314.35031908596 304.1004825160053 310.5998258340842 316.94783573310997 315.2330669168696 313.5919402125801 313.57272550770006 313.5425779520637 313.511435226708 313.4805422066743 313.449972596053 313.4197273968042 314.98781816311384 316.5274737181171 314.8545480494504 313.2214434282723 313.2064394821002 313.18020994983186 314.75112285261275 316.2935720243586 314.62291088216807 312.99214761168696 311.3812454967556 309.78810620287913 311.4064836718826 312.985709921144 312.9476425692599 312.92132972658993 314.4949834961408 316.0403992572901 315.97063682216356 315.913065058019 317.45445906275927 318.9668814035176 318.8669140302361 318.77947409878357 317.09744915556075 315.44309587279713 315.4054714937115 315.35676152037126 315.3072300603261 315.25813971578054 315.2095633335384 315.1614999549362 313.5148843867537 311.8969639555944 311.8961255714818 311.88382212944924 310.2720599226959 308.68980854887195 310.31939657158364 311.91021242522766
315.8794479463289 305.43364186816325 312.0593920947431 318.53350125563156 316.78535538055075 315.1116985450353 315.0919475303817 315.0611897613861 315.02942211034735 314.99790962963414 314.9667271207476 314.9358755762403 316.53493310761405 318.1052163474378 316.39933972309154 314.73387289389575 314.71841464611686 314.6916525484457 316.2935720243586 317.8666888562584 316.16313679900486 314.50007190306496 312.8573268760847 311.23276680603885 312.8827644397388 314.4932120701851 314.45453149246737 314.42769458064674 316.03239353829485 317.60851960252694 317.5375177233459 317.4788057496821 319.0507557429628 320.5933819637903 320.49157413305943 320.40240138427816 318.6869978263676 316.99975969817024 316.961235680139 316.91154971011883 316.8610310211212 316.8109626747846 316.76141859016775 316.7123977595702 315.0332917304477 313.38338402774025 313.38236798228456 313.36980520225427 311.72639442305444 310.11300407409726 311.7743660297965 313.39656620329697
314.2230109887979 303.9882478766376 310.4771092870651 316.81588882727374 315.10428651639813 313.4655609429865 313.4462500641574 313.41614829768633 313.3850588125446 313.35421876206027 313.3237015011908 313.29350802197393 314.85921705256624 316.3966525872311 314.7264224392711 313.0956828848248 313.08057429060045 313.0543831379576 314.62291088216807 316.16313679900486 314.49516481219325 312.8667604006114 311.25816199911424 309.66728694853373 311.28309389062997 312.8600507455958 312.82217772698266 312.79591531644866 314.3671815468442 315.9103707156901 315.8408567371822 315.783387278251 317.3224267756923 318.8326577363332 318.7329902674667 318.6457024066267 316.96626919659684 315.31432187804967 315.27662761508464 315.2279916292988 315.1785413814696 315.129531648466 315.08103492673865 315.0330502514223 313.3889396884915 311.77333994046785 311.7723713640591 311.7600808801586 310.1507437880791 308.57073484149805 310.19774131710074 311.7862748968437
312.6060220569492 302.5780294770084 308.9335935810668 315.13952329405583 313.46309594958075 311.8586520695753 311.83990880382726 311.8104536601489 311.7800262058081 311.74984234041955 311.7199742664485 311.69042298745836 313.2235073447082 314.72868485434446 313.09317829364954 311.49654380288484 311.4819153546639 311.4562879735749 312.99214761168696 314.50007190306496 312.8667604006114 311.2723973321554 309.69736043694866 308.1396053839271 309.7220786960788 311.2661332574062 311.2289095749213 311.20320125156235 312.741757131349 314.2525982024599 314.1843974292459 314.12813533783753 315.63499520381083 317.1134266808622 317.01570916466494 316.9302565937753 315.28598965064884 313.66869138810216 313.63194849846457 313.5843453582672 313.5359396544553 313.48796462090047 313.4404916291005 313.3935197681225 311.78364773831345 310.201758852887 310.2009753382823 310.188957240205 308.612978659723 307.0657933263101 308.65929769253853 310.21475091181856
311.0085248097855 301.1846295672003 307.40876424653106 313.48373426772014 311.8419292824692 310.2712787550154 310.2531013616977 310.2242816792043 310.1945044228234 310.164965015443 310.1357345455418 310.1068140284384 311.60774069227045 313.08111902741075 311.47981997639727 309.91680854263905 309.90266026207604 309.87758712542114 311.3812454967556 312.8573268760847 311.25816199911424 309.69736043694866 308.1554204684435 306.6303343057152 308.1799471543127 309.69155578322534 309.65496147998016 309.62979705373084 311.136109123152 312.61506064376954 312.5481417237671 312.4930657687578 313.9682153876274 315.4153082520497 315.3194982443556 315.2358489342323 313.6262250511609 312.04307692229486 312.00727798881087 311.9606906567358 311.91331184393493 311.8663540341953 311.8198875124898 311.7739114212028 310.1977855563091 308.6491388855684 308.6485459708425 308.63679621223844 307.0937113337859 305.57890795160347 307.13938199175755 308.6622101467983
309.42844997968405 299.8062386608217 305.9006042115361 311.84635134057316 310.23869000852574 308.7013848298411 308.6837652576164 308.6555699603167 308.6264316956943 308.5975256739667 308.568921876454 308.54062132865255 310.0098141658018 311.45181558884724 309.88426032010466 308.35442835287904 308.3407537896528 308.316225390056 309.78810620287913 311.23276680603885 309.66728694853373 308.1396053839271 306.6303343057152 305.13750174064626 306.65467727079886 308.1342592088622 308.0982819737925 308.07365240933177 309.5481441667216 310.9956281218947 310.9299680520937 310.87605876692817 312.3199244124844 313.7361029763997 313.6421670340999 313.56029132070876 311.9848334705857 310.43537533396375 310.4005068644441 310.3549187888003 310.30855024749565 310.26259324460466 310.2171169848385 310.17212066145225 308.62929319450996 307.11345739726676 307.11305392313307 307.1015682629504 305.59095543753574 304.10812831583826 305.6359939358081 307.1266152620701
311.0336515179722 301.2076385242399 307.4339002113702 313.5097518630646 311.86699061566105 310.29610052055796 310.2780636110454 310.24924510872717 310.21946188297574 310.18991624300475 310.16067959779707 310.1317529781052 311.6330181531266 313.1065959826665 311.5047899868623 309.94156383793234 309.92755776281984 309.90248664192035 311.4064836718826 312.8827644397388 311.28309389062997 309.7220786960788 308.1799471543127 306.65467727079886 308.20477065295563 309.71658307027246 309.67983589281033 309.654658728875 311.16130849898036 312.64045922383957 312.5733804982841 312.51828641281384 313.99377790910876 315.4410730609561 315.34509694238545 315.26142423375904 313.6514313895932 312.06806579622935 312.0324065982521 311.985817693381 311.93843009107127 311.89146326030675 311.8449878111795 311.79900290134674 310.2225268248112 308.67367943139834 308.6732312264607 308.6614861341353 307.1180675537689 305.6030779724897 307.164030667147 308.68706200353336
312.59968919590233 302.5735556797008 308.9287334355613 315.13298457782366 313.45624187722933 311.85222060198066 311.83363858845024 311.80419936980644 311.77378027087565 311.7436043069637 311.7137440208481 311.68420043479665 313.2170021277452 314.72175873638844 313.0864024890034 311.4902139307269 311.4757464982655 311.45013389279757 312.985709921144 314.4932120701851 312.8600507455958 311.2661332574062 309.69155578322534 308.1342592088622 309.71658307027246 311.26020601896016 311.22283454112386 311.1971243159007 312.7353944094575 314.2458119486655 314.1774707124159 314.1212154870975 315.6278066883933 317.10583089691136 317.00798026432744 316.92254282163526 315.2785809726447 313.66173694389363 313.6251625563915 313.5775803864791 313.52918791662285 313.4812256036382 313.43376516550245 313.38680571094653 311.7772388616395 310.1958019287522 310.1951749281556 310.18316733822496 308.60749288705847 307.06075618038085 308.6541046366292 310.2091209774735
312.56190474892395 302.5400879121785 308.8920871883961 315.0937815409493 313.4180819380375 311.81472742210076 311.79608497446793 311.7666566456835 311.7362521727232 311.70609084371245 311.6762450294956 311.64671574564153 313.17882942523227 314.6829734466532 313.04842671396625 311.45288935370803 311.4383590054115 311.4127553056318 312.9476425692599 314.45453149246737 312.82217772698266 311.2289095749213 309.65496147998016 308.0982819737925 309.67983589281033 311.22283454112386 311.1855509097865 311.15985651647946 312.69743765146694 314.2072413264376 314.13900298253213 314.08277766655374 315.58868566049046 317.0661026141836 316.96836913922687 316.8829751757236 315.2397621377637 313.6235809755281 313.58695288215165 313.53938934419625 313.4910192070513 313.44307914769513 313.39564071056714 313.3487029986096 311.73985742988606 310.1590567716123 310.1583601158542 310.14635467622105 308.57137639034295 307.025251816984 308.61782869058777 310.17221828450954
