FVE	99.99545830161979
xiVar	nothing
obsGrid	[575.5,576.0,576.5,577.0,577.5,578.0,578.5,579.0,579.5,580.0,580.5,581.0,581.5,582.0,582.5,583.0,583.5,584.0,584.5,585.0,585.5,586.0,586.5,587.0,587.5,588.0,588.5,589.0,589.5,590.0,590.5,591.0,591.5,592.0,592.5,593.0,593.5,594.0,594.5,595.0,595.5,596.0,596.5,597.0,597.5,598.0,598.5,599.0]
selectK	2
xiEst	[26.748563913216206 1.4773083719349884
26.750632222856087 1.4725953180586036
27.523867654233836 1.4441031652751857
27.524483273052198 1.427264114598257
7.994434657388106 3.31100294312242
78.97110009880659 1.1774561327861193
38.947685740201536 -0.5905563482926497
-76.13593813780453 -1.5861328612872696
-88.25778458832121 -0.484113490346175
-87.82755712177608 -0.5359709207461925
-26.25588488657432 1.024884055421023
-87.83099778764026 -0.5281312652378958
-89.64079172202005 -1.3490653652628875
-90.21635168502677 -1.2943841515614056
0.19836281399018235 -4.2802173502766765
0.8260370954989253 -4.00327635285238
-64.6336247707351 0.9705287906358566
-64.63430905355082 0.9720880647815195
-78.80925138966373 2.173688009458037
46.33787661857072 0.20809611386427473
48.111009324308604 -0.03749298147168645
-26.253510099043282 1.0194758184318733
46.916221451813705 0.0984031075944718
46.917078256861 0.09645070731542704
96.58809321004681 1.8207736583707668
-18.534968875729767 0.059780447202393616
-18.531780125743555 0.04582843495832656
-18.53545227901776 0.05419554109239422
-19.49029808931989 0.16089554600661715
-42.80777536568461 -0.1193272209399181
-42.81498718952169 -0.1029078482034056
-43.22822775286764 -0.04540518766885615
-26.262088174337464 1.0390057762082496
-61.90984510098748 -0.7171635237139964
-61.90873319909609 -0.7240296867117717
-61.9089675812785 -0.7234954156373234
67.40162685820893 1.134718545464486
66.61236178240507 1.2710133908090642
66.61191802024514 1.2720249407468747
98.67118893429681 -2.65212793130996
20.681309617079275 -1.755118243916784
21.006029330460475 -1.819123228189157
23.217123331489617 -2.1127819198097892
-26.26286340161588 1.0407728987959732
22.19180169182484 -2.566088413560483
21.167176296530595 -0.7263305886336153
24.255237784555362 0.6728753008856914
47.78585269828953 -1.561684943309209
46.49592491324333 -1.357487434482926
45.906390175020654 -1.259886052558113
3.464305816837918 -3.8926950188887752
3.464305816837918 -3.8926950188887752
3.611906103730115 -3.9153531704894644
3.611906103730115 -3.9153531704894644
-26.650210634806943 1.028141025951809
3.6205996419472286 -3.9360431326580687
-93.79948119842847 -3.2588762578453694
-93.2207729519346 -3.3258645135022498
-51.77920838446333 -3.4181494736466145
-51.77920838446333 -3.4181494736466145
-83.63682233729007 -2.6638248848549013
-83.63640218701165 -2.6647814534297014
-83.7779667886784 -2.647452672613811
-83.48235850035735 -2.691216453171248
-83.04294257888942 -2.4979627437797367
-55.944453964292286 -0.9907904075717555
-84.32407286807654 -2.334685151771959
-104.33491617214914 0.09642246125022158
-59.472748036774455 -1.0508487877853545
-59.47336746272671 -1.0494381346504382
-59.472390146309685 -1.0516638316246043
-39.7646649476999 -0.490092389972983
-39.76299523473712 -0.502107425409829
111.69357155989707 1.57749452935985
111.1733531966979 1.6610286922550248
109.47889281232126 0.6202881949962302
-55.945985249476756 -0.9873013331508158
109.47987966800396 0.6095708821200478
108.54768344059869 0.72559128997713
105.35056935356697 -0.7320489165238033
-42.934496337561775 -1.6568791491193964
-42.4805975590921 -1.694341466006327
-36.842267023925864 -2.0830845553121695
-36.84376496276814 -2.07967321595022
-71.6491854997429 -1.3883405048828075
-72.22087187455492 -1.3437739087063574
-76.18324302764042 -1.216555255081623
-19.720437377108933 -0.594316815548817
-76.18840825916061 -1.2047954194037342
-76.18803672357332 -1.2056423298403933
-109.66087324239184 -1.1593598877181446
-35.17584492200952 1.5817579977311649
-26.99225075485418 0.5431387363816653
-27.87325236049368 0.6947453350241195
-27.31064819589915 0.6247269125141637
-27.310060734752742 0.6303840763321773
-63.5319173197066 -1.4398488213991842
-63.53194715709348 -1.4397807959352553
-20.285214255392788 -0.5473404411266491
21.593129418031772 -0.6784950700493129
21.59390297272987 -0.6802576365080029
135.10070457838546 -2.0690799551376147
109.73584319060778 1.043940214493647
109.73666609287113 1.0420650684367434
110.32552927424429 0.9332612673738412
106.56822982186345 -0.7019523521952724
-45.54842265926935 -2.005742875966086
-45.54952063115239 -2.0032424035952654
-44.97458903260261 -2.064731517172621
-20.2936001250895 -0.5185965553632376
-38.97619674446113 -0.5620966675068608
-44.973123736166556 -2.06577686774638
-76.40601646959233 -1.495998662341706
-76.40835039153897 -1.4906849531706348
-82.95931378213523 -0.9530767737605887
25.300934445713274 0.6755558208551231
25.30138395741774 0.6745311648843635
-4.62924739273189 2.8199093490948073
-68.6366850633728 1.7384617099089716
-69.6813581198581 1.8084946859152278
-64.13079580634971 4.242518321883804
-85.05733063788679 0.8014650972429131
-62.8482204194555 4.036919884896377
-62.54785974607294 -2.2912728983959885
-62.54823826891548 -2.2904104372435827
-61.78393221778423 -1.9409108087272489
-103.35407316650107 2.008171493625757
-33.711244962539155 0.366398171051618
-25.37970643816116 -0.4806882268252446
-25.37958026641289 -0.4809758823189998
85.18040756174508 0.9195131097272489
148.2829839699248 1.87613768198994
-85.74177764706245 0.8181527155529862
149.0272740816954 1.8135359617686744
149.83746311348537 1.6834737816504521
149.83148634082235 1.7151163977305028
149.00032575140938 1.7706185899990468
149.00004902882463 1.7712494822360476
39.61908019632548 -1.7951077763055943
193.51150833364144 -1.270706706770934
194.38517355243033 -1.35839636487899
195.18780974200004 -1.4447710421602515
152.100552113932 -2.3356885670005987
-85.74159539831956 0.8177372116729344
144.95257621926675 -1.7952104916667793
147.20914673390294 -0.7723097132499763
148.22687589674607 -0.9355326149005174
148.22751723028074 -0.9272036134601249
119.3271178917164 1.7782085963419592
119.32267793288523 1.7883199613006315
-1.2024478966567227 4.904905116305944
-1.2062047849292896 4.913460886682025
-1.214190665071432 4.931642576331966
40.36402034601259 0.1811630051884041
-15.422950974701394 3.084034949121061
40.369447129144916 0.1754499734710797
41.292012957277926 -0.013980903953684676
41.29231103638023 -0.014660371282940066
8.70441071873827 3.930219408437102
25.70234483452194 1.8289892050909295
26.36404302014038 1.7123919555937968
27.14726118195848 1.629899524661039
23.067442251773777 -0.14878023139293406
100.3239939096597 -1.5420240432411418
-45.44778405992763 -2.0618667115503064
-15.924498234393532 3.0429938463938577
-65.34276588706052 -2.367836436656119
-65.34298693093352 -2.367332570074292
-65.34129361881158 -2.371187783893026
5.225203254460675 -0.03542543770375656
9.091140565439408 1.6553815064641089
9.091373883664142 1.645697791310023
142.63199780864826 4.463969228967445
142.62842994614593 4.472094520367487
52.492717600426076 7.995815838205157
52.49690533225189 7.986278883711192
17.192239784685132 0.9864677819487627
-12.688794504607023 3.5582649613052353
-12.6936338915576 3.5692829369376042
-11.020418742542786 3.2680332587834506
-12.869973499937014 3.6294512682910622
-11.589129626176891 3.3749513707002308
-57.29680276108376 8.911338386642393
-33.755775737344045 5.986658438469192
11.045498543077473 6.718914721939859
10.705357433592548 6.693763247406965
2.6829778245758495 3.1811212924999346
34.92009388235629 0.1026477429289876
-86.25301766311172 2.573292522898204
-86.25284434760121 2.5728973857410713
-128.23953139442793 0.5110546760639219
-141.53638837982535 1.637018364369359
-141.53651455196646 1.6373060206334937
-61.71168517392276 0.09439180601278574
-61.088120203006994 0.019102688833446457
-61.08572142957669 0.01363701580385479
-33.94968664210111 -2.0043286967796323
-33.949041444933464 -2.0033937682579404
34.92024408815027 0.10230529277307499
-33.50441681252422 -2.067175511724697
38.745745123301525 1.8445251688132858
-32.408669545746584 1.2766400351713547
-44.47310166943228 0.09023579554140948
26.120298454220222 -0.39539042785778467
25.653414374573238 -0.32717170848593846
26.165301200184132 -0.4180860577072829
26.167180124226352 -0.4223650358498854
26.162459987321576 -0.41161856042975864
26.837512000549317 -0.5261286450675047
24.54044674895257 -1.5298640580648186
24.54014205229732 -1.5291695060217931
2.557484161614954 -2.5770743148934825
131.74218161323097 -2.573984272920237
-44.68266883318587 0.11015951583438843
131.74321746452134 -2.5735246216359773
136.1825267620586 -2.9575077903427855
113.3836342566069 -1.2598797100206909
174.41968183917777 -0.46407106740633086
171.8304121226197 -1.646334140306994
161.20610164630247 -0.8715606575696713
161.20859563218653 -0.8880090938217711
59.30546938714873 1.0253504886587366
26.11675050319998 2.748377838618288
27.407813458320632 2.6827630978442913
-37.29353195886605 -0.7804323760640459
26.384033518678635 2.6672040528470085
-60.6574047041313 0.567638674955723
-60.65354071330568 0.5588344605211075
-60.65193238349672 0.5551695617400911
-59.81266679878681 0.49642205505744874
-100.35463357892563 -0.06647402602272834
-100.35355752791482 -0.06892602104911028
-0.44111780627239233 1.3855405121858064
-95.83033993003198 -0.5980844500060849
-83.43387212261051 -2.0974089338279622
116.63249811195604 1.0208446273313045
-83.43376597529264 -2.097650811561656
-128.85141620137915 -1.5415821760015813
-128.54280381521352 -1.6025588351055724
-130.9006808373047 -1.29708695396027
-130.9004762488093 -1.2975531497096
-130.90105713884608 -1.2962295746448396
-106.69004952694655 0.7248974216602262
-106.00416312281487 0.610134800079221
-108.70650185029007 -0.5725318352050088
-110.0263051640438 -0.38351085577938626
70.106758425483 0.7774143181804289
-110.02693207717559 -0.3771751544519084
-50.76879402063666 5.491978133838609
-56.97097736931195 2.6810765096447695
-58.00207777363162 2.7190958168286716
-58.00774615043698 2.732011375578467
-111.29247250037275 0.6065230907959931
-56.213382417226896 0.6922456811019417
0.8587545118203231 -0.5989778760136476
0.8584830504064824 -0.5983589785707485
0.8536506619851696 -0.5813126966261809
66.59924877081183 -0.7493016724670847
8.801351554359872 -0.9299971984331256
8.801469170388456 -0.9302653479779421
9.821186694633045 -1.0457339080374703
8.844521527790478 -0.9426220782852606
20.23562675417743 -1.6890454668615522
3.4662901919582234 0.30114644666824586
3.802761779820805 0.3220494704194168
20.508918109682156 -0.5106469059556247
98.5530808537955 -1.7933960955584265
98.55463036722242 -1.7969269693362104
66.17375938010315 -0.7159846180939398
89.8892587791603 -1.1282909632433182
90.63592281759972 -1.2146370152426873
92.02607759637334 -1.3942181702763747
65.5200607646039 -2.6837345007430207
66.54275894863676 -2.217719108229555
66.54118214817233 -2.2141263233253228
66.54112270060651 -2.2139907904541682
-62.33921965905445 -2.397850081760843
-62.340026186318646 -2.3983310975553613
26.74678363526733 1.4813650884803455
66.17882079087015 -0.7334608088803862]
phi	[0.20316067387108397 -0.4632121090800351
0.20342797329652418 -0.45155192853392123
0.2043634162221042 -0.30212635129674953
0.20528886515824263 -0.15239370388832732
0.205051102795604 -0.18776462356801923
0.20484517586662318 -0.22197816745676244
0.20502374370792678 -0.19482403681090366
0.20519185182005104 -0.16811972269197278
0.20535749502697226 -0.14176934526395268
0.20552111425198774 -0.11573910283621877
0.2056827546699675 -0.09002362764557516
0.20584244124663234 -0.06461897616704954
0.20560930252571089 -0.1017149343065428
0.20539100208719965 -0.13789855700019074
0.20556310209004244 -0.11178625979546401
0.20572477797409133 -0.08611526564565841
0.20549566351493467 -0.122835240109741
0.20528125026561128 -0.15864809624495463
0.2054547478380879 -0.13231441028907792
0.20561782215789945 -0.10642413308099677
0.2053924020516701 -0.14278868517086565
0.2051815755092942 -0.17824965882153176
0.20535635961112605 -0.15170743295180397
0.20552072169049196 -0.12561058936964778
0.20568266025064208 -0.0998596697347094
0.2058426180243464 -0.07442067552398354
0.20600063977748143 -0.04928834099454983
0.20615674995813418 -0.024458831266433695
0.2063109716583666 7.157576494381657e-5
0.20646332761632466 0.02430655333512668
0.20661384030495222 0.04824972787987561
0.2067625319247122 0.07190468136928369
0.20690942440923138 0.09527495037635199
0.20705453942067037 0.11836402806808882
0.20719789837437497 0.14117536351519064
0.2073395224150856 0.16371236342946185
0.20747943244539863 0.18597839120214812
0.2076176491039675 0.20797676943618476
0.20775419279019117 0.22971077841541995
0.20788908365716757 0.2511836580044864
0.2080223416150028 0.2723986077016376
0.2081539863282741 0.2933587872991611
0.2082840372348948 0.3140673167662518
0.20841251353473444 0.33452727796564463
0.20853943419171586 0.35474171381239067
0.20866481795354264 0.3747136296399791
0.2087886833317103 0.39444599338752784
0.20891104862096926 0.4139417361406356]
workGrid	[575.5,576.0,576.5,577.0,577.5,578.0,578.5,579.0,579.5,580.0,580.5,581.0,581.5,582.0,582.5,583.0,583.5,584.0,584.5,585.0,585.5,586.0,586.5,587.0,587.5,588.0,588.5,589.0,589.5,590.0,590.5,591.0,591.5,592.0,592.5,593.0,593.5,594.0,594.5,595.0,595.5,596.0,596.5,597.0,597.5,598.0,598.5,599.0]
criterionValue	99.99545830161979
cumFVE	[99.91068524251683,99.99545830161979]
lambda	[5965.112586850904,5.061328932470004]
smoothedCov	[242.13660218424872 242.366953014099 243.14900493766993 243.9244473243965 243.72395825977864 243.55435624564592 243.70690993510482 243.84944717963117 243.9898893131724 244.1286127388294 244.26565596061698 244.4010400765042 244.20646907434875 244.02606025295327 244.17308889786943 244.3101485289157 244.11948131458394 243.9428381077599 244.09103034778227 244.22925129266042 244.04214831424724 243.8689579989001 244.0182108982222 244.15749074852567 244.29470909970695 244.43024384452235 244.56413319170974 244.69639783936645 244.82705730407343 244.95613079633512 245.08363731078322 245.20959561253625 245.33402424546546 245.45694152305646 245.57836555843033 245.69831423296023 245.81680523165392 245.933856012727 246.04948383912432 246.16370576684398 246.27653864860815 246.38799912934192 246.49810366894943 246.60686852510156 246.71430975762564 246.82044324883088 246.92528467965724 247.02884955142173
242.366953014099 242.6658081744099 243.45990341234392 244.24142367656077 244.0350033079244 243.86427990335937 244.01970568700767 244.16353771196873 244.3051736772926 244.4450663955414 244.58325826488408 244.71977085929188 244.52247693723643 244.34100421106325 244.49086079502922 244.62914847928084 244.43579739746156 244.258115050902 244.40913903759133 244.5486002791389 244.35884407759409 244.18463545254804 244.33672284178715 244.4772537596067 244.6156222724877 244.75228296727698 244.8872779580107 245.02062841669022 245.1523541546709 245.2824746635864 245.41100921523616 245.53797684800094 245.6633963756795 245.78728637778954 245.90966523021245 246.0305510735647 246.14996184888952 246.26791526654563 246.3844288387947 246.4995198674922 246.6132054478491 246.7255024642837 246.83642761287877 246.94599738441417 247.05422806867097 247.16113577503984 247.26673640831046 247.3710456908458
243.14900493766993 243.45990341234392 244.38374441486667 245.29383532046631 245.05212591776944 244.8476325663105 245.0236668898815 245.18760969061987 245.3490973031512 245.50863031502195 245.6662561333178 245.82199873943136 245.58913520286296 245.37301885205306 245.54294143445622 245.70079543643806 245.4723789887321 245.26054930995087 245.43190965924987 245.59120649774013 245.36686486599137 245.15898389067297 245.33166398028334 245.49228582456817 245.65048740894053 245.8067711735439 245.96118421433675 246.1137500845889 246.26449080477323 246.41342804248234 246.5605832201927 246.70597750337402 246.84963180827071 246.99156679350563 247.13180289080628 247.27036027347458 247.40725889210262 247.54251844461396 247.67615840796861 247.80819802694532 247.93865631801236 248.06755206503476 248.1949038422208 248.32072999793127 248.4450486581154 248.5678777480498 248.68923496817297 248.80913781634627
243.9244473243965 244.24142367656077 245.29383532046631 246.3320735055604 246.05581092722423 245.8178193283129 246.01433787032693 246.19841957730387 246.37979622724197 246.55900654174184 246.73610240968628 246.91111020666176 246.64303920494785 246.39248920087994 246.58234201586492 246.75978175648743 246.4966573731217 246.250886884176 246.4424440363564 246.6215913608994 246.36301756098328 246.1216672452647 246.31479681599012 246.49552011101696 246.67357479917337 246.84950149831093 247.02335175491316 247.19515148768733 247.3649249392929 247.5326959677859 247.69848816068225 247.86232482458036 248.02422899206795 248.18422341453515 248.3423305927845 248.49857274611531 248.65297184746123 248.80554959501205 248.9563274429347 249.10532659110868 249.2525679893206 249.39807233267857 249.54186008512443 249.6839514639505 249.82436644256268 249.9631247730431 250.10024596232142 250.23574929429014
243.72395825977864 244.0350033079244 245.05212591776944 246.05581092722423 245.79005565525586 245.56189676417216 245.75328706554274 245.9324502194154 246.10897228786735 246.28337394435448 246.4557056100398 246.62599318082994 246.3681817240613 246.12755676806955 246.31236528166346 246.48497333927162 246.23193912388524 245.99592758355084 246.18235398618344 246.35658297744385 246.1079379654484 245.8761873359872 246.0641040395958 246.23982668700955 246.41294534494227 246.58398257484168 246.75298845186217 246.9199884102395 247.0850062686277 247.24806546856416 247.40918918526177 247.56840031686124 247.7257214915544 247.8811750602813 248.03478312717698 248.1865675186623 248.3365498187136 248.48475134020828 248.6311931557534 248.7758960873657 248.9188807105038 249.06016734972036 249.19977610190108 249.33772682070185 249.4740391195578 249.60873239398643 249.74182579773787 249.87333826499253
243.55435624564592 243.86427990335937 244.8476325663105 245.8178193283129 245.56189676417216 245.34327828693677 245.52982277520277 245.70422512527284 245.8760422427804 246.04578280750684 246.21349607345974 246.3792074907783 246.1312412835514 245.90026018709523 246.0803051492935 246.24823579331905 246.00488536809826 245.7783583575465 245.95993729295833 246.1294053979368 245.89028987848815 245.66787079682945 245.85086025337478 246.0217426516956 246.1900775004915 246.35637537751109 246.52068518855867 246.68303191779432 246.84343898066936 247.0019294219287 247.15852602398036 247.31325129579 247.46612748030475 247.61717654684116 247.7664202215151 247.91387995638024 248.05957696472615 248.2035321921412 248.3457663475906 248.48629989289248 248.6251530466766 248.7623457802124 248.89789784044115 249.03182873432297 249.16415773204017 249.294903889127 249.4240860225059 249.55172273282506
243.70690993510482 244.01970568700767 245.0236668898815 246.01433787032693 245.75328706554274 245.52982277520277 245.72001420125434 245.8979639269346 246.07328013779897 246.24647827007175 246.41760839138942 246.58669645842883 246.33348332410242 246.09742141386369 246.2809845450065 246.45233420692512 246.2037970781771 245.97224832210713 246.1573788130513 246.33029922073547 246.08605388715296 245.8586691640544 246.04524165509838 246.21960774237277 246.391378864957 246.56107238470122 246.72873800982325 246.89440121892494 247.0580859006095 247.2198155662336 247.3796134589884 247.53750254305533 247.69350551094567 247.84764477609042 247.99994250325562 248.15042057783558 248.2991006410623 248.4460040613501 248.59115196522566 248.73456522701167 248.87626447280581 249.01627007634988 249.15460218212502 249.29128068983778 249.42632525754198 249.55975532396496 249.69159008452812 249.82184851377178
243.84944717963117 244.16353771196873 245.18760969061987 246.19841957730387 245.9324502194154 245.70422512527284 245.8979639269346 246.0794024337838 246.25816193044966 246.4347626705494 246.60925543807298 246.7816666824324 246.5233326876414 246.28227279235534 246.4692560126191 246.64396814329575 246.39036853717698 246.153879375403 246.34246269967252 246.51877801242426 246.26952547780456 246.03725508394518 246.22731129753174 246.4051028901963 246.58025489472493 246.75328951169968 246.92425715416675 247.09318378135868 247.26009374548403 247.4250110153166 247.58795928572772 247.7489619671685 247.90804219283996 248.0652228115473 248.22052641805726 248.37397532256546 248.5255915858088 248.6753969907047 248.82341307310162 248.96966111170264 249.11416213203188 249.25693690239837 249.3980059569542 249.53738958043687 249.675107811124 249.81118046337724 249.94562710366563 250.07846707304475
243.9898893131724 244.3051736772926 245.3490973031512 246.37979622724197 246.10897228786735 245.8760422427804 246.07328013779897 246.25816193044966 246.44031999825347 246.62027920276205 246.798091025325 246.97378240047556 246.71039014787857 246.46439124086828 246.654748091064 246.83277904141642 246.5741789568333 246.33280778919743 246.52479714815945 246.70446337026533 246.45026507590092 246.21316687000171 246.40665968895428 246.58783246582198 246.76632179749504 246.94265451274487 247.1168817106177 247.28902982354293 247.4591236606475 247.6271876415342 247.79324590629403 247.95732230521185 248.11944040586604 248.27962348619485 248.43789456479772 248.59427637058184 248.74879137777498 248.90146177786073 249.05230951016347 249.2013562519669 249.3486234225236 249.49413217904225 249.63790343981418 249.77995786907604 249.92031587992278 250.05899765697814 250.1960231324656 250.3314120087398
244.1286127388294 244.4450663955414 245.50863031502195 246.55900654174184 246.28337394435448 246.04578280750684 246.24647827007175 246.4347626705494 246.62027920276205 246.80355728770974 246.98464909559652 247.16358203933623 246.89518038440474 246.64428986367193 246.83798066163763 247.0192915799712 246.75573953360663 246.50953342520825 246.7048889066141 246.88786695903536 246.62877110592126 246.38689184112627 246.58378113811523 246.76829580760477 246.95008372892062 247.12967631006632 247.30712532777807 247.48245768118295 247.65569862996517 247.82687303829857 247.99600548529065 248.16312025496882 248.3282413432521 248.4913924512539 248.65259701554555 248.81187817793148 248.96925882042683 249.12476153742568 249.27840866614815 249.43022227695883 249.5802241774038 249.72843590824755 249.87487876659748 250.019573790996 250.16254176417692 250.30380323595068 250.44337849926728 250.58128761282296
244.26565596061698 244.58325826488408 245.6662561333178 246.73610240968628 246.4557056100398 246.21349607345974 246.41760839138942 246.60925543807298 246.798091025325 246.98464909559652 247.16898250026316 247.3511191240218 247.077755623332 246.8220197054643 247.01900556388273 247.20355829392702 246.93510152201497 246.6841063735328 246.88278886856006 247.069040376688 246.80509390219277 246.55847918340987 246.75872564263773 246.9465436261189 247.13159209357218 247.3144069937971 247.49504077374877 247.67352079286525 247.84987275513208 248.02412196309956 248.1962934287901 248.36641186394922 248.53450168688096 248.70058701601693 248.86469170009468 249.02683928811143 249.18705306420475 249.3453560201233 249.50177088547366 249.6563201182853 249.8090259090302 249.9599101767326 250.10899459211896 250.25630056286445 250.40184923626612 250.54566152229995 250.68775806968938 250.8281592885778
244.4010400765042 244.71977085929188 245.82199873943136 246.91111020666176 246.62599318082994 246.3792074907783 246.58669645842883 246.7816666824324 246.97378240047556 247.16358203933623 247.3511191240218 247.53642200449303 247.25814370064063 246.9976081085415 247.1978506216492 247.385607475067 247.11229270142758 246.85655392133413 247.05852480434078 247.2480118631097 246.9792611935236 246.7279561347923 246.93152092510718 247.12260411498892 247.3108755487292 247.49687567841693 247.6806576138672 247.8622491685485 248.04167648455837 248.21896529672404 248.39414104395837 248.5672288597798 248.73825357902138 248.90723973162721 249.07421157278827 249.23919305305185 249.40220785311794 249.5632793565826 249.72243068001762 249.87968466375355 250.03506387591187 250.18859060856062 250.34028690088576 250.49017452461726 250.6382749866034 250.78460955202445 250.92919922049373 251.07206474877785
244.20646907434875 244.52247693723643 245.58913520286296 246.64303920494785 246.3681817240613 246.1312412835514 246.33348332410242 246.5233326876414 246.71039014787857 246.89518038440474 247.077755623332 247.25814370064063 246.99010301814997 246.73955411639963 246.93464997975934 247.11738765078962 246.8541458413256 246.6082316218044 246.80497101988203 246.98935432152666 246.73051955430128 246.48888361593254 246.68713634740243 246.87303544945462 247.05618580029386 247.23711410540318 247.41587217541746 247.59248730790887 247.76698517945306 247.93939106672997 248.10972995528573 248.27802652973332 248.4443051807002 248.6085899983309 248.7709048024044 248.93127311246099 249.0897181826199 249.2462629740262 249.40093018520338 249.5537422425732 249.70472130444523 249.85388925731695 250.00126773883449 250.1468781231256 250.29074152355497 250.4328788157418 250.57331061357308 250.7120572920121
244.02606025295327 244.34100421106325 245.37301885205306 246.39248920087994 246.12755676806955 245.90026018709523 246.09742141386369 246.28227279235534 246.46439124086828 246.64428986367193 246.8220197054643 246.9976081085415 246.73955411639963 246.49878914017245 246.68890170160148 246.86673968995228 246.61332448848225 246.37703620387492 246.56870905628784 246.74810991075037 246.49894886086167 246.26678727986837 246.45989436991977 246.64073238036326 246.81888100725246 246.99485538784666 247.16870615137213 247.34046009982058 247.5101424594527 247.67777806353843 247.84339145886497 248.0070068955115 248.16864833416048 248.3283394392506 248.48610360905468 248.6419639458718 248.79594329086785 248.94806419618772 249.09834895561244 249.2468195948013 249.39349787527863 249.53840529081435 249.68156309024926 249.82299226265877 249.96271354036526 250.100747421719 250.23711414702666 250.3718337214559
244.17308889786943 244.49086079502922 245.54294143445622 246.58234201586492 246.31236528166346 246.0803051492935 246.2809845450065 246.4692560126191 246.654748091064 246.83798066163763 247.01900556388273 247.1978506216492 246.93464997975934 246.68890170160148 246.8824111363383 247.0635482054572 246.80504707487034 246.56383503876395 246.75893814777373 246.9416713788528 246.68748179217073 246.4504530588274 246.6470218971117 246.83122369650982 247.01269043268985 247.19194404589007 247.36903594998785 247.54399341753606 247.71684212387754 247.88760734510765 248.05631406532984 248.22298696671396 248.38765043667263 248.55032856125035 248.7110451551739 248.86982373217984 249.02668753976582 249.18165953161588 249.33476239804781 249.48601855650736 249.63545015553836 249.78307907123394 249.9289269300748 250.07301509428248 250.2153646647073 250.35599650380732 250.49493121157525 250.63218914851336
244.3101485289157 244.62914847928084 245.70079543643806 246.75978175648743 246.48497333927162 246.24823579331905 246.45233420692512 246.64396814329575 246.83277904141642 247.0192915799712 247.20355829392702 247.385607475067 247.11738765078962 246.86673968995228 247.0635482054572 247.2479286721673 246.98446716448507 246.73841343972435 246.93684834768783 247.12285739763956 246.86376314483869 246.6219478890498 246.82187940671656 247.00938762678925 247.19411792106348 247.376597046587 247.55687710211214 247.7349858170769 247.91094930666213 248.084793280864 248.2565431523151 248.42622402657162 248.59386070920164 248.75947769937648 248.9230992199 249.0847491876582 249.2444512483239 249.40222874902656 249.5581047686553 249.7121021085511 249.86424329649208 250.01455058320153 250.163045965209 250.30975117036337 250.454687660638 250.59787665526733 250.7393391066953 250.87909572360536
244.11948131458394 244.43579739746156 245.4723789887321 246.4966573731217 246.23193912388524 246.00488536809826 246.2037970781771 246.39036853717698 246.5741789568333 246.75573953360663 246.93510152201497 247.11229270142758 246.8541458413256 246.61332448848225 246.80504707487034 246.98446716448507 246.73091793153435 246.49453256527067 246.68779830356834 246.8687640035305 246.6194287227272 246.387130078876 246.5818133621533 246.7641994174669 246.9438699124762 247.12133812152024 247.2966548629338 247.46984735222168 247.6409412399812 247.80996177895804 247.97693392934843 248.14188234873473 248.30483139943408 248.46580514181278 248.62482736423772 248.7819215536133 248.9371109300564 249.0904184193064 249.24186668326047 249.39147811042812 249.5392748198833 249.68527865788656 249.82951122055874 249.97199383928137 250.11274758370155 250.2517932846622 250.38915151006677 250.52484258798495
243.9428381077599 244.258115050902 245.26054930995087 246.250886884176 245.99592758355084 245.7783583575465 245.97224832210713 246.153879375403 246.33280778919743 246.50953342520825 246.6841063735328 246.85655392133413 246.6082316218044 246.37703620387492 246.56383503876395 246.73841343972435 246.49453256527067 246.26761894279116 246.45587926093913 246.63192208732562 246.39210595370696 246.16913109473353 246.35873135338989 246.5361173861129 246.710846617671 246.88342099363717 247.05389016823847 247.22228086327186 247.3886182799538 247.5529272285121 247.7152322312727 247.87555751223863 248.03392700471477 248.1903643443111 248.34489289890416 248.49753573914313 248.6483156732079 248.79725521888167 248.94437663436292 249.08970190848095 249.23325276458536 249.37505065732785 249.51511679512305 249.6534721254402 249.79013733801594 249.92513288757527 250.05847896960722 250.19019554358192
244.09103034778227 244.40913903759133 245.43190965924987 246.4424440363564 246.18235398618344 245.95993729295833 246.1573788130513 246.34246269967252 246.52479714815945 246.7048889066141 246.88278886856006 247.05852480434078 246.80497101988203 246.56870905628784 246.75893814777373 246.93684834768783 246.68779830356834 246.45587926093913 246.6476040413081 246.8270127808446 246.58208639830173 246.3541642349378 246.54726123109276 246.72804536919648 246.90612667153619 247.08201399583413 247.25575778967732 247.42738524721062 247.59692202008682 247.76439336268913 247.9298242359937 248.09323929740367 248.25466290829172 248.4141191271865 248.57163173972435 248.72722422931452 248.88091981178468 249.03274140774602 249.18271167325656 249.3308529902231 249.47718747032377 249.62173695181673 249.76452302205166 249.90556700293064 250.04488995401357 250.18251269540178 250.31845578356047 250.4527395345508
244.22925129266042 244.5486002791389 245.59120649774013 246.6215913608994 246.35658297744385 246.1294053979368 246.33029922073547 246.51877801242426 246.70446337026533 246.88786695903536 247.069040376688 247.2480118631097 246.98935432152666 246.74810991075037 246.9416713788528 247.12285739763956 246.8687640035305 246.63192208732562 246.8270127808446 247.00973057664214 246.75981808918505 246.52702973863734 246.7235243080513 246.90764888178865 247.08902739497125 247.26817364118733 247.4451387620461 247.61995041037608 247.79263467896817 247.96321725741836 248.13172353650907 248.29817859833906 248.46260722370494 248.62503388556365 248.78548277890354 248.94397779156907 249.10054253884232 249.25520033605403 249.40797422910987 249.5588869850808 249.70796109615094 249.85521877647398 250.00068198470717 250.1443724096448 250.28631147322153 250.42652035357446 250.56501996086308 250.701830960581
244.04214831424724 244.35884407759409 245.36686486599137 246.36301756098328 246.1079379654484 245.89028987848815 246.08605388715296 246.26952547780456 246.45026507590092 246.62877110592126 246.80509390219277 246.9792611935236 246.73051955430128 246.49894886086167 246.68748179217073 246.86376314483869 246.6194287227272 246.39210595370696 246.58208639830173 246.75981808918505 246.51951483569246 246.2960973907184 246.4874040938239 246.66646520046197 246.84284202004847 247.0170351043016 247.18909433151384 247.35904684231855 247.52691826574392 247.69273383490008 247.8565184889262 248.01829686274868 248.17809329476313 248.33593181994001 248.4918361997261 248.64582989285645 248.79793608996533 248.94817768591975 249.09657731056586 249.2431573191011 249.38793979597767 249.5309465518667 249.67219914602856 249.81171887179698 249.9495267598195 250.0856436008812 250.2200899216532 250.35288600809508
243.8689579989001 244.18463545254804 245.15898389067297 246.1216672452647 245.8761873359872 245.66787079682945 245.8586691640544 246.03725508394518 246.21316687000171 246.38689184112627 246.55847918340987 246.7279561347923 246.48888361593254 246.26678727986837 246.4504530588274 246.6219478890498 246.387130078876 246.16913109473353 246.3541642349378 246.52702973863734 246.2960973907184 246.08185922077064 246.26814245171317 246.4422616621323 246.61375476947933 246.78311122482864 246.95037975883497 247.1155870201478 247.27875818918983 247.43991805732549 247.59909112661126 247.75630159918546 247.91157338525272 248.06493009588075 248.216395072865 248.3659913595825 248.51374173560725 248.6596686887683 248.80379444613936 248.94614096418536 249.0867299325987 249.22558277140934 249.36272065316007 249.4981644882855 249.63193492853816 249.76405238961343 249.8945370268293 250.02340875858363
244.0182108982222 244.33672284178715 245.33166398028334 246.31479681599012 246.0641040395958 245.85086025337478 246.04524165509838 246.22731129753174 246.40665968895428 246.58378113811523 246.75872564263773 246.93152092510718 246.68713634740243 246.45989436991977 246.6470218971117 246.82187940671656 246.5818133621533 246.35873135338989 246.54726123109276 246.7235243080513 246.4874040938239 246.26814245171317 246.45795544242083 246.63550516159648 246.81038240967473 246.98308365308458 247.15365842410938 247.3221338453659 247.48853554899006 247.6528887716986 247.8152184554151 247.97554923689927 248.13390545562288 248.29031114678992 248.44479007116865 248.5973656860847 248.7480611799731 248.89689944470092 249.0439031063911 249.1890945157811 249.33249575208197 249.47412862013448 249.61401467260384 249.7521751955394 249.88863121169265 250.02340350333293 250.15651258791127 250.28797874161137
244.15749074852567 244.4772537596067 245.49228582456817 246.49552011101696 246.23982668700955 246.0217426516956 246.21960774237277 246.4051028901963 246.58783246582198 246.76829580760477 246.9465436261189 247.12260411498892 246.87303544945462 246.64073238036326 246.83122369650982 247.00938762678925 246.7641994174669 246.5361173861129 246.72804536919648 246.90764888178865 246.66646520046197 246.4422616621323 246.63550516159648 246.81642743685734 246.99463367574845 247.1706253932948 247.3444528244454 247.51614355214588 247.68572365087948 247.85321879376852 248.01865435372224 248.18205539337555 248.3434466728088 248.50285264283434 248.66029747474659 248.81580503148234 248.96939890211115 249.12110237438424 249.2709384654454 249.4189299123659 249.56509917603375 249.70946843834167 249.85205962442888 249.99289438839241 250.13199411652317 250.26937995026856 250.40507276194126 250.53909317829834
244.29470909970695 244.6156222724877 245.65048740894053 246.67357479917337 246.41294534494227 246.1900775004915 246.391378864957 246.58025489472493 246.76632179749504 246.95008372892062 247.13159209357218 247.3108755487292 247.05618580029386 246.81888100725246 247.01269043268985 247.19411792106348 246.9438699124762 246.710846617671 246.90612667153619 247.08902739497125 246.84284202004847 246.61375476947933 246.81038240967473 246.99463367574845 247.17612609362914 247.3553660135176 247.53240435422595 247.7072691518365 247.8799869167533 248.05058375217436 248.21908545576116 248.38551750986107 248.54990508908486 248.71227305383445 248.8726459800048 249.03104813030063 249.1875034886175 249.3420357329096 249.49466826568118 249.64542420477892 249.7943263872637 249.94139736665807 250.0866594352051 250.23013460977177 250.37184463494532 250.51181100620056 250.650054945605 250.7865974254628
244.43024384452235 244.75228296727698 245.8067711735439 246.84950149831093 246.58398257484168 246.35637537751109 246.56107238470122 246.75328951169968 246.94265451274487 247.12967631006632 247.3144069937971 247.49687567841693 247.23711410540318 246.99485538784666 247.19194404589007 247.376597046587 247.12133812152024 246.88342099363717 247.08201399583413 247.26817364118733 247.0170351043016 246.78311122482864 246.98308365308458 247.1706253932948 247.3553660135176 247.53781664796497 247.71802889107903 247.8960312258173 248.07185059241897 248.2455135181374 248.41704621946133 248.58647459258987 248.75382422089365 248.9191203686496 249.0823880107314 249.2436518040322 249.4029361218054 249.56026502676582 249.71566230145277 249.8691514391951 250.02075564802158 250.17049784793812 250.31840069321424 250.46448655846552 250.60877754163334 250.7512954873339 250.89206196257032 251.03109828042534
244.56413319170974 244.8872779580107 245.96118421433675 247.02335175491316 246.75298845186217 246.52068518855867 246.72873800982325 246.92425715416675 247.1168817106177 247.30712532777807 247.49504077374877 247.6806576138672 247.41587217541746 247.16870615137213 247.36903594998785 247.55687710211214 247.2966548629338 247.05389016823847 247.25575778967732 247.4451387620461 247.18909433151384 246.95037975883497 247.15365842410938 247.3444528244454 247.53240435422595 247.71802889107903 247.9013786976484 248.08248269764863 248.26136825514527 248.4380623155189 248.61259150823844 248.7849821375753 248.95526018994929 249.12345132789756 249.28958091970094 249.45367401096678 249.61575535888983 249.77584940560791 249.93398030841195 250.0901719309095 250.24444784695538 250.3968313379578 250.5473454152152 250.6960128061378 250.8428559571546 250.98789705719014 251.1311580134336 251.27266047505418
244.69639783936645 245.02062841669022 246.1137500845889 247.19515148768733 246.9199884102395 246.68303191779432 246.89440121892494 247.09318378135868 247.28902982354293 247.48245768118295 247.67352079286525 247.8622491685485 247.59248730790887 247.34046009982058 247.54399341753606 247.7349858170769 247.46984735222168 247.22228086327186 247.42738524721062 247.61995041037608 247.35904684231855 247.1155870201478 247.3221338453659 247.51614355214588 247.7072691518365 247.8960312258173 248.08248269764863 248.26665292576445 248.44856969211833 248.62826035438252 248.80575194922199 248.9810711832897 249.15424444042674 249.3252977758741 249.49425694585057 249.6611473792609 249.82599421189298 249.98882226004184 250.1496560505418 250.30851981214118 250.46543747945407 250.62043269028504 250.77352880801823 250.92474890798508 251.07411578027245 251.2216519533731 251.36737966996566 251.51132091067666
244.82705730407343 245.1523541546709 246.26449080477323 247.3649249392929 247.0850062686277 246.84343898066936 247.0580859006095 247.26009374548403 247.4591236606475 247.65569862996517 247.84987275513208 248.04167648455837 247.76698517945306 247.5101424594527 247.71684212387754 247.91094930666213 247.6409412399812 247.3886182799538 247.59692202008682 247.79263467896817 247.52691826574392 247.27875818918983 247.48853554899006 247.68572365087948 247.8799869167533 248.07185059241897 248.26136825514527 248.44856969211833 248.63348309734965 248.81613623502608 248.9965565433149 249.17477112562506 249.35080675767745 249.52468988193596 249.69644663714666 249.86610283017694 250.033683970139 250.1992152422838 250.3627215378565 250.5242274456807 250.6837572561194 250.84133495844208 250.9969842632347 251.15072858894337 251.30259106456288 251.45259455346832 251.60076162919108 251.74711459924606
