FVE	99.99849364198583
xiVar	nothing
obsGrid	[571.5,572.0,572.5,573.0,573.5,574.0,574.5,575.0,575.5,576.0,576.5,577.0,577.5,578.0,578.5,579.0,579.5,580.0,580.5,581.0,581.5,582.0,582.5,583.0,583.5,584.0,584.5,585.0,585.5,586.0,586.5,587.0,587.5,588.0,588.5,589.0,589.5,590.0,590.5,591.0,591.5,592.0,592.5,593.0,593.5,594.0,594.5,595.0,595.5,596.0,596.5,597.0,597.5,598.0,598.5,599.0]
selectK	2
xiEst	[50.291803168215495 -0.9093469600153701
50.29390571485663 -0.9045487010014726
49.178069309003085 -0.9433117707637059
49.17387092281096 -0.9710903618917331
69.21329052990171 1.6889381524183469
103.38368032070292 -3.8215428995811265
44.9990162007417 0.7651756994689456
-130.40422828041844 2.7855413155992137
-131.40321958519854 2.5995110276292275
-131.92543865239844 2.5526695750761688
7.9991378227568255 1.1547123682950085
-131.9289362044183 2.5446892099340404
-129.49142007288745 1.3354349477569425
-128.82630259532496 1.365967201592695
-198.97869860363826 -23.42333650241124
-208.72423845180606 -18.71002722342169
-6.544280973504784 7.159001400783653
-6.544976583484379 7.157413936918784
28.79152896258327 11.2027498782852
107.28271248075967 1.5645298478645864
106.67052589451293 1.559394410979329
8.001551593489523 1.1602140214789223
107.47378280037829 1.5373207440862475
107.47465378847022 1.5393084414511011
179.60776698776513 -3.9821068893534908
-14.558328911957515 -0.4669013608957084
-14.558894365623718 -0.4765585211899337
-14.562627235280267 -0.48507581052325155
-13.237758769900491 -0.4010664569061118
-93.82395048371689 -0.1744596916620842
-93.83128020327699 -0.19115598269551448
-93.12921771107764 -0.10219023644173375
7.992833286160889 1.1403546809106548
-114.69518191643228 2.3026727548539605
-114.69475582369562 2.297007083565611
-114.69499410671492 2.2964628447832798
76.41748454805017 -0.21298124235314564
77.01616336732314 -0.1513239002523008
77.01571221866793 -0.152354324541619
65.43647312161781 -1.8398111263481502
6.811084054295495 5.784767949001322
7.837036011976541 6.027266906946862
-14.640474904485938 1.8359561822011594
7.9920451533960115 1.138554584411806
-9.676475038570075 -0.5705663089199777
34.38186635472515 -3.242209972820471
30.39703783207414 -1.2697188648908417
32.32738894589205 -0.9586555521001362
32.02720169182976 -1.0231178995549663
32.037540814435715 -1.0217955515238932
-132.69484740177532 -9.890556079769073
-132.69484740177532 -9.890556079769073
-129.6679670217891 -9.39334096349599
-129.6679670217891 -9.39334096349599
8.409716242511703 1.1075464572138538
-129.65971943698 -9.380292415669125
-217.73359608969963 -2.287192742548881
-237.8041547693146 -5.932327490565748
-181.3204317160905 -6.290033628438437
-181.3204317160905 -6.290033628438437
-163.62747339636633 1.396368239385486
-163.62704637774715 1.3973409406034092
-164.08513190977644 1.3300126938964159
-162.495020751112 1.5030765633499628
-164.52669911939716 2.4822695282433207
-63.839348723093565 1.120824889583535
-153.6195699187232 4.540569599880648
-146.99776710041098 5.560535817133957
-118.45358957804822 1.6685730812261785
-118.45421917179304 1.66713806241389
-118.45322581276798 1.6694022032177047
-95.96083818130755 -0.5525701561622807
-95.96035032600955 -0.5589625115935397
113.88677210942139 -5.923831955204134
114.84380300432849 -5.790277741839473
125.52527088526243 -5.901349924942599
-63.84090532745659 1.1172731851361946
125.52319925016167 -5.915717892310848
126.86840340473051 -5.8098254005535415
130.98849201202333 -7.8624681946965325
-87.40949037476037 -1.5282806314538797
-88.08742452327976 -1.5448791493623653
-93.94094934454054 -2.0424853401995793
-93.94247187231355 -2.04595560339848
-111.5934070075669 0.19376599140036443
-110.77696753695578 0.22265307621863784
-114.77446133226432 -0.14866595777466785
-21.399278975833752 -2.0864919963990443
-114.77971100490088 -0.16062413210799287
-114.77933328565577 -0.15976142080257372
-147.69875850867214 2.4014104843086157
-32.834409268286436 5.337684148636617
-46.28531127978822 3.001775503172386
-45.61977898255362 3.079744029112546
-46.11203208268855 3.0576110098330007
-46.11078356173695 3.071190226202999
-112.32222329446925 4.84521118962849
-112.32225363039964 4.845141871900294
-20.367488990784583 -2.0292915957118653
16.667892479644333 4.871298490149553
16.668678824484843 4.873092693301713
110.96507677422632 -4.301393452683492
120.54882574404142 -2.7221673538249402
120.54966226790954 -2.720258307871343
120.1797064139217 -2.783738735535219
126.13576244226304 -5.633560557530027
-106.03789185755761 -0.7560166246106945
-106.03900785341776 -0.7585602888027476
-106.51237810538859 -0.7715745556336713
-20.368824427689862 -2.02161025130743
-92.65568975107823 0.05674437261411014
-106.5097093461992 -0.7616623794353421
-125.52088153534446 1.538779422572516
-125.52325360992455 1.5333760988543164
-114.49490657503982 2.7279888746383083
76.81765961160627 0.6500708178156094
76.81811660480139 0.6511145909924547
66.80822943003685 -0.5599344421672519
-6.742328820863712 5.986122115700995
-5.884284634903544 5.949905524360307
-15.122044235756844 10.404027681030978
-53.79605914206092 1.9866440033402983
-16.237368514705953 10.280146196303964
-83.82040553196117 4.4234120042001175
-83.82079030626127 4.422534064525343
-88.67809702356529 6.851308565883475
-75.21669773792698 8.310092826536033
-36.077326947173354 2.6155073901910746
-49.67233968137436 0.7635690795248001
-49.672211403223706 0.7638621956443111
121.08462951336226 -1.9308343048661736
193.01683163302508 -7.7100011812473115
-52.31381760533858 2.03223272318533
191.23735550433966 -7.868455770211941
189.7010207818379 -8.048764962108761
189.70038351290273 -8.032977979021982
191.41064800985748 -7.8967269998849545
191.41036666908113 -7.897369864735511
13.052869604896957 -5.4344228063798985
225.6264311825067 -12.261309298534375
224.38768559778663 -12.323413673511716
223.23550143829064 -12.390490489568887
161.39928407333477 -8.398850925511434
-52.31363231470538 2.0326561130694567
182.54345995254235 -6.4130901111417655
176.5873199888642 -3.4574674842745647
175.66934428923983 -3.514355215646129
175.67444496905853 -3.4788623509233907
171.9074479267162 -4.120308944841553
171.9029350859961 -4.130594960821855
104.68406544637926 5.106208650775962
104.68024688888599 5.097505098859257
104.67213045688622 5.0790167638208
51.27860937694772 4.377515087519853
116.68226132435093 0.18382222966797146
51.28533791953559 4.409629739486428
51.18128026348778 4.414581333135207
51.181583304609354 4.415273479538032
47.094523739055674 3.5164719347319826
28.548605819244376 0.28793200426692
27.73754184817652 0.1614552798796861
26.730440628398306 0.06584986978371643
31.931530374753624 -2.4163127853788904
82.82843278034517 -7.515469254739672
-111.48951999058698 -1.3547811614478822
117.80592872836833 0.17160349800548946
-137.64441637905574 0.1051117678101221
-137.6446411021772 0.10459849984690006
-137.6429201086318 0.10851873293013803
7.809764231447917 -2.0675081914950364
2.9248941933978854 0.2699013061355572
2.923662760805644 0.2570078454644937
208.74441977568804 -2.775591545454165
208.74079334560145 -2.7838571856029866
167.14007187523194 5.265417208248389
167.1443283303239 5.275118897141313
87.88157084406855 -2.471416992934784
72.21145291748205 14.541147423220444
72.2065344128105 14.529943613455101
70.87953553930747 14.444723605205299
71.6752990653206 14.505616364547802
70.57367793886608 14.358101858533793
65.36122098629488 13.190972615714875
38.51011796386779 8.499813885069594
90.95130531174385 4.726671987521381
91.81474005723696 4.7811434343551475
100.877715056343 0.413866738500436
94.23044262789686 -1.8055313654163754
-3.708649126290648 7.141208356274424
-3.7084729183653553 7.1416109892306086
-124.54807283943315 6.2073293351860475
-103.35042601076965 8.536708866546931
-103.35055428896591 8.536415750326748
-56.708804658023716 2.781516616806565
-56.97206675082579 2.7783399574194076
-56.969628313834605 2.783903739522098
-64.8171119847027 2.120291468710354
-64.81397120891658 2.136018782186908
94.23059534071939 -1.8051824160324088
-64.189255402487 2.2441369056775926
88.07603337653407 1.2691633316458002
-38.22057372793879 4.371429070195974
-95.24849107627871 -0.415294629006822
-4.441950679486013 -0.984539284406629
-4.000745596909874 -0.9540846963324287
-4.398447916944168 -0.998211230468569
-4.396538149757204 -0.9938583411456245
-4.401335451582405 -1.0047860645042668
-5.130377668426364 -1.0916816479789908
-1.132400308873331 -3.005885840373882
-1.1327100767121046 -3.0065933506009066
-45.60208764632667 -1.280022112832557
127.86816907594388 -5.337308113333986
-94.4541445643752 -0.3132307298393895
127.87185835186277 -5.3185816337267715
106.09744478361527 -7.933332303547715
115.73403230300244 -6.890803094557957
191.13683825596064 -7.878674861986511
195.52503164363452 -10.069599513260354
213.80971799163635 -8.459085891986494
213.8023010041033 -8.494119593194284
165.2115069794776 -1.18267770704901
154.4268745295432 -2.24691489352453
151.93618383536875 -2.333110266836568
-99.07397925332342 -1.0991409092648607
153.8698715787887 -2.3254910565728824
-30.0010661601778 0.5270681405078825
-29.997138281040613 0.5360303832830268
-29.995503329210262 0.539761536006138
-31.479009888363894 0.474100644216802
-79.49034090607717 4.470852326196038
-79.489247042815 4.4733486509090445
-0.6376641756087666 2.696329441320255
-153.22256846858542 3.7511181865419143
-157.87236544548495 2.982443266360478
107.65951425487724 -7.004188750363179
-157.8722575409186 2.9826895172859356
-195.55977411280313 6.646869157456365
-195.10736885724262 6.721146635269377
-182.02688610900145 9.140066112541502
-182.02667813287226 9.140540738562871
-182.02726862922808 9.13919340292609
-134.97694172500817 6.980429784130077
-135.90192375020544 6.8805395447849635
-131.06085756583698 4.571414204510401
-129.44305553975087 4.683288845740694
61.16197074420619 -2.8462657574606687
-129.44066642634195 4.696872055251135
58.7678337113487 8.019285270425822
67.11848672019951 3.877823042976928
68.39796593312089 3.8737574055218205
68.3922038325134 3.860610019289961
-81.28766680491752 4.23872877591856
-27.522825151112936 -0.5035643456047364
-1.1016581382415145 -3.847470516310707
-1.1019341312558542 -3.8481011615202587
-1.1024188860401052 -3.8435771426049423
65.78201578565526 -5.058271948643332
4.401200111942001 -3.3161123624910775
4.401319690791259 -3.315839124320158
2.943288330414986 -3.3927897840931296
4.356918348897536 -3.321062475790396
-7.529056785831316 -4.365335603740819
45.32370878584182 -2.4413797240566852
44.5662781999093 -2.4470299732764844
50.54851467724667 -1.8310465097488415
95.7174932044809 -7.109421833621589
95.71906836796767 -7.10582712505124
66.25982081833915 -5.035574753953075
110.78930129485562 -5.77283595779714
109.89165570885072 -5.800653726867891
108.28136585609643 -5.87957107517051
51.66929915886024 -3.181460085065784
47.337113497399024 -1.022309480095144
47.335510622517454 -1.025966759963722
47.33545018320866 -1.026104864036205
-129.23601128916502 1.889901033882749
-129.2380789917177 1.8761984834000494
50.289993420711134 -0.9134770169417447
66.26162745088438 -5.039181825723427]
phi	[0.20655627556619055 0.47206949224182415
0.20519022062490924 0.4345712566335774
0.20344626663488571 0.38055458449792195
0.20178821525636306 0.32991918910097234
0.20132851551621614 0.3154655264009339
0.20086086743911757 0.3006684959904392
0.20039710676327166 0.28602696058409544
0.19993819728505793 0.271570175346533
0.19948413517754646 0.25729665520122696
0.1990348701011023 0.24320407571610297
0.19740509301877207 0.19496196478187106
0.19580558257601735 0.14839068592055274
0.19540750059514828 0.13614386390834252
0.1950018002018395 0.12359901036405159
0.19459933549924982 0.11118455848012943
0.1942010596111886 0.09892674170078608
0.19380697694382198 0.08682432762173298
0.19341704452773034 0.07487534433819303
0.19303121742476617 0.06307783439628549
0.19264945105613934 0.05142986550841674
0.1922717013394382 0.03992953053945154
0.19189792467802858 0.028574946542280506
0.191528077968098 0.017364255023390757
0.1911621185800504 0.006295621038862959
0.1908000043676625 -0.00463276648117694
0.190441693647116 -0.015422695693106739
0.190087145206848 -0.026075931485229305
0.18973631828775692 -0.03659421644243735
0.1893891725920785 -0.046979270440512505
0.18904566826331004 -0.05723279165011291
0.1875093157831126 -0.0987336026128524
0.18599975325232132 -0.13881930128710931
0.18570283954508315 -0.1475355891452475
0.18539861324991927 -0.15649781748880742
0.18509655425435553 -0.165370400946892
0.18479759978929705 -0.17413126199407497
0.18450176715966102 -0.1827812100136024
0.18420902541343917 -0.1913216517846415
0.18511677243273986 -0.1693945192829651
0.18600554493248025 -0.14776801629479858
0.18568595345809974 -0.1571270484693483
0.1853801172831095 -0.16601197890022773
0.18507849156463604 -0.1747606402891348
0.1847800694943299 -0.1833979803904305
0.18448476575049202 -0.19192602900468206
0.18419254400729004 -0.20034618365855422
0.18390337092008777 -0.20865981694426744
0.18361721365019026 -0.21686828466025773
0.18453323506720432 -0.1947980606139413
0.18543025996566945 -0.17302212600758918
0.18511705492545621 -0.1820515555326847
0.18481747417981095 -0.19061660560287141
0.18452203197763953 -0.19904981251314363
0.18422972369134571 -0.20737577721518974
0.1839404647886356 -0.2155964665640492
0.1836542197359407 -0.22371322560123197]
workGrid	[571.5,572.0,572.5,573.0,573.5,574.0,574.5,575.0,575.5,576.0,576.5,577.0,577.5,578.0,578.5,579.0,579.5,580.0,580.5,581.0,581.5,582.0,582.5,583.0,583.5,584.0,584.5,585.0,585.5,586.0,586.5,587.0,587.5,588.0,588.5,589.0,589.5,590.0,590.5,591.0,591.5,592.0,592.5,593.0,593.5,594.0,594.5,595.0,595.5,596.0,596.5,597.0,597.5,598.0,598.5,599.0]
criterionValue	99.99849364198583
cumFVE	[99.77299126273222,99.99849364198583]
lambda	[11956.812836032057,27.024244825085738]
smoothedCov	[506.4079246175579 502.4774986490397 497.5788949264156 492.94338276678855 491.662701068931 490.3546733597184 489.0576895208087 487.774615700906 486.50543306320424 485.2499929818962 480.71165961707766 476.2720275142301 475.16662652201853 474.0353637056178 472.9132781054833 471.80316793568636 470.7050371168657 469.61875898542326 468.5442019530374 467.4812355761835 466.42973090291764 465.389560437299 464.3605981591546 463.3427194690116 462.33580121376247 461.3397216250471 460.35436034692293 459.37959837708104 458.4153180928795 457.46140319120116 453.2365406009453 449.0980243440358 448.2789973473776 447.4357000549525 446.59852768398696 445.77018089329204 444.95069947704275 444.13999241672906 446.60763544042493 449.0226929419382 448.13338700606414 447.28663953512967 446.45187185258226 445.62618129848636 444.80933025730235 444.00121411945554 443.2017361040607 442.4108008662496 444.89978519253873 447.3362083319257 446.4661916041084 445.63828976048643 444.8221419490261 444.0148554435404 443.216195281398 442.42605937364397
502.4774986490397 498.77333423827076 493.9730002011056 489.41825027611776 488.1535956950029 486.8658220885518 485.5890778755456 484.32601863423406 483.0766199323625 481.8407355003437 477.38154598572146 473.01432563347043 471.9220641257889 470.8080346407278 469.7031960688764 468.6101425538873 467.52887213204303 466.45926008740935 465.40117708709477 464.35449493250417 463.3190868907641 462.29482765876855 461.28159338311343 460.2792616054776 459.2877112883234 458.306822753937 457.3364777120769 456.37655920182806 455.42695161748634 454.48754064930836 450.3298873301683 446.2527353837795 445.44238748329826 444.61165710119167 443.7871085880488 442.9712488191308 442.1641113183323 441.36560638833544 443.79437474920996 446.1743458760393 445.3021316734612 444.46829303839513 443.6460846295722 442.8328009926554 442.0282141497828 441.23222149936373 440.44472791513 439.6656396713988 442.1157110987115 444.5170033731665 443.66371207776865 442.8483724992202 442.0444423126901 441.2492252482825 440.46249591039486 439.68415416739026
497.5788949264156 493.9730002011056 489.28931406966876 484.8424395015609 483.6057690919806 482.34712801139176 481.0992738982677 479.86477473436025 478.64360652728647 477.4356267807707 473.0798715258279 468.81226689786126 467.7438906730731 466.6547821274871 465.57466467071936 464.50605097186235 463.44893908250197 462.403207481917 461.36873011887656 460.34538204292585 459.3330397297559 458.33158104659196 457.34088527151835 456.3608330404495 455.39130637202106 454.43218860849265 453.4833644424034 452.5447198603033 451.61614216774433 450.6975199317203 446.6302968654127 442.64041131130944 441.8474361507797 441.0349736140615 440.22856161216623 439.4306341097472 438.64122396794664 437.86024377114154 440.23838638122106 442.56874649533347 441.7161472873868 440.9006062493572 440.09640873516764 439.3009271399678 438.5139390001568 437.73534422779085 436.9650500583775 436.20296509454056 438.6021947424888 440.9536508044075 440.11945264683163 439.3219064906225 438.5354897907291 437.75758349706666 436.9879676345463 436.2265445090761
492.94338276678855 489.41825027611776 484.8424395015609 480.49635014196974 479.28642924865926 478.05533772905983 476.83478654499777 475.6272770636788 474.43278652040317 473.2511760384259 468.9920634198934 464.8178962844395 463.77239604810165 462.70686722198116 461.65012342171394 460.6046161351187 459.57034424027734 458.54718929019145 457.5350283492244 456.53373954831113 455.5432024069796 454.5632977997884 453.59390797544984 452.6349165049014 451.6862083058204 450.7476695848309 449.8191878638663 448.90065192501424 447.99195183506527 447.0929788894118 443.11067922214716 439.203065855545 438.42678726399026 437.63160944889023 436.8423417293179 436.061364310046 435.28871022269595 434.52429425796254 436.8549904444699 439.1386496613377 438.3043144165149 437.5060493490564 436.7188725026899 435.9402147207147 435.16985797037705 434.40770450482887 433.65366379673287 432.9076466562328 435.25919571339546 437.5637084790069 436.747279399091 435.96653002782296 435.196661190168 434.4351117379847 433.68166603937607 432.93622866905207
491.662701068931 488.1535956950029 483.6057690919806 479.28642924865926 478.08453879214903 476.86152158437017 475.6489556997585 474.44933266955104 473.2626306472066 472.08871198017914 467.85532027510635 463.7062646743252 462.66761216490795 461.6089619092445 460.55902140319085 459.52023328099676 458.49259718665144 457.475995714467 456.4703069620109 455.4754100805512 454.49118559675844 453.5175153798082 452.55428266015406 451.60137197829044 450.6586692089709 449.72606150394176 448.80343731806624 447.89068635482954 446.9876995904642 446.0943692185565 442.1349951262655 438.24978040393216 437.47842986429896 436.68819880572255 435.90382508650237 435.1276813747304 434.3598012143211 433.6001001404393 435.9184095133405 438.18980599038423 437.36051617224393 436.5671548594041 435.7848127100815 435.01092962530265 434.24528856497363 433.48779252452186 432.7383517051903 431.99687763673865 434.33592062382195 436.6280492283586 435.8164968738861 435.0404867232278 434.27529025087915 433.5183552367239 432.76946701156385 432.0285308659759
490.3546733597184 486.8658220885518 482.34712801139176 478.05533772905983 476.86152158437017 475.6467155828959 474.44227500977104 473.2506772179395 472.0719011191677 470.905810291355 466.69892987627463 462.5756436385236 461.5438636378085 460.49220686775607 459.44918777752537 458.41723593684947 457.39635159599766 456.3864183945061 455.3873154742223 454.39892301791315 453.42112257058307 452.45379700703506 451.49683055048354 450.5501087217799 449.6135183634883 448.68694758311403 447.7702857790441 446.86342358649745 445.9662529015618 445.07866682618123 441.1428181092524 437.2804871334756 436.51406464522324 435.7288658162415 434.9494748459633 434.1782528697113 433.4152337866162 432.6603338775267 434.9658843400139 437.2247219319179 436.40065939064016 435.61229638962277 434.8348784091304 434.0658584220987 433.30502055584657 432.5522685643082 431.80751338636037 431.0706672799847 433.3968378007994 435.6762916665466 434.86979606573277 434.0986181774201 433.3381820566019 432.5859484115399 431.8417037098616 431.1053539741242
489.0576895208087 485.5890778755456 481.0992738982677 476.83478654499777 475.6489556997585 474.44227500977104 473.2458752136572 472.062219318349 470.8912869653732 469.7329429463698 465.55233873871475 461.454588802113 460.4296057609554 459.3848701063207 458.34870125276757 457.32351552548425 456.3093137540918 455.3059806090723 454.3133962632528 453.33144191788597 452.36000012346267 451.39895474769855 450.4481909940505 449.5075953513924 448.5770556179241 447.6564608448766 446.7457013622866 445.84466872545 444.95325573871605 444.07135640103934 440.15882458606393 436.3191706894977 435.55762291324436 434.77740609961575 434.00294856892015 433.2365997312363 432.47839381716904 431.7282478428938 434.0211422562734 436.26752551566096 435.4486432173344 434.66522977962995 433.8926877149147 433.128483241464 432.3724016588153 431.6243474711091 430.8842323458016 430.1519692601023 432.46537202101354 434.73225756898955 433.9307739117312 433.1643817161562 432.4086598427216 431.661082102808 430.9214361061204 430.1896285992575
487.774615700906 484.32601863423406 479.86477473436025 475.6272770636788 474.44933266955104 473.2506772179395 472.062219318349 470.88640776141256 469.7232229042147 468.5725307348448 464.4179024639343 460.3453971778654 459.3271276791738 458.2892286579354 457.2598265625493 456.24132458917757 455.2337241347677 454.23691088601663 453.25076603227444 452.2751717789588 451.3100116679434 450.35517054594857 449.41053458293845 448.47599122225165 447.5514292043272 446.63673851094745 445.73181039075916 444.836537306272 443.95081295744876 443.0745322277071 439.1850543866967 435.3678222211129 434.611090802347 433.8357967285301 433.06621405474425 432.3046805621534 431.5512308043212 430.805782522295 433.0861567528964 435.32021944765347 434.5064564062336 433.7279340690043 432.96021035426566 432.2007646083648 431.4493832907642 430.7059716456465 429.97044205898874 429.2427082172617 431.5434807233096 433.7979333923395 433.0014031127412 432.2397405057227 431.48867763979797 430.7457013142407 430.01060026897676 429.2832819648884
486.50543306320424 483.0766199323625 478.64360652728647 474.43278652040317 473.2626306472066 472.0719011191677 470.8912869653732 469.7232229042147 468.56768999540145 467.4245554064073 463.2956038908778 459.2480528322485 458.2364142433562 457.2052679965973 456.1825497770924 455.1706497823634 454.169569965803 453.17919701589017 452.1994131241172 451.23010148598405 450.27114662079384 449.3224343405045 448.38385176800693 447.45528728768386 446.536630569045 445.6277725113123 444.72860526891054 443.8390221988366 442.95891788409926 442.0881880802217 438.2215022188702 434.42643749549825 433.6744646312618 432.9040344153659 432.13926838590623 431.3824928065869 430.6337425465754 429.8929360615566 432.1609258177814 434.3828014177616 433.57409684457116 432.8004074856981 432.0374449048054 431.282701444155 430.5359647098612 429.797140676048 429.0661424372611 428.34288437942087 430.6311639457099 432.87331884431296 432.0816835445594 431.3246947336779 430.5782359565278 429.839806870114 429.1091973317689 428.38631550695845
485.2499929818962 481.8407355003437 477.4356267807707 473.2511760384259 472.08871198017914 470.905810291355 469.7329429463698 468.5725307348448 467.4245554064073 466.2888852910637 462.1853148041628 458.16243090767966 457.1573416229412 456.13286532312213 455.1167491144233 454.11137032567603 453.1167314560471 452.1327201815466 451.15921968171097 450.1961141281645 449.24328900387354 448.3006310724759 447.3680283964004 446.4453702878659 445.5325473323546 444.6294513337193 443.7359753394253 442.85201358841323 441.97746153439766 441.1122157927862 437.26806290375134 433.49491423482505 432.7476428277914 431.9820182964645 431.2220113972785 430.46993698774804 429.7258302454816 428.98961033069554 431.2453498536797 433.45517037893933 432.6514642020884 431.88255039270825 431.124292412409 430.37419546769206 429.6320482981482 428.8977575978747 428.1712371601552 427.45240206066455 429.72832451219347 431.95831527587416 431.1715172416916 430.41914709541516 429.67723813926705 428.94330275827997 428.21713191448816 427.49863446833797
480.71165961707766 477.38154598572146 473.0798715258279 468.9920634198934 467.85532027510635 466.69892987627463 465.55233873871475 464.4179024639343 463.2956038908778 462.1853148041628 458.1746039999125 454.2415460395496 453.25845993830444 452.25669105236193 451.26308626132595 450.27996256747065 449.30732316382637 448.3450586605195 447.39305521652204 446.4511999508013 445.51938125764354 444.5974887773609 443.6854134138921 442.7830472871301 441.8902837557798 441.0070173640015 440.1331438660236 439.2685601753801 438.41316438759713 437.56685572861534 433.8046646701405 430.110945962806 429.37973603329556 428.63077379154674 427.88729643262377 427.1515651670252 426.42361522277497 425.7033678656935 427.9131696955046 430.07783568450395 429.29177595346664 428.539523582278 427.7976796895382 427.06380762200206 426.337700473543 425.6192671858116 424.9084236942617 424.2050871882111 426.4348306035281 428.6194179479535 427.8497946880216 427.1136288498328 426.38768289585096 425.6695268557087 424.95895596346054 424.2558812585339
476.2720275142301 473.01432563347043 468.81226689786126 464.8178962844395 463.7062646743252 462.5756436385236 461.454588802113 460.3453971778654 459.2480528322485 458.16243090767966 454.2415460395496 450.3955412036448 449.4339582784087 448.4542722830902 447.48255544307176 446.5210706136513 445.569821824889 444.6287025405218 443.69760181108177 442.77640961542966 441.8650171730296 440.9633169156332 440.07120250446496 439.1885687839567 438.31531180398815 437.4513287678583 436.596518056429 435.75077917873386 434.91401279392994 434.0861206612881 430.40349151933333 426.78701784041914 426.071532570797 425.33878241389175 424.6113839869631 423.89155042996936 423.1793171709087 422.4746075253661 424.63979988640494 426.7605474309894 425.9915511540985 425.25550155332894 424.5296243565426 423.81153534267287 423.1010316805805 422.39802448716546 421.7024317767409 421.01417279001726 423.1990578392797 425.33947077498306 424.586453843247 423.86604728573184 423.1556303727393 422.45282510933976 421.7574307259056 421.0693603705604
475.16662652201853 471.9220641257889 467.7438906730731 463.77239604810165 462.66761216490795 461.5438636378085 460.4296057609554 459.3271276791738 458.2364142433562 457.1573416229412 453.25845993830444 449.4339582784087 448.47822313656707 447.5043982797347 446.53847855719187 445.5827197918343 444.637126671013 443.7015935326626 442.776010294117 441.8602677902145 440.95425808542177 440.05787444598855 439.1710113569957 438.2935644764625 437.42543065741984 436.56650789642254 435.71669535735555 434.8758933226013 434.04400321476214 433.22092754709 429.5579578061406 425.96071322690295 425.24945191515917 424.5209284027983 423.7977115164922 423.08200847351463 422.3738551467809 421.67317547787934 423.82770126004925 425.937876736657 425.17317825821465 424.4413196963674 423.7195755699813 423.00556886005006 422.2990975549051 421.60007339459753 420.90841500567103 420.2240422336545 422.3981595488258 424.52789746708186 423.7790371884357 423.0626840028717 422.3562643271407 421.6574072611984 420.9659128300127 420.28169478297195
474.0353637056178 470.8080346407278 466.6547821274871 462.70686722198116 461.6089619092445 460.49220686775607 459.3848701063207 458.2892286579354 457.2052679965973 456.13286532312213 452.25669105236193 448.4542722830902 447.5043982797347 446.5365360951446 445.57651830793975 444.62658955391544 443.6867550155348 442.7569099071666 441.8369450226087 440.9267520625317 440.02622394625587 439.13525478424845 438.25373989508216 437.38157575988953 436.51866004436124 435.6648915476244 434.8201702259071 433.9843971441319 433.1574744974396 432.3393055620977 428.69653481377645 425.1189489717053 424.41190227208745 423.68768074677655 422.9687241170809 422.25722968504897 421.553233607553 420.85666045209064 423.0001811963821 425.0995228259835 424.33929283934276 423.611709700529 422.8941780444484 422.1843320624821 421.4819707389979 420.78700645271556 420.09935845051496 419.4189471903178 421.58196318787304 423.7007690749688 422.95623454545967 422.24401776473223 421.5416734001974 420.846841643739 420.1593234910438 419.4790333081278
472.9132781054833 469.7031960688764 465.57466467071936 461.65012342171394 460.55902140319085 459.44918777752537 458.34870125276757 457.2598265625493 456.1825497770924 455.1167491144233 451.26308626132595 447.48255544307176 446.53847855719187 445.57651830793975 444.6223427703062 443.67818519321236 442.7440512285798 441.8198369550714 440.90543403176343 440.00073501425095 439.1056336658912 438.22002493074206 437.3438049503284 436.4768710185717 435.61912160357633 434.7704562969502 433.9307758373243 433.0999820623265 432.2779779299776 431.4646674699793 427.8419218915351 424.2838218250854 423.58094432093276 422.86098262430824 422.14624490569577 421.43891833999805 420.739039344975 420.04653310514004 422.17913413373844 424.2677292962826 423.51192906598953 422.788580539504 422.07522090481734 421.36949575955487 420.671205091342 419.98026191078134 419.29658607748615 418.6200986542426 420.7721002250273 422.8800630490332 422.1398174014844 421.4316980452286 420.73339034809214 420.0425457909114 419.35896634763503 418.68256699445965
471.80316793568636 468.6101425538873 464.50605097186235 460.6046161351187 459.52023328099676 458.41723593684947 457.32351552548425 456.24132458917757 455.1706497823634 454.11137032567603 450.27996256747065 446.5210706136513 445.5827197918343 444.62658955391544 443.67818519321236 442.73972866790064 441.81122608910664 440.8925743873624 439.9836660748274 439.08439454993277 438.1946544082016 437.31434141551154 436.44335252478504 435.5815858312744 434.7289405942124 433.8853171865667 433.05061711836606 432.2247429890999 431.4075985089762 430.5990884505554 426.9961431385036 423.4573103120747 422.7585521958954 422.0427997694824 421.33223099244515 420.62902299263715 419.9332124413959 419.2447251314534 421.3665230790775 423.44448663528874 422.69306417252074 421.9739003789582 421.2646636450354 420.5630108768787 419.868743055059 419.18177381349096 418.5020236160267 417.82941412192395 419.97051929807003 422.06775534395183 421.3317486284195 420.6276788046566 419.93336061423815 419.2464567308575 418.56677009683426 417.8942162902781
470.7050371168657 467.52887213204303 463.44893908250197 459.57034424027734 458.49259718665144 457.39635159599766 456.3093137540918 455.2337241347677 454.169569965803 453.1167314560471 449.30732316382637 445.569821824889 444.637126671013 443.6867550155348 442.7440512285798 441.81122608910664 440.88828615837247 439.97512920659574 439.0716485869243 438.1777385287214 437.29329444791074 436.4182129205701 435.5523916995844 434.69572967021395 433.84812687169324 433.00948444730193 432.17970466762927 431.35869088330264 430.5463475461115 429.7425801610502 426.15921077378334 422.6394273468377 421.9447392771244 421.23314586819333 420.526696346044 419.8275578872731 419.1357674107021 418.4512513086347 420.56236284300667 422.62980953924125 421.88271296032553 421.1676842736247 420.46252158403513 419.7648929929005 419.0746004624234 418.391558241296 417.71568738921724 417.04691015359913 419.17723697249494 421.26386238299074 420.53204472927337 419.831976774336 419.1416011694823 418.45859166963237 417.7827521745444 417.1139988560576
469.61875898542326 466.45926008740935 462.403207481917 458.54718929019145 457.475995714467 456.3864183945061 455.3059806090723 454.23691088601663 453.17919701589017 452.1327201815466 448.3450586605195 444.6287025405218 443.7015935326626 442.7569099071666 441.8198369550714 440.8925743873624 439.97512920659574 439.067400010641 438.16928098172 437.280667168382 436.40145479534294 435.531541237458 434.6708250362358 433.81920585583384 432.9765845044549 432.142862884868 431.3179440174699 430.50173199347046 429.6941319957923 428.89505025158905 425.331034987159 421.8300855875914 421.13941882427844 420.43193478270905 419.7295554227103 419.03443806540236 418.34661987117397 417.66602782338396 419.76656836384245 421.82361171169305 421.080789740849 420.3698471242542 419.66871020324606 418.9750581613289 418.2886939311297 417.6095323676682 416.9374951182026 416.2725050101112 418.3921702412108 420.4682999042834 419.74062202199866 419.04450883412164 418.35802944731176 417.6788685863403 417.006831097543 416.34183373837413
468.5442019530374 465.40117708709477 461.36873011887656 457.5350283492244 456.4703069620109 455.3873154742223 454.3133962632528 453.25076603227444 452.1994131241172 451.15921968171097 447.39305521652204 443.69760181108177 442.776010294117 441.8369450226087 440.90543403176343 439.9836660748274 439.0716485869243 438.16928098172 437.2764582587761 436.3930762742257 435.51903205013787 434.6542237488479 433.79855068936376 432.95191330371836 432.1142131582478 431.28535290448235 430.4652363020782 429.6537681723844 428.8508544191777 428.0564019815765 424.51152162309336 421.0291933853132 420.3424997842567 419.63907606440534 418.94071837062984 418.24957426350693 417.56568113916 416.8889665635952 418.9790502417791 421.0258024862278 420.2872044671808 419.580299477615 418.88314063359303 418.19341808888976 417.5109357354049 416.83560902619956 416.1673601878924 415.5061126197743 417.615231725963 419.6809792438353 418.9573924344618 418.2651874786452 417.5825585000107 416.90720108289133 416.23892100944295 415.57763561474394
467.4812355761835 464.35449493250417 460.34538204292585 456.53373954831113 455.4754100805512 454.39892301791315 453.33144191788597 452.2751717789588 451.23010148598405 450.1961141281645 446.4511999508013 442.77640961542966 441.8602677902145 440.9267520625317 440.00073501425095 439.08439454993277 438.1777385287214 437.280667168382 436.3930762742257 435.51486249853133 434.64592364943746 433.78615866562996 432.93546763262475 432.093751739485 431.2609132999678 430.43685570380376 429.62148343949866 428.814702048227 428.01641814447567 427.2265393693092 423.70057725762126 420.2366597960645 419.5538918016691 418.8544799552842 418.16009602170607 417.47287789496386 416.7928632011899 416.11998008075625 418.1997197526571 420.2362918842982 419.5018677735311 418.7989525548078 418.10572467363863 417.41988514329205 416.7412388039802 416.0697016985805 415.40519662500765 414.7476475464964 416.8463346964618 418.9018123979786 418.18226854860177 417.4939258502218 416.8151020212231 416.14350339629254 415.4789366828163 414.82131978560164
466.42973090291764 463.3190868907641 459.3330397297559 455.5432024069796 454.49118559675844 453.42112257058307 452.36000012346267 451.3100116679434 450.27114662079384 449.24328900387354 445.51938125764354 441.8650171730296 440.95425808542177 440.02622394625587 439.1056336658912 438.1946544082016 437.29329444791074 436.40145479534294 435.51903205013787 434.64592364943746 433.7820281763388 432.9272453348658 432.0814759662194 431.24462200578773 430.41658650420777 429.59727357897964 428.7865884371636 427.98443732962187 427.1907275715439 426.4053674960546 422.8981094990286 419.45239487801337 418.7735055158869 418.07805768463413 417.3876001877552 416.7042613457852 416.028079009277 415.3589818847786 417.4284891455527 419.45499091516194 418.7246912743285 418.025718549844 417.3363750876638 416.6543726509044 415.9795170172415 415.3117248112794 414.6509193942802 413.99702528554644 416.08539336881404 418.13071232435504 417.4151639003999 416.7306380382711 416.05557464483263 415.3876906970918 414.72679381714715 414.07280247175277
465.389560437299 462.29482765876855 458.33158104659196 454.5632977997884 453.5175153798082 452.45379700703506 451.39895474769855 450.35517054594857 449.3224343405045 448.3006310724759 444.5974887773609 440.9633169156332 440.05787444598855 439.13525478424845 438.22002493074206 437.31434141551154 436.4182129205701 435.531541237458 434.6542237488479 433.78615866562996 432.9272453348658 432.07738421511567 431.23647689254494 430.40442603834026 429.58113542956926 428.76650990125836 427.9604553688623 427.1628787829427 426.3736881494883 425.5927924839457 422.10402696657184 418.6763096716204 418.00125254133127 417.3097214495697 416.6231436412786 415.94363795569234 415.2712424622373 414.60588642559105 416.66527162385955 418.6818115564474 417.955587545056 417.2605106107194 416.5750055869762 415.89679487828926 415.2256851890552 414.5615937176276 413.904444380757 413.25416224608125 415.33232288758336 417.36759292334955 416.65599296160417 415.97523906126617 415.30389192721304 414.63967907179904 413.9824090214852 413.33200079730386
464.3605981591546 461.28159338311343 457.34088527151835 453.59390797544984 452.55428266015406 451.49683055048354 450.4481909940505 449.41053458293845 448.38385176800693 447.3680283964004 443.6854134138921 440.07120250446496 439.1710113569957 438.25373989508216 437.3438049503284 436.44335252478504 435.5523916995844 434.6708250362358 433.79855068936376 432.93546763262475 432.0814759662194 431.23647689254494 430.40037273221515 429.5730668817664 428.7544638344698 427.9444691327176 427.14298939036917 426.34993224779146 425.565206392037 424.7887215112687 421.3182393053703 417.90831621380494 417.23704548173373 416.54938442921866 415.86664012960364 415.19092203211767 414.5222684196101 413.8606091069514 415.9099813593839 417.9166667685913 417.19447013649415 416.5032428536156 415.82153084405263 415.1470670462295 414.47965908068863 413.8192247116326 413.1656884035624 412.5189757647986 414.58703933971356 416.6123690523473 415.90467115388356 415.22764488080793 414.5599703611615 413.89938553679804 413.24569982828143 412.59883280333224
463.3427194690116 460.2792616054776 456.3608330404495 452.6349165049014 451.60137197829044 450.5501087217799 449.5075953513924 448.47599122225165 447.45528728768386 446.4453702878659 442.7830472871301 439.1885687839567 438.2935644764625 437.38157575988953 436.4768710185717 435.5815858312744 434.69572967021395 433.81920585583384 432.95191330371836 432.093751739485 431.24462200578773 430.40442603834026 429.5730668817664 428.750448647731 427.9364765355617 427.13105678500733 426.3340966984633 425.5455045963854 424.76518983728056 423.99306277251435 420.5406571477324 417.1483275005012 416.4807978928784 415.7969607477339 415.1180043381564 414.44602881374885 413.7810726654702 413.12306625052133 415.16253345579753 417.1594704575946 416.4412535378674 415.7538303262404 415.07586645613674 414.40510529364246 413.7413553649676 413.0845349924002 412.434569180557 411.7913840708966 413.8494597188019 415.86495648939035 415.161114812724 414.48777236577735 413.82372734034334 413.1667280029933 412.5165846582654 411.87321741309825
462.33580121376247 459.2877112883234 455.39130637202106 451.6862083058204 450.6586692089709 449.6135183634883 448.5770556179241 447.5514292043272 446.536630569045 445.5325473323546 441.8902837557798 438.31531180398815 437.42543065741984 436.51866004436124 435.61912160357633 434.7289405942124 433.84812687169324 432.9765845044549 432.1142131582478 431.2609132999678 430.41658650420777 429.58113542956926 428.7544638344698 427.9364765355617 427.12707942822453 426.3261794397122 425.53368455124155 424.7495037537201 423.9735470676487 423.2057254982483 419.771192132368 416.39625750542655 415.73242430123264 415.0523654928079 414.37715190883864 413.70887448883786 413.04757192661236 412.3931751139753 414.4228439670751 416.4101374938127 415.6958531954697 415.01218902641403 414.3379289636955 413.67082669588854 413.0106916445093 412.3574426822688 411.7110053463539 411.0713063039325 413.11950194338897 415.1252719516933 414.4252412059077 413.75553931072227 413.09508117756013 412.44162529399773 411.79498283854264 411.1550744499855
