FVE	99.99870680519547
xiVar	nothing
obsGrid	[16.5,17.0,17.5,18.0,18.5,19.0,19.5,20.0,20.5,21.0,21.5,22.0,22.5,23.0,23.5,24.0,24.5,25.0,25.5,26.0,26.5,27.0,27.5,28.0,28.5,29.0,29.5,30.0,30.5,31.0,31.5,32.0,32.5,33.0,33.5,34.0,34.5,35.0,35.5,36.0,36.5,37.0,37.5,38.0,38.5,39.0,39.5,40.0,40.5,41.0,41.5,42.0,42.5,43.0,43.5,44.0,44.5,45.0]
selectK	2
xiEst	[49.09474038166607 0.4900642076574353
49.09667301144841 0.4919798002525315
49.05657658996343 0.5187127958056743
49.05333580008278 0.5085978337598187
61.10968947267083 2.697308883882952
106.36560416544553 0.25446016256774495
35.37065511974444 0.311161941474162
-123.1349880753348 -0.8988270953253141
-121.53057211253477 -0.5784548881330496
-121.56136422116373 -0.5782242185348299
-0.46084836459064266 0.7160827865246819
-121.56457914232679 -0.5814097116903687
-120.35396715958944 -1.1153787184943873
-120.33784013460865 -1.1197009988199813
-90.67732834977085 -6.309040655731691
-91.999936219189 -5.786242401883371
-37.868668875752505 2.5145034589999398
-37.86930826932432 2.5138697020162764
-21.813983210885144 4.992797505744388
79.71677438712545 1.6453970078529045
80.07197483179876 1.6984575084843745
-0.45862953919806076 0.7182770300360897
79.87922519163688 1.64992870876161
79.88002579056293 1.6507222499933056
168.53918511238814 1.4745792304928536
-11.532741425642502 0.04122106412723259
-11.532630675534614 0.037696365028129564
-11.536061897864219 0.03429655072371374
-11.447450889531233 0.03341364622562937
-76.20949084873486 -1.028846480474337
-76.21622877031565 -1.0355022632403168
-76.13374719833904 -1.0268010686546765
-0.4666439261635435 0.7103603425632725
-103.11000071611801 -0.589053487210204
-103.10953582311558 -0.5908037572163658
-103.10975484195583 -0.5910211784184227
75.42112157573435 0.9267737856323599
75.36550428755652 0.908074974359725
75.36508961442345 0.9076633258864328
62.413174258252354 -1.9743758006667456
-12.430488395717756 0.02423837227397163
-12.163806802977527 0.08120766609418784
-18.64468010373166 -1.304667599903813
-0.46736833966509117 0.7096412130899957
-17.113474973768923 -1.925371026201557
34.952922464462155 -0.9214903556701937
32.97074911569707 -0.04967022950106603
29.470345503763426 -0.7682522574393117
29.111817816170703 -0.8216817452680252
29.01528791983928 -0.8335277037010874
-79.08884811504913 -5.005596932483436
-79.08884811504913 -5.005596932483436
-78.95407805874852 -4.984130430358577
-78.95407805874852 -4.984130430358577
-0.4729179292959488 0.6865791358623028
-78.94628608991721 -4.977350877423481
-180.29345867270578 -3.5430835064431525
-182.30914074316973 -3.900458488285791
-134.0339332029182 -4.020361825006287
-134.0339332029182 -4.020361825006287
-150.9877804772032 -2.2612382304093295
-150.98738793586327 -2.260850474349918
-151.05660146262343 -2.27170301482707
-150.86149122394278 -2.2495505755566034
-151.48027749553398 -1.9992506549823688
-65.64255887087616 -0.43705524304929755
-148.3816663981298 -1.3379540408288548
-140.26730944602937 0.48536383456555354
-104.92723974196112 -0.9832220264846683
-104.92781848686359 -0.9837943596072027
-104.92690535600681 -0.9828913451159678
-77.7183304729066 -1.3699270439093114
-77.71777085575376 -1.372293636216667
126.20508954812715 -0.6357711299881355
126.31276148778467 -0.6197165160096598
132.46300420063565 -0.3248258645640578
-65.64398968658432 -0.4384729616438654
132.46158746042846 -0.3303052906070123
132.5744429014148 -0.3305507227117097
134.7884573311663 -1.3208983784635726
-73.42608696432755 -1.7148572605495427
-73.46859654378441 -1.708243775051151
-77.2895114263853 -2.2261671299948067
-77.29091098792752 -2.2275511861491673
-100.34870815464801 -1.3125347460721413
-100.30535963547156 -1.3190962179396175
-101.98423537683894 -1.5393678992087771
-15.119647480514645 -0.9641844563816651
-101.98906119088139 -1.5441348843045422
-101.98871400934216 -1.543790235247859
-140.527088911497 -0.9451202540411403
-35.232196180731115 2.399204335471368
-43.0235798460226 0.6894270226751327
-43.081286035762275 0.6725007813477333
-43.047834868981504 0.6949678085701962
-43.04661721268715 0.6996840211583448
-111.55046552312973 -0.5353957220826402
-111.5504934058581 -0.5354234241843017
-15.023262836918185 -0.9609619552036197
1.8429318355693975 0.5135050581334096
1.843654638014895 0.5142212443161016
111.71483280762979 -1.9705596135765444
120.50628342882773 0.008280314030463032
120.50705234871607 0.0090424555004045
120.50841231196289 0.006639215445975122
123.24226818719907 -1.1255526015600195
-91.58420342898488 -1.9432161373754044
-91.58522929163243 -1.9442306347933354
-91.54614758258208 -1.9299750297468234
-15.025628985581028 -0.9584738369455712
-75.4925640255187 -0.8729438799169351
-91.54388457238203 -1.9262536685430174
-115.59188074884176 -1.0676715628787763
-115.59406130309961 -1.069825535031205
-108.95000481006241 -0.03942594516218545
63.74062163980979 2.0299642524293398
63.7410416858132 2.030381234483446
60.64575033586053 1.5927287605217753
-29.859444687011823 2.776902383190557
-29.9305850003682 2.7328641359769876
-34.24158235920225 4.533312600715007
-57.83444842272481 0.6495093905541265
-34.2378006008834 4.547405507298603
-104.93908269853591 -0.7805254877037009
-104.93943638131772 -0.7808759303541697
-106.4237495461418 -0.15149141582641512
-89.44806418649154 2.9927082649762964
-38.208978665735316 0.7598407675418675
-45.25041945676831 -0.5135385170206417
-45.25030155202839 -0.5134213760525108
112.34325159647604 0.5501751246249968
196.3150812522867 -0.43023630740940444
-57.71844511429286 0.6375913886975684
196.1431607968851 -0.43559472564683865
195.97590792682814 -0.46178685939891473
195.97473858536057 -0.4556970098910531
196.125017026628 -0.45883594588372834
196.1247584363808 -0.4590928610028522
24.935620666772316 -2.295272988776459
229.319788617821 -2.41957755287714
229.2510709135267 -2.417429695339515
229.16943404234993 -2.4216615485937494
156.3370411421541 -2.2594071421028747
-57.71827480737776 0.6377605923613476
166.31727700810876 -0.9106584714724146
163.72097482737368 0.21551231897605483
163.90189553355415 0.2526751479288736
163.9056383296212 0.2643831418302627
166.89706407870506 0.8871563169346395
166.89291571345794 0.8830539105093758
81.53984737371063 4.630686477715747
81.53633722096187 4.627215213176586
81.52887611299774 4.619845060004144
37.505071518939516 1.7757647180370864
91.56329617593137 2.468811734745295
37.51112779043019 1.7866636495898631
37.83548886877013 1.8461610093459337
37.83576740945947 1.8464375182954216
41.65183147827685 2.779415343126796
31.52501348211362 0.5543535913964758
31.471703703204494 0.5435964841287801
31.443657835387675 0.5596808492238899
34.05970219715266 -0.5292384040693244
94.59950099372139 -2.3567477925242812
-93.520565133022 -2.232781967552044
91.63384850886213 2.442701512520535
-122.45229494975459 -2.1550374497408473
-122.45250150403342 -2.1552424973473254
-122.4509194622904 -2.1536797415213584
13.694146706676499 -0.24714561621292452
11.016771874542679 0.8827291211833936
11.015827830360916 0.8778567882175784
206.12013386858405 2.868972092129031
206.11680032773623 2.865675482433227
150.54657633164544 6.653737794709242
150.55048903402064 6.657607149591332
75.55811710462358 0.28185112801817125
30.315762008320334 6.7096410250074925
30.311240623896595 6.705174758398122
30.646817740275107 6.793472640645752
30.172147529921887 6.697613484621765
30.32092537190594 6.726395116626194
35.30699569682702 7.951147982294924
20.620111511629847 4.721643247560955
77.70179300289809 3.9336427813125843
77.7525022927484 3.9151116857070822
82.2215994228554 2.0304719031091305
75.92904381528402 0.31011716188759664
-34.09606799826024 3.070693751166634
-34.09590604021211 3.0708546601159012
-133.11379612664115 0.9989863350736101
-123.08786793602543 2.5395451121699324
-123.08798584065018 2.53942797113083
-62.87823882542744 0.42745084415623213
-62.823393003528885 0.44008606506604897
-62.82115161488113 0.4423069369405175
-72.02350239293405 -1.0032306156510975
-72.02151860813383 -0.9987613121592545
75.92918417859327 0.3102566158904949
-71.82965026373687 -0.9681724930524132
73.11906736124264 1.5490384240603785
-39.14868829814131 1.5358062104304944
-76.9843072071441 -1.1924460969233173
4.49773619301472 -0.5911810080586628
4.4721495932540165 -0.6070386435683784
4.508282427386831 -0.5958568357882332
4.510037952987095 -0.5941207591566948
4.505627983314355 -0.5984769690422802
4.504133322533011 -0.5920284643733775
6.4573012166533 -1.4037811776835722
6.457016492466483 -1.404063824937611
-42.29187496730241 -2.1156160726799476
117.27396256561315 -2.1201493653375754
-76.88659148041968 -1.1826326577345245
117.27647957273372 -2.1147586173776576
110.0346527428345 -3.2207332078282045
118.24145572183096 -1.9174101401240788
192.3279270567613 -1.1899108199380581
194.40030247891477 -2.1038863205834284
204.7365347272308 -0.7078149626000112
204.73191368115104 -0.7203239796075884
136.20181747884706 2.3202724721646844
133.88332717240596 2.044257146143588
133.67202015675454 2.0583451930398566
-79.77289192858197 -1.8224073964681198
133.81186919226633 2.0239642805503215
-32.36913099605527 0.37085211759897363
-32.365520522209636 0.3744295427707748
-32.36401769908261 0.37591911787319887
-32.50479718815854 0.3759039894757459
-91.76370782145896 1.0532171717226562
-91.76270235765368 1.0542137718055677
-2.313321622375114 0.9139944980496123
-141.9769764374335 -0.5974108152323865
-146.27711932136546 -1.5638883574555473
122.09484740316728 -1.5359986497983034
-146.27702013723206 -1.5637900476744457
-190.22710520921137 -0.5725435228340645
-190.12896027316808 -0.556897419113608
-185.5848046306678 0.42098073351544407
-185.58461346235777 0.42117021660770426
-185.58515624362457 0.4206324038116662
-131.5484244091758 1.687865269754293
-131.54158234014656 1.7016721383196192
-129.03727042265615 0.6615131791175286
-129.071881115882 0.6490003218096434
68.44927426516797 -0.5613622113060364
-129.0702894287141 0.653928478152717
31.159050680610243 5.098691004082253
35.28835767519306 3.2780877717154455
35.310349865176185 3.247268384566914
35.30505339379407 3.2420203948200745
-91.47322046452236 1.10168578645599
-25.78364519109799 -0.06453202317643192
8.478411063680303 -1.4819873023288461
8.478157389101275 -1.4822393336032436
8.477087920663328 -1.4806609712232255
70.67214595122287 -1.488133997195908
11.113626730891994 -1.1275069544488772
11.113736639665152 -1.1273977576768033
11.012982484608475 -1.129113077552491
11.12218231556359 -1.1269840504028137
3.9660371191099184 -2.0960234561942204
39.99140641616326 -0.27880927509549847
39.920437018233095 -0.2682068435815108
40.59280281481581 -0.19647661156448337
99.12276518235319 -2.1260302583445423
99.12421304794586 -2.124595156287044
70.7000435289172 -1.4922518751944347
107.40109050610165 -1.0011066320110675
107.41950501234648 -0.9887179365506453
107.46902164422198 -0.9744411567031359
41.32632187938547 -1.9164988322508503
39.794777983604746 -1.2608800781628517
39.793304632740565 -1.2623399423785455
39.79324908096685 -1.2623951342902762
-120.92369109281987 -1.6856056354851656
-120.92526264964279 -1.6895356280837808
49.0930768898052 0.48841538020369013
70.7022892169873 -1.4929928025385308]
phi	[0.18985141300395883 0.18868730496617483
0.18919467669678472 0.1621765505829157
0.18901073263543167 0.1486639803256123
0.18884683289155296 0.13592093588452644
0.18969986088963997 0.19131426502251708
0.1905336272097746 0.24591542115284548
0.19034756761120666 0.23171376365723895
0.19017029152955667 0.21793788338417497
0.1899957166861544 0.20436926908203729
0.18982303298259276 0.19097113139021643
0.189652172201178 0.17774016746639543
0.18948311171538437 0.16467423643868628
0.19032805902606112 0.21982783592771737
0.19115361766855857 0.27418362589094475
0.19096168259707427 0.25964712475817703
0.19077860106805755 0.2455427362307526
0.1895850941611893 0.16361221508821736
0.18840548065800472 0.08315120128706492
0.18927472462866654 0.1394117209734253
0.19011759183316462 0.19465318884967842
0.18993660730353684 0.18111319838036824
0.1897643000207797 0.16798761220425062
0.18959463191097767 0.15506074640456116
0.18942679534547613 0.14229604668659607
0.18824123754752659 0.06190028502678407
0.18707004993049448 -0.017013211359956076
0.18795903409485326 0.0402110360038707
0.18882175910279309 0.09644522115551636
0.1886543734051112 0.08413323945159573
0.18849550918427815 0.07221507166685089
0.1873157420191649 -0.0071066163099462246
0.18615075157378766 -0.08493717411799716
0.18705289047011117 -0.027094077990423016
0.18792887183798251 0.029779959158004125
0.18674531517697426 -0.04915526943803066
0.18558342384248747 -0.12634906255498315
0.18546474353029824 -0.1353660010287536
0.18534054650236614 -0.14449883842009079
0.18624624237413154 -0.08639371826533261
0.18713282033536038 -0.029016113300806775
0.18595463648000593 -0.10701044374440222
0.1847984656132108 -0.18326064843573994
0.18468797382817578 -0.19157461054356778
0.18457188324308138 -0.20001000370966684
0.18445615909640267 -0.20837489815945368
0.18434158719721958 -0.21663722751578823
0.1842282034997628 -0.22479715254427596
0.18411599810238827 -0.23285592933419164
0.18400495853936874 -0.2408148272707881
0.18389507231514793 -0.24867510071734514
0.18378632707277118 -0.2564379877386147
0.18367871058291343 -0.26410471093720994
0.1835722107561605 -0.271676477191129
0.18346681563226683 -0.27915447833889334
0.18336251338789353 -0.2865398906928574
0.1832592923225535 -0.29383387616819406
0.18315714087349125 -0.30103758138155984
0.1830560475963823 -0.3081521388540401]
workGrid	[16.5,17.0,17.5,18.0,18.5,19.0,19.5,20.0,20.5,21.0,21.5,22.0,22.5,23.0,23.5,24.0,24.5,25.0,25.5,26.0,26.5,27.0,27.5,28.0,28.5,29.0,29.5,30.0,30.5,31.0,31.5,32.0,32.5,33.0,33.5,34.0,34.5,35.0,35.5,36.0,36.5,37.0,37.5,38.0,38.5,39.0,39.5,40.0,40.5,41.0,41.5,42.0,42.5,43.0,43.5,44.0,44.5,45.0]
criterionValue	99.99870680519547
cumFVE	[99.95225647149589,99.99870680519547]
lambda	[10260.886007306217,4.7684924374727755]
smoothedCov	[363.73381285295847 362.4289702782886 362.0636729683076 361.73816382197094 363.4124385932705 365.04795220823166 364.67764152179836 364.32563860876877 363.97905234671487 363.63626168735766 363.29713154639336 362.96161623454896 364.62028604907744 366.23995056246264 365.85823321365973 365.4949625406796 363.14478562656177 360.8235223945755 362.5310655440149 364.18493289103327 363.8251904550965 363.48353730878796 363.1471710507928 362.81447566424214 360.4808990662491 358.1771599471989 359.92363884362 361.61668989341763 361.2842178579422 360.9695145929546 358.6479844963958 356.35707931035233 358.1294790145969 359.84866279277384 357.51910004839056 355.23465659844 355.00077396687124 354.755153808601 356.5336287032179 358.27366448726457 355.95522066206956 353.6825638754349 353.46505351556505 353.23564326620453 353.00696896227953 352.78060004713427 352.5566060728154 352.3349667716258 352.11565692652283 351.89865128002066 351.6839248577377 351.4714529474643 351.26121112201207 351.053175218933 350.84732135468926 350.6436258977214 350.442065496644 350.2426170432288
362.4289702782886 361.1567172988031 360.7951224055185 360.47219956295316 362.13301265833115 363.75643781980284 363.3901316136667 363.0409343466304 362.6970629775103 362.3569550939386 362.0204784544337 361.68758781053066 363.3329265374118 364.9406360814342 364.5630040817316 364.20261787438403 361.87116703831464 359.5673715139121 361.26007798770985 362.9016519537497 362.5458168439915 362.20687608914136 361.8731326740395 361.5430290900309 359.22806594875385 356.94168080118584 358.6729908637926 360.3534118824373 360.0246282674722 359.71242306833346 357.40942972846005 355.13579686185733 356.89280420718853 358.59913043086544 356.2892746043435 354.02211483262874 353.78895520023383 353.54519357099883 355.3093017126148 357.03634399500964 354.7375366223819 352.48209042797896 352.26517480499007 352.03749403476434 351.81059060498524 351.5859760782637 351.3637176909121 351.1437952623602 350.92618377430654 350.71085817164305 350.49779368047894 350.2869657868161 350.07835025962527 349.87192313025946 349.6676607069692 349.46553954777784 349.26553648883703 349.06762860726855
362.0636729683076 360.7951224055185 360.4347888649126 360.112978278759 361.7688371921233 363.3874464391159 363.0224383599823 362.674442567536 362.3317500886486 361.99280625949086 361.6574794188391 361.3257245159055 362.96613670040927 364.56905876478027 364.19275457840416 363.83359900618103 361.509404471262 359.21269200922916 360.90029867379195 362.536991767258 362.1823992344209 361.84460566242547 361.51198756889886 361.18299515712386 358.8751730803921 356.5957544606245 358.3218664987029 359.9973061784075 359.66966036578106 359.3584992892132 357.062566556633 354.79581830889765 356.5475638050516 358.2488431835922 355.94608623555496 353.6857683318 353.45333243223416 353.21036447503684 354.96924428625834 356.69119232634796 354.39941298351266 352.1507369186613 351.9344846638531 351.7075376401824 351.4813668392143 351.2574764640685 351.03593346109074 350.8167177370634 350.59980437954835 350.3851684390969 350.17278524617853 349.9626303898841 349.75467974096864 349.54890943131613 349.3452958684243 349.14381570836747 348.9444458840765 348.74716356828304
361.73816382197094 360.47219956295316 360.112978278759 359.7922039071577 361.4435802075445 363.05778505157514 362.6939364968172 362.3470594996054 362.00546862483407 361.66761257335264 361.3333599910644 361.0026660025811 362.6386190238808 364.23716059069994 363.8620423391452 363.5040315082688 361.18647153691296 358.8962801208422 360.57931973855216 362.2115493828142 361.8580622525236 361.521334293096 361.1897653156452 360.86180886859745 358.56051103508753 356.28750162889827 358.0089548300549 359.6798373468114 359.3531977337539 359.0430046363605 356.7535187003936 354.49310108268946 356.2401282540317 357.9367895616872 355.6404604506962 353.38642762106923 353.15471709066287 352.9124905106847 354.6666299508998 356.3839116500527 354.0984920583204 351.85603232028683 351.64044833088315 351.4141860869992 351.18869482367654 350.9654757302258 350.74459572400644 350.5260348098878 350.30976817751804 350.0957709785206 349.88401864313823 349.6744868589998 349.4671515941375 349.2619890765019 349.0589758084187 348.8580885396294 348.6593042955085 348.46260034010027
363.4124385932705 362.13301265833115 361.7688371921233 361.4435802075445 363.1190376793645 364.7569067440589 364.3879435213846 364.03619592006584 363.689809934837 363.3472107901157 363.00826538269865 362.67292822365636 364.33279945988585 365.95483783550276 365.57442734123646 365.2113710856411 362.86033095222876 360.53722229226855 362.24468159240416 363.9007262702661 363.54225037834306 363.20077462780745 362.8645317331901 362.53195185827946 360.1975976589398 357.8921003783772 359.63831302713515 361.33336017856925 361.0021088735682 360.68753924593676 358.365295764947 356.0726946100303 357.84470453603547 359.56576099329834 357.2366503543452 354.95059993095697 354.71561871870165 354.4699734718753 356.24907939483853 357.9909293042906 355.6729953944218 353.3987887208453 353.1801566074189 352.95069699721137 352.722018066302 352.4956432758679 352.27164037667796 352.049989079896 351.8306642269549 351.6136406216723 351.39889335047644 351.1863977608169 350.9761294845227 350.76806441692787 350.56217873169635 350.3584488532937 350.1568514857787 349.95736357519115
365.04795220823166 363.75643781980284 363.3874464391159 363.05778505157514 364.7569067440589 366.4181009429791 366.04418083691746 365.68764780306446 365.3365471924619 364.9892843678087 364.64572465332606 364.3058219647783 365.98919834454796 367.63439851676105 367.2488557562942 366.8808413734432 364.49689357424427 362.1413657112331 363.872747803426 365.5522602145312 365.1889500141262 364.84280853715495 364.50196914767366 364.16484223017665 361.7980005345087 359.4605098623981 361.2309751233895 362.94982938944577 362.6141141684841 362.29524357072495 359.94080912318077 357.61651639260583 359.41299555802084 361.1580827289789 358.79683062454063 356.4792569073588 356.2409869740568 355.99197543965977 357.79560347134577 359.5616550227029 357.21184475092 354.9063832151369 354.68468110996923 354.4520726105012 354.2202576597065 353.9907784159105 353.7637033036729 353.5390117384729 353.3166782193804 353.0966772086148 352.8789834549548 352.66357197176467 352.4504180607041 352.2394972904475 352.0307855118956 351.82425883006545 351.61989363346765 351.4176665558349
364.67764152179836 363.3901316136667 363.0224383599823 362.6939364968172 364.3879435213846 366.04418083691746 365.67163355954045 365.31635410845104 364.9664843360183 364.6204368118782 364.2780773534584 363.93936007797396 365.61764609874433 367.2579144440742 366.87377493368155 366.50704395683124 364.1306175060839 361.78240516701806 363.5085037177114 365.18299225681153 364.82099541998684 364.4760492735285 364.1363832365708 363.80041486958385 361.4409662869251 359.11066175671124 360.87574657843646 362.58947753381216 362.2549650710493 361.93718108702046 359.5900501519493 357.2728528118723 359.0638888458654 360.80378812500334 358.44989351002437 356.13936623658003 355.90183161438233 355.65364631245365 357.4518863726376 359.2127028136696 356.870171244169 354.5716768413587 354.35064659789924 354.1188012929092 353.8877472524101 353.6590198671132 353.43268737836274 353.20872930318205 352.98712025355746 352.7678348038713 352.55084781365355 352.3361344056558 352.1236699895377 351.9134302406313 351.70539111513136 351.499528822066 351.29581985260637 351.0942409418953
364.32563860876877 363.0409343466304 362.674442567536 362.3470594996054 364.03619592006584 365.68764780306446 365.31635410845104 364.96228293546335 364.61360287262335 364.2687301745617 363.9275309901863 363.5899596250476 365.26340029625214 366.89890897608575 366.51605202680696 366.1505577953611 363.7813266311232 361.4401846437477 363.16132111156253 364.83096148410027 364.4701604923232 364.1263658922811 363.78783357420366 363.45298476246285 361.1006115605377 358.7772558891103 360.5372809025131 362.24606385033553 361.9126403879586 361.5959028024796 359.2557630808931 356.94542923449796 358.73134214478546 360.46622854173893 358.11930576712905 355.81559253194564 355.578841075777 355.3314575849453 357.1245528704679 358.88030512721133 356.54467138717524 354.25291632969754 354.0326077386393 353.8015032672165 353.5711844666138 353.34318342323843 353.11756834584276 352.8943188568761 352.67340967805643 352.45481549241015 352.23851126671684 352.02447222965304 351.81267389545087 351.6030920427171 351.39570272959094 351.1904822658014 350.9874072419069 350.78645449122513
363.97905234671487 362.6970629775103 362.3317500886486 362.00546862483407 363.689809934837 365.3365471924619 364.9664843360183 364.61360287262335 364.26609451731747 363.92237888928685 363.5823224476033 363.24587968228604 364.9145501843069 366.54536966650755 366.16377210937924 365.7994956392568 363.43734910165375 361.1031723606827 362.8194273495309 364.4842915520553 364.1246645901611 363.78200386249273 363.44458814296286 363.1108420008331 360.7654355520539 358.4489256618448 360.2039727968138 361.9078811089976 361.5755264775821 361.25981923086556 358.9265634836871 356.6229914684576 358.40386403820605 360.1338118154056 357.79375027219 355.4967499379772 355.2607736298295 355.01418020701493 356.80221000071265 358.5529727342056 356.2241274308319 353.9390118125423 353.71941779020887 353.48904334114184 353.2594487761938 353.03216318961825 352.8072547741665 352.5847032570218 352.3644834679891 352.1465701970586 351.9309385165985 351.71756375957 351.5064215431585 351.29748774764556 351.09073853153654 350.88615030370283 350.6836997525507 350.48336380805335
363.63626168735766 362.3569550939386 361.99280625949086 361.66761257335264 363.3472107901157 364.9892843678087 364.6204368118782 364.2687301745617 363.92237888928685 363.5798058933636 363.2408779516235 362.9055497358897 364.56950192153715 366.1956829833398 365.8153290327852 365.45225519782997 363.097112696483 360.76982232819466 362.48124923236696 364.141389159615 363.78292159913775 363.44138075392885 363.10506787726854 362.7724108372139 360.4338922258471 358.12415093455957 359.87427480732913 361.5733616271443 361.24206261640273 360.9273731131469 358.60092359375267 356.304037408828 358.0799250367386 359.8049881394801 357.47171031758484 355.1813475697247 354.9461372189204 354.70032437316473 356.4833442593441 358.22917204175593 355.90703868358685 353.6284882141566 353.40960037382035 353.17994725235354 352.9510683033176 352.7244896695719 352.500279528021 352.278417709098 352.05887914916707 351.84163874367215 351.62667166908045 351.41395336116716 351.20345953861914 350.9951661819625 350.78904954865493 350.5850861453159 350.3832527568245 350.18352640845205
363.29713154639336 362.0204784544337 361.6574794188391 361.3333599910644 363.00826538269865 364.64572465332606 364.2780773534584 363.9275309901863 363.5823224476033 363.2408779516235 362.9030645696309 362.5688371526935 364.2281211405606 365.8497130029477 365.47058737842127 365.10870139567464 362.7604846915106 360.4400039931234 362.14665427517707 363.8021202259198 363.44479792321283 363.1043632950642 362.76913980895876 362.43755860248723 360.1058512386083 357.8028035100689 359.5480567817445 361.2423736319993 360.912117492771 360.5984334389189 358.2787147106169 355.98844048381955 357.75939659794284 359.47962733466926 357.15305819792457 354.86925985875683 354.6348063254765 354.3897647707339 356.16782852521965 357.9087742969499 355.5932788522831 353.32122136284414 353.1030313547489 352.8740910570699 352.645919311056 352.420039332157 352.19651928044516 351.9753390880686 351.75647379643993 351.539898404969 351.32558819275147 351.1135186969284 350.9036657362569 350.69600539009633 350.49051401346446 350.2871682093544 350.08594485776246 349.88682107791954
362.96161623454896 361.68758781053066 361.3257245159055 361.0026660025811 362.67292822365636 364.3058219647783 363.93936007797396 363.5899596250476 363.24587968228604 362.9055497358897 362.5688371526935 362.23569696048935 363.8903622571006 365.5074135473044 365.12950117214984 364.76878844937266 362.4274202763787 360.1136734914437 361.8155979765651 363.46643964063264 363.11024864076876 362.77090674015267 362.4367593644613 362.10624089275143 359.781269137422 357.4848408595478 359.225275538084 360.91487331651956 360.58564746987906 360.2729567290713 357.9598942908682 355.67615905861794 357.4422364237937 359.1576864675643 356.83775191753705 354.5604457097031 354.3267399622776 354.08246052910806 355.85562126747516 357.59173732621423 355.2828066878243 353.017170896434 352.79967046856297 352.57143459716076 352.3439617472593 352.1187722297593 351.89593418686684 351.6754276509272 351.4572277669123 351.24130963672724 351.02764864064847 350.8162204157516 350.6070008794542 350.3999662085556 350.19509285426005 349.99235751457894 349.79173716328785 349.59320901225726
364.62028604907744 363.3329265374118 362.96613670040927 362.6386190238808 364.33279945988585 365.98919834454796 365.61764609874433 365.26340029625214 364.9145501843069 364.56950192153715 364.2281211405606 363.8903622571006 365.5687874062631 367.20918102115644 366.8260019107795 366.4602702254358 364.08563083066656 361.7391805418359 363.4653619562938 365.1398589180617 364.7787037540311 364.43463960736904 364.0958435414469 363.76072669932205 361.40291153927205 359.07421291223613 360.8392378533232 362.5528341712744 362.2190200605296 361.9019771370585 359.55637283590636 357.24067412024823 359.03156061095706 360.77123530952883 358.41873551631977 356.1096334692684 355.87267826273086 355.6250002580307 357.42294920999285 359.18345923420316 356.8422328689279 354.54507400729915 354.32454579605235 354.09313179469905 353.8624905706424 353.63416454060837 353.4082226653113 353.1846446828872 352.9634053905994 352.74447954311916 352.5278421774855 352.31346859117343 352.10133436597874 351.89141534666385 351.68368765635535 351.47812766837035 351.27471203575453 351.07341765295746
366.23995056246264 364.9406360814342 364.56905876478027 364.23716059069994 365.95483783550276 367.63439851676105 367.2579144440742 366.89890897608575 366.54536966650755 366.1956829833398 365.8497130029477 365.5074135473044 367.20918102115644 368.87257769315335 368.4842926198878 368.1136298279533 365.7062971553263 363.32764649157707 365.07758330459393 366.7753840430553 366.4094199446173 366.0607161598804 365.71734934303913 365.37771102860455 362.98762665734745 360.62715713222565 362.41626094767923 364.1534941404799 363.8152402944871 363.49392127124554 361.11634692452697 358.7691815703233 360.5843591794903 362.3478900052487 359.96347046705233 357.6230717353929 357.38284920897297 357.1318254071697 358.95411400140233 360.7386474028856 358.36576862367417 356.03758354289795 355.81400584781164 355.5794625754293 355.34570502733175 355.1142941299462 354.8852995014754 354.65870058378744 354.4344718322902 354.212587660634 353.9930227687921 353.7757521207392 353.5607509686881 353.34799483132974 353.13745950961635 352.9291210580061 352.7229558145886 352.51894036209677
365.85823321365973 364.5630040817316 364.19275457840416 363.8620423391452 365.57442734123646 367.2488557562942 366.87377493368155 366.51605202680696 366.16377210937924 365.8153290327852 365.47058737842127 365.12950117214984 366.8260019107795 368.4842926198878 368.0974427925636 367.72809393434704 365.32851662395365 362.9574116091743 364.7018862885318 366.39448791339737 366.02986770917255 365.6823883516747 365.34022355822697 365.00177221518345 362.6193122928088 360.26625635105995 362.04980011577186 363.7817336531213 363.4447112445207 363.12450611103594 360.75446472189475 358.41462028887327 360.22417447295265 361.98234032027216 359.60550787971437 357.2723801097437 357.0329137767714 356.7827380341307 358.5994590676944 360.3785798144145 358.0132076267121 355.6922124707461 355.4693263895574 355.2355670068107 355.002591070382 354.7719525691158 354.5437209295255 354.3178756958923 354.09439143791406 353.8732426827985 353.65440424265466 353.4378511922187 353.22355889306573 353.01150297189827 352.80165933630315 352.59400414608285 352.3885138433061 352.1851651134289
365.4949625406796 364.20261787438403 363.83359900618103 363.5040315082688 365.2113710856411 366.8808413734432 366.50704395683124 366.1505577953611 365.7994956392568 365.45225519782997 365.10870139567464 364.76878844937266 366.4602702254358 368.1136298279533 367.72809393434704 367.3600118153327 364.96786004653165 362.60405192181065 364.343388753719 366.0309696582243 365.66757524017316 365.3212760227027 364.98027312455497 364.64296926836226 362.2678124019624 359.9219292671953 361.7002364179536 363.427048276271 363.09114299999146 362.7720110765653 360.40918675335917 358.0764279162063 359.880681473072 361.6336600141999 359.26402539054175 356.9379327851509 356.69927020363934 356.44991773571337 358.26131711084827 360.0351987783814 357.67694873938865 355.36291238576393 355.14076743296675 354.9077692382809 354.6755489031986 354.445656945024 354.2181627491922 353.9930459662386 353.77028127692944 353.54984331847606 353.3317070115843 353.11584753825605 352.90224036596555 352.6908612260097 352.48168612922615 352.2746913374183 352.0698533933281 351.86714908186536
363.14478562656177 361.87116703831464 361.509404471262 361.18647153691296 362.86033095222876 364.49689357424427 364.1306175060839 363.7813266311232 363.43734910165375 363.097112696483 362.7604846915106 362.4274202763787 364.08563083066656 365.7062971553263 365.32851662395365 364.96786004653165 362.6230647268643 360.30581036447717 362.0111592288804 363.66556236568744 363.3094531374857 362.9701180239823 362.6359716030241 362.30544653704305 359.97698758557044 357.67699115872404 359.42078689416485 361.1138835899776 360.78468098058966 360.4719397171617 358.1553496755531 355.8680062290167 357.6374062330715 359.35631724400736 357.0328963232939 354.7519557478586 354.5180776516549 354.27368840725853 356.0502057026489 357.78975015203173 355.47730164965117 353.2080005316283 352.99029924306114 352.76192573531546 352.5343090890831 352.30897169641423 352.0859820817188 351.8653203940007 351.64696187321346 351.4308817131389 351.21705538437425 351.00545861263845 350.79606740254474 350.58885801645704 350.3838069897646 350.18089110305687 349.980087411372 349.7813732062849
360.8235223945755 359.5673715139121 359.21269200922916 358.8962801208422 360.53722229226855 362.1413657112331 361.78240516701806 361.4401846437477 361.1031723606827 360.76982232819466 360.4400039931234 360.1136734914437 361.7391805418359 363.32764649157707 362.9574116091743 362.60405192181065 360.30581036447717 358.03441168637187 359.70641876904585 361.328137496302 360.97911321246954 360.6466225566355 360.3192184429648 359.9953596488864 357.7128249718419 355.4580454231998 357.1679699842923 358.8278398157148 358.5051511308468 358.1986919862556 355.92758232199003 353.68500386579774 355.42018614809683 357.10551415966154 354.82748224143216 352.5910511377366 352.36195885731064 352.122457129999 353.8646424000377 355.57032652498685 353.30287207156556 351.07768037074027 350.86443018621867 350.6406119023558 350.4175265600395 350.196672137468 349.97811644270024 349.76184011836494 349.54781895211374 349.33602868260755 349.1264453187781 348.91904511864504 348.71380461268836 348.51070058321 348.3097100791625 348.11081038906707 347.9139790695464 347.7191939082577
362.5310655440149 361.26007798770985 360.90029867379195 360.57931973855216 362.24468159240416 363.872747803426 363.5085037177114 363.16132111156253 362.8194273495309 362.48124923236696 362.14665427517707 361.8155979765651 363.4653619562938 365.07758330459393 364.7018862885318 364.343388753719 362.0111592288804 359.70641876904585 361.4032718519835 363.0490759636567 362.69490026906385 362.3575762978328 362.0254177706994 361.6968563571062 359.3807664403736 357.0930832242558 358.82820237830765 360.51251634064494 360.18506201195726 359.87414927178986 357.56978911798717 355.2946174013026 357.0552233041942 358.76523194953984 356.453849664808 354.18499096182035 353.9526515832164 353.7096801436088 355.4771982479972 357.2077371177311 354.9072047313475 352.64986132805257 352.43359138137293 352.20652953288135 351.9802071949141 351.7561482868731 351.5344216060749 351.3150075000904 351.09788139945704 350.88301868584836 350.67039501529337 350.45998629666474 350.25176871538144 350.04571871239347 349.84181299936427 349.640028531027 349.4403425342854 349.24273247050036
364.18493289103327 362.9016519537497 362.536991767258 362.2115493828142 363.9007262702661 365.5522602145312 365.18299225681153 364.83096148410027 364.4842915520553 364.141389159615 363.8021202259198 363.46643964063264 365.1398589180617 366.7753840430553 366.39448791339737 366.0309696582243 363.66556236568744 361.328137496302 363.0490759636567 364.7184988125966 364.35942737088567 364.0173804057207 363.680569235129 363.3474055096615 360.99856109159583 358.67862261519383 360.43816743825346 362.14644994373947 361.8144768377848 361.4992123481387 359.16239645480994 356.8552737002509 358.6405287332343 360.37473633959684 358.0309457712207 355.7303055812963 355.49464306941195 355.24826823409245 357.0404905408478 358.7954048460576 356.4627312422666 354.17387689239206 353.9545062855042 353.72426212746564 353.4947706458643 353.2675746813714 353.0427437076507 352.82025776942237 352.60009194735426 352.3822212741004 352.1666210607192 351.9532668747804 351.742134564415 351.53320023689514 351.32644027420065 351.121831304792 350.9193502332955 350.7189742021304
363.8251904550965 362.5458168439915 362.1823992344209 361.8580622525236 363.54225037834306 365.1889500141262 364.82099541998684 364.4701604923232 364.1246645901611 363.78292159913775 363.44479792321283 363.11024864076876 364.7787037540311 366.4094199446173 366.02986770917255 365.66757524017316 363.3094531374857 360.97911321246954 362.69490026906385 364.35942737088567 364.0016152124783 363.66071114815026 363.32502176025065 362.99296585616037 360.65128558165225 358.33830994503546 360.0926124436478 361.79590582699825 361.4650878172785 361.1508638188368 358.82112747514543 356.52088185516243 358.30083566951146 360.02999343022276 357.6933386980361 355.3995298121052 355.1645691221785 354.9189868760937 356.7059655823385 358.45578603954453 356.1301737788115 353.84807572806034 353.62934704622154 353.3998359475921 353.1710757653815 352.9446025654886 352.72048562530847 352.4987050829795 352.27923612453964 352.0620538874025 351.8471337860809 351.6344514903411 351.42398294922333 351.21570436967033 351.0095922320669 350.8056232620949 350.6037744603478 350.40402306405826
363.48353730878796 362.20687608914136 361.84460566242547 361.521334293096 363.20077462780745 364.84280853715495 364.4760492735285 364.1263658922811 363.78200386249273 363.44138075392885 363.1043632950642 362.77090674015267 364.43463960736904 366.0607161598804 365.6823883516747 365.3212760227027 362.9701180239823 360.6466225566355 362.3575762978328 364.0173804057207 363.66071114815026 363.3209071333388 362.98630079341194 362.65531459972476 360.3204855749369 358.01424004565445 359.76361741833756 361.46209395518656 361.13231831662915 360.8190954273583 358.4961310797472 356.202535155046 357.9775042827683 359.7017841323851 357.37188448161805 355.0846789157116 354.85046831468105 354.60565482144784 356.3876298146108 358.1325242567212 355.8135972794943 353.53803208193847 353.319995472732 353.09119560184456 352.8631415893625 352.63736617126546 352.4139385782242 352.1928390457232 351.9740428620961 351.7575252661102 351.5432617723425 351.3312281494026 351.1214004439217 350.9137549592366 350.7082682708926 350.5049171985874 350.3036788357099 350.1045305111723
363.1471710507928 361.8731326740395 361.51198756889886 361.1897653156452 362.8645317331901 364.50196914767366 364.1363832365708 363.78783357420366 363.44458814296286 363.10506787726854 362.76913980895876 362.4367593644613 364.0958435414469 365.71734934303913 365.34022355822697 364.98027312455497 362.6359716030241 360.3192184429648 362.0254177706994 363.680569235129 363.32502176025065 362.98630079341194 362.6527610417938 362.32282832265787 359.9947448567435 357.69512921491093 359.4396616163452 361.1333929580127 360.80464013547896 360.4924028868899 358.1761061661206 355.88906106454914 357.6591264673325 359.3786009004724 357.0553485646948 354.7746479311524 354.5411798254503 354.2971237713837 356.07417248714694 357.8142137689563 355.501865467602 353.2327359093297 353.0153846679483 352.78728559793166 352.55992712926775 352.33483897959 352.1120903495507 351.8916615713885 351.67352803418567 351.4576650764786 351.2440483113419 351.03265360468185 350.82345709919144 350.6164351930933 350.41156455560315 350.2088220989633 350.00818500790655 349.80963070158924
362.81447566424214 361.5430290900309 361.18299515712386 360.86180886859745 362.53195185827946 364.16484223017665 363.80041486958385 363.45298476246285 363.1108420008331 362.7724108372139 362.43755860248723 362.10624089275143 363.76072669932205 365.37771102860455 365.00177221518345 364.64296926836226 362.30544653704305 359.9953596488864 361.6968563571062 363.3474055096615 362.99296585616037 362.65531459972476 362.32282832265787 361.993936141898 359.6725221308005 357.3794619396316 359.1192023116179 360.8082399631302 360.48049733270625 360.1692337024707 357.859529609717 355.57896201159406 357.34417736681155 359.0588986428853 356.7422188239109 354.4679504491645 354.23521606961566 353.9919083812589 355.76408464610756 357.4993256138563 355.1934821540584 352.93071653093693 352.71404264754415 352.4866360571002 352.25996487898755 352.0355558537243 351.81347815228514 351.59371220228354 351.3762334921181 351.1610174586779 350.9480398121373 350.73727651431955 350.5287038026186 350.32229816879897 350.11803637442154 349.9158954229648 349.71585258921397 349.5178853812963
