FVE	99.9989235312353
xiVar	nothing
obsGrid	[577.5,578.0,578.5,579.0,579.5,580.0,580.5,581.0,581.5,582.0,582.5,583.0,583.5,584.0,584.5,585.0,585.5,586.0,586.5,587.0,587.5,588.0,588.5,589.0,589.5,590.0,590.5,591.0,591.5,592.0,592.5,593.0,593.5,594.0,594.5,595.0,595.5,596.0,596.5,597.0,597.5,598.0,598.5,599.0]
selectK	2
xiEst	[42.904572368763084 0.17479104411965052
42.90682326667671 0.1772074744774641
42.779052664390974 0.22276030519485968
42.776041091268574 0.20816850216651162
54.386847166644536 2.9037633542664825
92.47705630432704 -0.5489092104583202
31.730137763933197 0.3465403869722665
-108.04195073333833 -0.5044500199196911
-106.85687289204232 -0.24014821921984364
-106.9060489865087 -0.23929252114679445
0.2174421307238914 1.122746618219876
-106.90979362889063 -0.24332468818362374
-105.93587344925218 -0.6721553933223854
-105.88404092623381 -0.6784353882707856
-85.64972506649595 -8.623384838437643
-86.83118420823556 -8.163905776600075
-30.176680914410188 4.128372803760104
-30.177425604912298 4.12757334823165
-14.062108610756423 7.659180976938179
71.94794508372773 2.356504528487772
72.38992413783845 2.421014256055761
0.22002763880695875 1.1255776172192873
72.15619300727093 2.3503029630939696
72.15712545012418 2.3513039784113055
147.9966179436277 1.1586176432201896
-10.327644924838378 0.15299441275147263
-10.327066720864783 0.147450073032949
-10.3310633041237 0.14314662013719565
-10.18479172747662 0.13842773144670162
-68.04384354110172 -1.3473604889996031
-68.05169688979022 -1.3560423942414053
-67.93021748117572 -1.3495590573480696
0.21068651050766873 1.1152509666412664
-90.83987595232077 -0.49214352604403944
-90.83913540104861 -0.4951956388313308
-90.83939040181701 -0.4954656798448389
66.13525841697563 0.3645090680084344
66.0973163731542 0.34291778745313817
66.09683357252939 0.34240651096655483
54.03474568139101 -2.753172858869174
-9.601308272429257 0.4915094649224067
-9.14660929654314 0.5976238008871151
-16.340253700770766 -1.5058617846931543
0.20984308350848924 1.114357792989378
-15.039790892188762 -2.0324773192220706
30.071370454559826 -1.1045750642721723
28.4789383986643 -0.4059482896858342
25.954850678586983 -1.0973035545568868
25.459019808730016 -1.1644733398867686
25.33665039432431 -1.1752802563806137
-73.45992401743601 -6.618334808359365
-73.45992401743601 -6.618334808359365
-73.2064219244296 -6.571909009619985
-73.2064219244296 -6.571909009619985
0.2328913644357853 1.0747990951220145
-73.19726883855313 -6.563968845050854
-160.50565402483815 -3.9597046385629024
-162.8709209457395 -4.6278212857691035
-120.5411643692794 -4.959170940634196
-120.5411643692794 -4.959170940634196
-133.1893475333212 -2.101921723522185
-133.18889000881572 -2.1014159285371665
-133.30567002135263 -2.1209594426011824
-132.99767366849875 -2.085099128326119
-133.52706833374432 -1.8702620898156495
-57.267642961298016 0.13623165594613562
-130.07763031820718 -0.8827951289126581
-122.59966027277949 1.1197237840262861
-92.66011667106788 -0.9790674867662386
-92.66079105921371 -0.979805907356833
-92.65972702455402 -0.9786408437272414
-69.4675982622983 -1.740810754950818
-69.46666209689232 -1.744637336632512
108.88071502682084 -2.1338342455563355
109.04020360910064 -2.1171891411793196
114.86380705996304 -1.5028869171063644
-57.26930953253614 0.13443712052701562
114.86259847477122 -1.5111029528091109
115.04493338614554 -1.518893759572813
116.8257240297275 -2.3181365922286155
-65.49415759550911 -1.8367885100326138
-65.60085112191585 -1.8241914646699136
-69.20100074868864 -2.501373999873529
-69.20263160164001 -2.503159700558593
-88.71725580035799 -1.082432018430274
-88.61284823701502 -1.0941383296098932
-90.33083013276682 -1.4363710603838884
-14.04054552591892 -1.0102778251026785
-90.33645483732415 -1.4425891914428055
-90.3360506179774 -1.4421611307700766
-123.37310359651195 -0.3214011278300868
-29.797332051001455 2.8831115018550193
-37.488285055993785 0.792861376815508
-37.53145821050678 0.7743596946073712
-37.515076133491945 0.8078409535501445
-37.51399429341277 0.8146537504489186
-97.42570292629384 -0.1144215508580464
-97.42573538394961 -0.1144556675392101
-13.900671318605172 -1.0077981888357925
2.833133845878965 0.7128675038209088
2.8339757436086233 0.7137740449872486
96.8770577596182 -3.2681792101471787
105.06539853333365 -1.0422435057709505
105.06629408048396 -1.0412820995137224
105.0640723154221 -1.049140887533186
107.3065462865186 -1.9909921690459615
-81.38360791385624 -2.0744366479428127
-81.38480331088107 -2.075745546630573
-81.3602065349962 -2.0557666334526035
-13.904096640640624 -1.0034147746299515
-67.31987952104303 -1.137570023513331
-81.35775631634834 -2.0508194843644305
-101.74387690269583 -0.7234417742000199
-101.74641843615113 -0.7262514485913805
-95.35659357458836 0.6369295577537111
57.10085207165517 2.6292995434781465
57.10134112671418 2.629817443647011
53.3761033220717 1.7929120494601727
-23.72706938908017 4.252015555718253
-23.7689171973594 4.181770694762053
-27.29797330380074 5.678848309362724
-50.21782180932945 1.4967516379924208
-27.31795065744061 5.696304740941717
-90.43671190152686 0.4442899824460147
-90.43712385840928 0.4438463949593663
-91.67636439957253 0.9528052954760691
-76.18452336327424 4.410258440633836
-32.946381056749836 1.1331184109863361
-39.91673708655468 -0.5149799735472746
-39.91659983613495 -0.5148357078836407
98.68169309717325 0.045567435886627816
170.63442116170958 -1.9718939771459105
-49.97904779446348 1.4719529115721848
170.31278064838452 -1.9707425745365956
170.0689390575278 -2.00230144010618
170.0667230414377 -1.9930671745757653
170.36455636564637 -2.005366069909498
170.3642553463811 -2.0056824753529945
20.246347580563775 -3.0933018105526218
198.95327211473204 -4.251876065727415
198.80214771918742 -4.24724268194384
198.6682742886012 -4.2511682042172385
136.08609125305495 -3.38688672797732
-49.97884954396721 1.4721612953441774
146.0422574809499 -1.3612166818210145
143.92839145484953 -0.4565696454233734
144.13785896754672 -0.4094229881648781
144.14140991525574 -0.3913809112886364
146.04667682547742 0.02972508442022903
146.04184290430936 0.024432187561958862
73.84338768248749 5.462763712208417
73.83929744257118 5.458285108388594
73.83060118127946 5.448671360441222
34.35412162527818 2.034815817193448
81.91127691936856 3.3572291066248447
34.360741420785075 2.050858164482909
34.78876436006198 2.1204692881989087
34.789088662058035 2.120812717929746
37.36709028931613 2.791225521197702
27.361045343725085 0.0984040426097128
27.276288315152065 0.08302058794861389
27.18596629132438 0.10781814418760582
29.312892087567963 -0.7917391261827514
80.97628919621633 -3.6405768456890066
-83.41887501224029 -2.498008636753521
82.08825150050613 3.309233584324318
-108.37369986225606 -2.1863997069057577
-108.37394035130448 -2.1866543803022065
-108.37209641079194 -2.1846158974869874
11.377633173904087 -0.44951156577524215
9.201553319456043 0.48695794315917185
9.200830691243148 0.4795636388087944
180.54407727714047 1.7028996947025892
180.5401928341551 1.6986464278386686
134.0146022805979 6.7581105481202535
134.01916159683 6.763102766461325
66.55443504256098 0.3914865278956743
31.546386081267254 8.503290249361497
31.541116201684588 8.497464378743606
31.9463481451755 8.614655452686442
31.349916486378827 8.50202613837521
31.51039034468229 8.527958824372726
34.91694838669907 9.394382811944064
20.38580216769611 5.472935321213846
69.52487147951389 3.9916341172627505
69.65391334038729 3.9577437884345397
73.30135475208604 2.385410574263396
67.39620710217392 0.6068579089741677
-27.03678062073182 4.6942946758245
-27.036592088311018 4.694492844960492
-115.34757094124295 2.2745195337296353
-105.41134966163848 4.377597721802957
-105.4114869120397 4.37745345604532
-54.37946935278849 1.109080657805463
-54.32384092034778 1.124895366562674
-54.321230219032195 1.1277065253409946
-62.688901834036315 -0.4960845535478646
-62.68684846128267 -0.48883867979159534
67.39637049565744 0.6070296538451165
-62.43134590762223 -0.4425816627099537
65.12503050194566 1.6055218004820322
-33.613590543882594 1.8398235108107233
-68.8356041471018 -1.5488876229413213
3.1791463264432585 -1.1491380483902383
3.1726233296751785 -1.1715500622240684
3.1967395132298404 -1.1594606642505247
3.198785157274359 -1.157220788495677
3.193645139655195 -1.1629030963312008
3.170878031664776 -1.1552390543729962
4.768331601916157 -1.8280467160338671
4.768000101267122 -1.828397768988057
-37.70142405451744 -2.341796592340313
102.37365272611605 -2.999367370971478
-68.66130881517456 -1.5407120805595564
102.37629180543607 -2.991037403683049
94.75941402653021 -4.7107749757095965
102.3490504935509 -3.0850162565229144
167.3095682070119 -2.74208093553374
168.98241214569777 -3.4776100342126837
178.96885225156348 -1.536432462751363
178.96451200540588 -1.5555178329602448
121.40492614170998 3.187820429955238
118.38481691543859 2.4861788448838587
117.95488852236171 2.5199813773494055
-71.44883022443109 -2.281264445936528
118.28923577829549 2.45352757677787
-28.15207422808553 0.9299403764714522
-28.147868857044017 0.9344686484246252
-28.146118545713296 0.9363476785659812
-28.355940799375738 0.9435519843154916
-78.91338669910402 2.428267158790292
-78.9122156546112 2.4295243225127137
-1.672488662098509 0.8535485082762414
-124.74326393634844 -0.25094595620525384
-128.75935003106454 -1.3386224551618389
104.91637877188062 -3.207088464010175
-128.75923451302953 -1.3384984418566273
-166.38124299956027 0.24901843479630248
-166.2425164018227 0.2681819068925302
-161.35786294123784 1.6529299986635557
-161.35764029096322 1.653169022778008
-161.35827250583554 1.6524882645749948
-114.38516227031731 2.565452006006348
-114.4336334826075 2.5822099991507264
-112.39315584931937 1.7246226622562038
-112.3483454892194 1.7141424991625573
58.973970950777144 -1.5354689426848653
-112.34690103656528 1.7214005057267854
30.292977049255196 6.419376202425294
33.61645129600824 4.956762561657342
33.72161134724331 4.906705073424745
33.715442177744585 4.9000622165815955
-78.89635037456848 2.397861161588365
-22.82977828059426 0.24033339719829638
6.180605597989982 -1.9246441767674147
6.180310300997364 -1.9249545673774797
6.178706108221625 -1.922140973419649
60.78960732743085 -2.305312133943498
8.843517162038161 -1.3854157929169737
8.843645104353334 -1.385281311017313
8.635436644880397 -1.385192275233793
8.810737520657916 -1.3859238029746277
2.0038338405737015 -2.6822168499794574
34.98717593150826 -0.28198788726787116
34.883720929285765 -0.2609400901843659
35.947820104447366 0.007561565979969931
85.57010700208669 -3.086764001340687
85.57179330581823 -3.084953685753424
60.83222429423513 -2.3111228758371754
93.61903485909147 -1.5173507211490893
93.59381490625344 -1.501263733657931
93.56839689874487 -1.4880665660802705
36.25164869870057 -2.120109384634844
34.98328653886307 -1.5885666488685812
34.981570425952654 -1.5904145300962327
34.981505759422255 -1.5904825019822602
-106.4162667333436 -1.4729614652426415
-106.41787516933984 -1.4791543633526603
42.9026349291872 0.17271112401562716
60.83518668091408 -2.313045085503368]
phi	[0.22098455035817158 0.23153925134010764
0.22696062651694002 0.5292550045487977
0.2254450667100942 0.4580815022494422
0.22400953226037554 0.38994788466075475
0.2225872214930784 0.32294171501245234
0.22117170153614465 0.2568462958269395
0.22093219599040445 0.24469367723069776
0.22068709963355193 0.23246458912460652
0.2204436293893008 0.22035130362552893
0.22020267004072955 0.2083823196273954
0.21878993530885707 0.14362993573622593
0.21739301211798415 0.08003995337748486
0.2160053558387007 0.017426078690845673
0.2146265687920731 -0.044233268596691265
0.21564606426795146 -0.00048565959426204744
0.2166350290846058 0.042510410329523664
0.21642451705004384 0.03240776700294338
0.21622414528024164 0.022632611853334112
0.21602684720801982 0.013004940392332753
0.21583168160713315 0.003493673377796846
0.21444493641067122 -0.05818054503645132
0.21307559233445983 -0.11867585932186557
0.21411730048772679 -0.07433308016497306
0.2151286936531915 -0.030716105006198258
0.21493402017434557 -0.03993757840593404
0.21474929833292392 -0.04884719930517213
0.21456748401308517 -0.05762018047619051
0.2143876347488193 -0.066287222640599
0.2154028421561255 -0.022560023440089186
0.216395760593003 0.020621539683127698
0.21618829169491918 0.01080536822958273
0.2159909891407874 0.0013129542617699203
0.21460298652322202 -0.06030505163913426
0.21323241597526127 -0.12074104401096133
0.21187266948559727 -0.1801749653022078
0.21052329876799325 -0.2386316181598857
0.21039433410713904 -0.24494191604941432
0.2102587260827392 -0.2513666165688542
0.2089134215724916 -0.30884575567311184
0.20758736100420908 -0.36514370634457916
0.2074885058033952 -0.3699805876941662
0.20738278961737566 -0.3749390394659773
0.20848934963814822 -0.32906556234903805
0.2095745183713311 -0.2836520671101526]
workGrid	[577.5,578.0,578.5,579.0,579.5,580.0,580.5,581.0,581.5,582.0,582.5,583.0,583.5,584.0,584.5,585.0,585.5,586.0,586.5,587.0,587.5,588.0,588.5,589.0,589.5,590.0,590.5,591.0,591.5,592.0,592.5,593.0,593.5,594.0,594.5,595.0,595.5,596.0,596.5,597.0,597.5,598.0,598.5,599.0]
criterionValue	99.9989235312353
cumFVE	[99.89347062631288,99.9989235312353]
lambda	[7942.840177624924,8.384888069397109]
smoothedCov	[379.58266983083536 390.3325949395621 387.59287081964635 385.0059816314274 382.4441529143269 379.8955507390442 379.46217498099963 379.01777560772746 378.5763591191388 378.1395493536296 375.59669467860044 373.0843246551931 370.58960430525804 368.11176157758086 369.94098941867014 371.713597029021 371.3314258294189 370.9686058045711 370.61141420705394 370.2581244139653 367.76530609791894 365.30574406161304 367.17460626082686 368.9872662834009 368.6340936870625 368.2999152787538 367.9710568363064 367.6457903147252 369.46647250922206 371.24638573270374 370.87015516616657 370.51331281833734 368.018594810125 365.55719631505144 363.1161838457606 360.6946923304981 360.46281431647145 360.2180223588479 357.8038493503593 355.4261092200968 355.2488210987963 355.0582355580384 357.0411286210326 358.984938619119
390.3325949395621 402.15480475942604 399.17278189540957 396.3486057736154 393.5530585440283 390.77367913362104 390.3002399202669 389.8161675499796 389.3354257273495 388.8597197836825 386.0909753210144 383.355794860865 380.6414106300508 377.9469967620098 379.93280912969203 381.86093539716967 381.4463777910678 381.0515246721625 380.6627395183823 380.27820750479077 377.5692484372412 374.89668952068314 376.92385357450985 378.89383269332757 378.5109295803559 378.1473292704359 377.78945799318535 377.4355006058795 379.4131121933169 381.3488728082302 380.9408631323022 380.55258896958185 377.8416026480554 375.1670852286625 372.51619022732484 369.8879892931727 369.6341770734216 369.36773838740373 366.7506932639226 364.1732551449968 363.9787527497883 363.7712185174096 365.9176242974063 368.02415377071884
387.59287081964635 399.17278189540957 396.255528750582 393.48866508472565 390.7492586464068 388.0252895772792 387.5609019246813 387.0865955192885 386.6155699496867 386.14947286315873 383.4357950898557 380.75411985354003 378.0924385325561 375.44997719804815 377.39692570082116 379.2880828893831 378.882356745311 378.49543738186094 378.11443591473017 377.7375967497637 375.08132338654104 372.4598786554925 374.4477187984012 376.3802441954758 376.00549767895427 375.64916919522693 375.2984276141042 374.9515166918818 376.8909971340654 378.78971543748776 378.3903609187855 378.0098446752363 375.35155389272404 372.7281570992491 370.1275607043426 367.5488902778234 367.29959066081346 367.038396371875 364.47079704422504 361.94123722401855 361.75008047610436 361.5466225134023 363.6531416219441 365.720799463772
385.0059816314274 396.3486057736154 393.48866508472565 390.776187958254 388.09030699694995 385.41922168812744 384.9640480774042 384.4990979510412 384.03735372155916 383.58043418125726 380.9188156542077 378.28829017555836 375.67705874222884 373.0843689475878 374.9951905393973 376.8509890582063 376.45313708050344 376.07376889846273 375.70020251277765 375.33071295824266 372.72435013791255 370.15188760022284 372.103116531096 373.99978027390534 373.6322651897499 373.282856006711 372.9389251366438 372.5987467280056 374.5022300414639 376.36548368058357 375.9738343212739 375.6007016086696 372.9923264573081 370.41791491892945 367.8655790940611 365.33446827159787 365.0900372062797 364.83388056876856 362.3132385038807 359.8296964548608 359.6422848367306 359.44274570333664 361.5114150209556 363.54169291276776
382.4441529143269 393.5530585440283 390.7492586464068 388.09030699694995 385.4571358669491 382.8381435416377 382.39207924600123 381.9363470766493 381.483744875467 381.0358651579554 378.42551647861546 375.8454100188246 373.2839231891994 370.74032218808134 372.6155681042801 374.4364945179732 374.0463670172421 373.67443627791636 373.30819531393263 372.9459472246017 370.3887786064297 367.86463909520535 369.7798019879556 371.6410854404603 371.2806626746724 370.9380692971863 370.60084957830895 370.2673055109226 372.13530570209696 373.96357838203403 373.5794878672805 373.21362837132074 370.6544524223136 368.1283670558769 365.6236571222544 363.13949269333534 362.89989306624557 362.64870387284736 360.1743946208662 357.7363006084306 357.5526126666473 357.3569382144842 359.38824188908256 361.3815956097242
379.8955507390442 390.77367913362104 388.0252895772792 385.41922168812744 382.8381435416377 380.2706481637142 379.83358720101205 379.38696034476743 378.94338857132516 378.5044385714955 375.944789701236 373.4145608083127 370.90229744892713 368.40728366391704 370.2473084538542 372.0337068318004 371.65120668743293 371.28662526162225 370.9276232274942 370.57253129746914 368.0640508688739 365.58775569858335 367.46720146258303 369.2934435652169 368.9400250319932 368.60416811540017 368.27358171082506 367.94659521799076 369.7794597392276 371.57309586248084 371.19647073639135 370.8377999242002 368.32731760320166 365.8490802293527 363.3915373966156 360.9538791773739 360.7190619236112 360.4727845862649 358.0443824376416 355.6513361650068 355.4713357304345 355.2794833458397 357.2737382004889 359.23048295181434
379.46217498099963 390.3002399202669 387.5609019246813 384.9640480774042 382.39207924600123 379.83358720101205 379.39833945124474 378.95346188390886 378.51161773546346 378.07437379789144 375.52349229107494 373.0019599037905 370.4982780181572 368.0117289190057 369.8459954406844 371.6266116849247 371.24546993414026 370.8822725154704 370.5246371503963 370.17089490591843 367.6708032210263 365.20282054615564 367.07639415559197 368.8967378974344 368.54454813550365 368.2099475923111 367.88060184788003 367.5548406190047 369.38185971059465 371.16966963451114 370.7943552470548 370.4370215219037 367.93491427656954 365.46497540965447 363.0156099948772 360.5860068618995 360.3521485761138 360.10677454711333 357.68623119363383 355.3009626236535 355.12170621321525 354.9305444702759 356.9185426187678 358.86904074124686
379.01777560772746 389.8161675499796 387.0865955192885 384.4990979510412 381.9363470766493 379.38696034476743 378.95346188390886 378.51034363735107 378.070240735731 377.6347165510649 375.0927738646169 372.5800304298282 370.0850141021465 367.6070091080792 369.4353035701847 371.21006856598706 370.83037400974024 370.46857593241964 370.11231883237474 369.7599376202895 367.26839137424486 364.80879981014823 366.67629141378256 368.4906710226419 368.13979799956394 367.8064685072293 367.4783743726691 367.1538491101762 368.97488707822913 370.756806407117 370.3828918813738 370.02691076918575 367.5333362428137 365.0717752951696 362.6306589329979 360.2091784078066 359.9762112733397 359.7317455354089 357.3192005041428 354.94177271305034 354.7631919676492 354.5727245898258 356.5543445989242 358.49854492740724
378.5763591191388 389.3354257273495 386.6155699496867 384.03735372155916 381.483744875467 378.94338857132516 378.51161773546346 378.070240735731 377.6318615487644 377.19803986345755 374.66496696977174 372.1609413965771 369.6745205322295 367.20499082100287 369.0273487765903 370.7963041615899 370.41804650392487 370.0576343850819 369.70274209498996 369.3517086438857 366.8686431546412 364.41737601119985 366.2788225193294 368.0872809799548 367.73771592924265 367.40564561367216 367.0787911210224 366.75549001947263 368.57058685070706 370.3466583302543 369.97413420351586 369.6194931260378 367.1343870325409 364.6811377038475 362.24820515145257 359.8347833185753 359.6026953001176 359.35912926589435 356.9545239215922 354.5848763380891 354.4069615198011 354.21718215157136 356.1924681327846 358.1304175912828
378.1395493536296 388.8597197836825 386.14947286315873 383.58043418125726 381.0358651579554 378.5044385714955 378.07437379789144 377.6347165510649 377.19803986345755 376.7658997530111 374.241598465921 371.7461943689159 369.26827418513585 366.8071265774315 368.62360984375255 370.38681637225864 370.009978382279 369.65093543372245 369.29739140982133 368.9476894022706 366.4730118065236 364.0299780629639 365.8854426663552 367.6880421397577 367.33976955952426 367.0089433317321 366.68331361311914 366.3612220084317 368.17044001993736 369.9407251088455 369.5695749407337 369.21625788733786 366.7395276890675 364.2944992911853 361.86966151989145 359.46421100434236 359.23299158624866 358.99031470434136 356.59356352878785 354.23161249763416 354.05435576328045 353.86525649953256 355.8342752926683 357.7660399802562
375.59669467860044 386.0909753210144 383.4357950898557 380.9188156542077 378.42551647861546 375.944789701236 375.52349229107494 375.0927738646169 374.66496696977174 374.241598465921 371.7673174193478 369.32107160644955 366.89167891207035 364.4784488687692 366.26000510221274 367.98911794927335 367.61985150986857 367.26803694155114 366.921609241841 366.5789424132563 364.1523606982955 361.75653825656264 363.5765748394442 365.3445625035747 365.00325205532135 364.6790548418321 364.35994911590933 364.04430720040546 365.81875741791373 367.5548464908825 367.19111265975516 366.8448698295124 364.41624334388325 362.0184322187015 359.6401532716336 357.2806260886391 357.05403992086576 356.81619421231335 354.46486887237916 352.1474422618885 351.9737436672531 351.788404872756 353.7207072290985 355.61626925259407
373.0843246551931 383.355794860865 380.75411985354003 378.28829017555836 375.8454100188246 373.4145608083127 373.0019599037905 372.5800304298282 372.1609413965771 371.7461943689159 369.32107160644955 366.9232298699062 364.54164048207167 362.1756295510713 363.92290165517625 365.6184098004487 365.2565088816564 364.9117982087355 364.5723679019666 364.2366190330458 361.8573549823668 359.50807140280085 361.29331561859 363.02717433407815 362.69263202172533 362.37495091933033 362.0622616676965 361.7529634889279 363.4932060223364 365.1955848706493 364.8390656971187 364.4997769970105 362.1184759187563 359.76720975723583 357.4348460350484 355.12062300008256 354.8986740335531 354.6655855216309 352.35901278985693 350.0855398374151 349.915420212596 349.7337855210467 351.629894528749 353.4897052875749
370.58960430525804 380.6414106300508 378.0924385325561 375.67705874222884 373.2839231891994 370.90229744892713 370.4982780181572 370.0850141021465 369.6745205322295 369.26827418513585 366.89167891207035 364.54164048207167 362.207273832857 359.8879208033468 361.60131008292956 363.26359953831707 362.90895605246624 362.5712521047826 362.2387239221889 361.9097990350292 359.5772850097783 357.27400168086024 359.0248508382101 360.7249631611521 360.39709064832186 360.08583798597647 359.77947930231403 359.47644012122237 361.1828674938806 362.8519226607241 362.5025138943811 362.1700859326929 359.835543104251 357.5302838493262 355.243316791526 352.973897965825 352.75653311809583 352.5281403962954 350.265832864221 348.0358535582127 347.8692740953861 347.69129644796976 349.55158060710164 351.3760041742644
368.11176157758086 377.9469967620098 375.44997719804815 373.0843689475878 370.74032218808134 368.40728366391704 368.0117289190057 367.6070091080792 367.20499082100287 366.8071265774315 364.4784488687692 362.1756295510713 359.8879208033468 357.61467964563053 359.29456761977417 360.924011768293 360.5765234684304 360.245731243911 359.9200117809405 359.5978187307501 357.31150622153655 355.0536994524482 356.77053148308187 358.43726770565627 358.1159723795108 357.8110625483723 357.51095028584587 357.2140870923704 358.88707619676643 360.5231820787885 360.1807853608225 359.85512695023044 357.5667944191264 355.30701899572523 353.0649442440954 350.839843404523 350.62700705999487 350.40324982311813 348.184737190295 345.99780455651853 345.83472374288885 345.66035696478457 347.4851705036017 349.2745601146016
369.94098941867014 379.93280912969203 377.39692570082116 374.9951905393973 372.6155681042801 370.2473084538542 369.8459954406844 369.4353035701847 369.0273487765903 368.62360984375255 366.26000510221274 363.92290165517625 361.60131008292956 359.29456761977417 360.99941592339746 362.65305311850534 362.30036670663685 361.9646983314933 361.6341823473276 361.307245057033 358.98718986176027 356.6963009773426 358.4384363645222 360.1297205162282 359.8036167677342 359.49421416337645 359.1896844963085 358.88845201627555 360.5861696478278 362.2465076216431 361.89898890608947 361.5685305838151 359.2464283718582 356.95354500229587 354.6787842679587 352.42139835057606 352.20549301419305 351.97843782262726 349.7278400193063 347.50949738892086 347.34406149411984 347.1671090714974 349.018049762406 350.83310949915176
371.713597029021 381.86093539716967 379.2880828893831 376.8509890582063 374.4364945179732 372.0337068318004 371.6266116849247 371.21006856598706 370.7963041615899 370.38681637225864 367.98911794927335 365.6184098004487 363.26359953831707 360.924011768293 362.65305311850534 364.3304118935848 363.9727849828323 363.63235187733653 363.2971421794273 362.96556197959717 360.61257207320523 358.2892555480212 360.05591936643395 361.77127131020643 361.4406078313791 361.12681530601685 360.81796257580527 360.5124537656002 362.2342834500523 363.9183874903738 363.56600232056735 363.23085318004587 360.8757896602365 358.5504529062928 356.2436454698436 353.9546056100189 353.7355500803433 353.5052593390569 351.2233498468413 348.97421869849495 348.8063322483365 348.626841188925 350.5032582725471 352.3434860390171
371.3314258294189 381.4463777910678 378.882356745311 376.45313708050344 374.0463670172421 371.65120668743293 371.24546993414026 370.83037400974024 370.41804650392487 370.009978382279 367.61985150986857 365.2565088816564 362.90895605246624 360.5765234684304 362.30036670663685 363.9727849828323 363.6164387198919 363.2771674565547 362.9430981357564 362.6126440925102 360.2668961006584 357.95061252456526 359.71199184900934 361.422313889796 361.09282478309535 360.78008972948385 360.472274323262 360.1677898902143 361.88450085987915 363.56363915777047 363.2124980856223 362.87847452823337 360.530644842388 358.21233241303526 355.9124371778753 353.6302035932913 353.4118060370394 353.1822666617438 350.9071429830219 348.66458742656505 348.4971826327568 348.31826710032476 350.1892491451749 352.0241855034592
370.9686058045711 381.0515246721625 378.49543738186094 376.07376889846273 373.67443627791636 371.28662526162225 370.8822725154704 370.46857593241964 370.0576343850819 369.65093543372245 367.26803694155114 364.9117982087355 362.5712521047826 360.245731243911 361.9646983314933 363.63235187733653 363.2771674565547 362.93901317271184 362.6060435249974 362.2766755817121 359.93784959773893 357.62835985202037 359.3847754424619 361.090242762411 360.761813076497 360.4500942781907 360.14327908777 359.83978252964994 361.5516198703822 363.2259647873516 362.875950070023 362.54300840833855 360.20209228445947 357.8905648581458 355.5973529743469 353.32170363122077 353.10401315967556 352.8752016220942 350.6065729753291 348.37038154241145 348.20351282515225 348.0251552347659 349.8909422953129 351.7207557259094
370.61141420705394 380.6627395183823 378.11443591473017 375.70020251277765 373.30819531393263 370.9276232274942 370.5246371503963 370.11231883237474 369.70274209498996 369.29739140982133 366.921609241841 364.5723679019666 362.2387239221889 359.9200117809405 361.6341823473276 363.2971421794273 362.9430981357564 362.6060435249974 362.2741567922676 361.94585841897424 359.61384754221126 357.31105031044626 359.06258297232216 360.7632678358559 360.4358777032353 360.12515941916786 359.8193292316587 359.5168055443178 361.2238450198056 362.89346768044607 362.54455842167795 362.21268192613024 359.87857263713886 357.5737290911911 355.2871013856575 353.01793875042404 352.8009484422431 352.5728540307522 350.3106206177208 348.0806990691417 347.9143620753892 347.7365543041038 349.5972264905463 351.4219926229903
370.2581244139653 380.27820750479077 377.7375967497637 375.33071295824266 372.9459472246017 370.57253129746914 370.17089490591843 369.7599376202895 369.3517086438857 368.9476894022706 366.5789424132563 364.2366190330458 361.9097990350292 359.5978187307501 361.307245057033 362.96556197959717 362.6126440925102 362.2766755817121 361.94585841897424 361.61861645162617 359.293343693349 356.9971637359349 358.7438668516588 360.4398211944026 360.1134577586678 359.8037277563516 359.4988705493 359.19730787370247 360.89960178889896 362.5645534862051 362.2167360598372 361.88591174415626 359.55853253562145 357.2602978716295 354.98018068492365 352.71743240070555 352.5011340415311 352.27374821244933 350.01783879879986 347.79411766747944 347.62830631900573 347.4510419426896 349.30665529295993 351.12642925008686
367.76530609791894 377.5692484372412 375.08132338654104 372.72435013791255 370.3887786064297 368.0640508688739 367.6708032210263 367.26839137424486 366.8686431546412 366.4730118065236 364.1523606982955 361.8573549823668 359.5772850097783 357.31150622153655 358.98718986176027 360.61257207320523 360.2668961006584 359.93784959773893 359.61384754221126 359.293343693349 357.01444405793154 354.7638331840499 356.4762809034801 358.1387723214939 357.81907324539134 357.5156969262107 357.21709308021946 356.9217132056201 358.59040955187083 360.2223280220205 359.8816109209338 359.55756781014315 357.27657260821434 355.0239162379912 352.7887798150696 350.57043588324814 350.35859266400803 350.13584515136336 347.9238951505249 345.7433074217988 345.58092186694876 345.40727096823275 347.22726346112177 349.01192776282915
365.30574406161304 374.89668952068314 372.4598786554925 370.15188760022284 367.86463909520535 365.58775569858335 365.20282054615564 364.80879981014823 364.41737601119985 364.0299780629639 361.75653825656264 359.50807140280085 357.27400168086024 355.0536994524482 356.6963009773426 358.2892555480212 357.95061252456526 357.62835985202037 357.31105031044626 356.9971637359349 354.7638331840499 352.55809148318076 354.2369387704093 355.8664698150351 355.5532384097869 355.25609944796633 354.9636380521315 354.6743316680886 356.31000929681613 357.90939877265555 357.5755774240397 357.2581917825846 355.02277649456664 352.814998670583 350.6241712046685 348.44958353830225 348.2421961939981 348.0240105066582 345.85531770550006 343.7172623720544 343.5583209110423 343.38822523953513 345.17314535291007 346.92317644445575
367.17460626082686 376.92385357450985 374.4477187984012 372.103116531096 369.7798019879556 367.46720146258303 367.07639415559197 366.67629141378256 366.2788225193294 365.8854426663552 363.5765748394442 361.29331561859 359.0248508382101 356.77053148308187 358.4384363645222 360.05591936643395 359.71199184900934 359.3847754424619 359.06258297232216 358.7438668516588 356.4762809034801 354.2369387704093 355.94145258802746 357.59588688484655 357.27776893091095 356.97605783192967 356.6791007477468 356.3853477914545 358.04610507134566 359.6700681416605 359.33104192767496 359.0087722818248 356.7390763900876 354.49767411609355 352.2736416305488 350.06624768847905 349.8557325580264 349.6341928746033 347.4328937810169 345.26290382480875 345.10156317150836 344.92884018671657 346.7403191151461 348.51644193468746
368.9872662834009 378.89383269332757 376.3802441954758 373.99978027390534 371.6410854404603 369.2934435652169 368.8967378974344 368.4906710226419 368.0872809799548 367.6880421397577 365.3445625035747 363.02717433407815 360.7249631611521 358.43726770565627 360.1297205162282 361.77127131020643 361.422313889796 361.090242762411 360.7632678358559 360.4398211944026 358.1387723214939 355.8664698150351 357.59588688484655 359.27475496085026 358.9519963550192 358.645813773639 358.34445321347675 358.04634453983635 359.73157619555786 361.37965757462734 361.0356790847886 360.70863218675004 358.4054485775159 356.1310620175682 353.87444992771634 351.6348674684923 351.421142319869 351.19630950022656 348.9631642325767 346.7618487888285 346.5980127389082 346.4227082294192 348.2601054777879 350.06182785155397
368.6340936870625 378.5109295803559 376.00549767895427 373.6322651897499 371.2806626746724 368.9400250319932 368.54454813550365 368.13979799956394 367.73771592924265 367.33976955952426 365.00325205532135 362.69263202172533 360.39709064832186 358.1159723795108 359.8036167677342 361.4406078313791 361.09282478309535 360.761813076497 360.4358777032353 360.1134577586678 357.81907324539134 355.5532384097869 357.27776893091095 358.9519963550192 358.6303162082884 358.32509885522404 358.0246848348903 357.7275109848655 359.40801508286586 361.051515393146 360.70867929406177 360.382660058278 358.0861345330122 355.81820887054073 353.5679556547002 351.3346360878013 351.1215057215393 350.8973596765522 348.67046667225804 346.4752056522384 346.3118042288979 346.1370266871926 347.96940776390466 349.76625186589945
368.2999152787538 378.1473292704359 375.64916919522693 373.282856006711 370.9380692971863 368.60416811540017 368.2099475923111 367.8064685072293 367.40564561367216 367.0089433317321 364.6790548418321 362.37495091933033 360.08583798597647 357.8110625483723 359.49421416337645 361.12681530601685 360.78008972948385 360.4500942781907 360.12515941916786 359.8037277563516 357.5156969262107 355.25609944796633 356.97605783192967 358.645813773639 358.32509885522404 358.0208070363792 357.721303940644 357.4250298838316 359.1010453245508 360.7401309214547 360.39832128869114 360.0732876408431 357.78310912224515 355.521413804403 353.2772991358506 351.0500287157547 350.83754315736815 350.6140614135885 348.39313805627353 346.2037277683303 346.0408160566626 345.8665486937828 347.6941474220871 349.4862756399875
367.9710568363064 377.78945799318535 375.2984276141042 372.9389251366438 370.60084957830895 368.27358171082506 367.88060184788003 367.4783743726691 367.0787911210224 366.68331361311914 364.35994911590933 362.0622616676965 359.77947930231403 357.51095028584587 359.1896844963085 360.81796257580527 360.472274323262 360.14327908777 359.8193292316587 359.4988705493 357.21709308021946 354.9636380521315 356.6791007477468 358.34445321347675 358.0246848348903 357.721303940644 357.4226976698726 357.12730949915135 358.7989077573966 360.4336455478615 360.09284273265246 359.7687791415069 357.48484744861526 355.22928772876094 352.99121867095073 350.76990596276846 350.55805905137197 350.3352316743842 348.12018412378984 345.9365361192431 345.7741103229484 345.6003455909121 347.4232375022243 349.2107209474848
367.6457903147252 377.4355006058795 374.9515166918818 372.5987467280056 370.2673055109226 367.94659521799076 367.5548406190047 367.1538491101762 366.75549001947263 366.3612220084317 364.04430720040546 361.7529634889279 359.47644012122237 357.2140870923704 358.88845201627555 360.5124537656002 360.1677898902143 359.83978252964994 359.5168055443178 359.19730787370247 356.9217132056201 354.6743316680886 356.3853477914545 358.04634453983635 357.7275109848655 357.4250298838316 357.12730949915135 356.83279642333423 358.5000256052422 360.1304627522145 359.79065433504877 359.4675489806058 357.1897937561589 354.9403008837771 352.70820989770255 350.49278853871056 350.28157280676044 350.05939200988286 347.85015489173657 345.6722054143743 345.51026000282076 345.3369920373004 347.15522864607647 348.938117978244
369.46647250922206 379.4131121933169 376.8909971340654 374.5022300414639 372.13530570209696 369.7794597392276 369.38185971059465 368.97488707822913 368.57058685070706 368.17044001993736 365.81875741791373 363.4932060223364 361.1828674938806 358.88707619676643 360.5861696478278 362.2342834500523 361.88450085987915 361.5516198703822 361.2238450198056 360.89960178889896 358.59040955187083 356.31000929681613 358.04610507134566 359.73157619555786 359.40801508286586 359.1010453245508 358.7989077573966 358.5000256052422 360.1918369473642 361.8464334664677 361.50158472951443 361.1736840789881 358.8623059693891 356.5797700983021 354.31505011179615 352.06739681165345 351.85303392589685 351.6275538059085 349.3863613973663 347.17705194467635 347.0126755823344 346.83682209634003 348.6810661374948 350.48957838595015
371.24638573270374 381.3488728082302 378.78971543748776 376.36548368058357 373.96357838203403 371.57309586248084 371.16966963451114 370.756806407117 370.3466583302543 369.9407251088455 367.5548464908825 365.1955848706493 362.8519226607241 360.5231820787885 362.2465076216431 363.9183874903738 363.56363915777047 363.2259647873516 362.89346768044607 362.5645534862051 360.2223280220205 357.90939877265555 359.6700681416605 361.37965757462734 361.051515393146 360.7401309214547 360.4336455478615 360.1304627522145 361.8464334664677 363.5248448652492 363.1751071386757 362.84248966692576 360.49805283822934 358.18296336146886 355.886097344086 353.6066921322017 353.3891585651413 353.1604266616632 350.8878308306048 348.6476387396833 348.48079679572106 348.30239373986524 350.1721808970724 352.0059292613787
370.87015516616657 380.9408631323022 378.3903609187855 375.9738343212739 373.5794878672805 371.19647073639135 370.7943552470548 370.3828918813738 369.97413420351586 369.5695749407337 367.19111265975516 364.8390656971187 362.5025138943811 360.1807853608225 361.89898890608947 363.56600232056735 363.2124980856223 362.875950070023 362.54455842167795 362.2167360598372 359.8816109209338 357.5755774240397 359.33104192767496 361.0356790847886 360.70867929406177 360.39832128869114 360.09284273265246 359.79065433504877 361.50158472951443 363.1751071386757 362.8265798899122 362.49505539018594 360.1577125496369 357.8495119702193 355.5594266570124 353.28670018579214 353.0698044091262 352.84180369630303 350.5758707979421 348.3421357717307 348.1757614229719 347.997919756924 349.86235998435404 351.6909036248726
370.51331281833734 380.55258896958185 378.0098446752363 375.6007016086696 373.21362837132074 370.8377999242002 370.4370215219037 370.02691076918575 369.6194931260378 369.21625788733786 366.8448698295124 364.4997769970105 362.1700859326929 359.85512695023044 361.5685305838151 363.23085318004587 362.87847452823337 362.54300840833855 362.21268192613024 361.88591174415626 359.55756781014315 357.2581917825846 359.0087722818248 360.70863218675004 360.382660058278 360.0732876408431 359.7687791415069 359.4675489806058 361.1736840789881 362.84248966692576 362.49505539018594 362.1645805272574 359.8340121535648 357.5324619507328 355.2489292366017 352.98266014636647 352.7664516354328 352.5391588136817 350.2795985041903 348.0521095705917 347.88625752522904 347.7089598173983 349.56829310234116 351.391800293723
368.018594810125 377.8416026480554 375.35155389272404 372.9923264573081 370.6544524223136 368.32731760320166 367.93491427656954 367.5333362428137 367.1343870325409 366.7395276890675 364.41624334388325 362.1184759187563 359.835543104251 357.5667944191264 359.2464283718582 360.8757896602365 360.530644842388 360.20209228445947 359.87857263713886 359.55853253562145 357.27657260821434 355.02277649456664 356.7390763900876 358.4054485775159 358.0861345330122 357.78310912224515 357.48484744861526 357.1897937561589 358.8623059693891 360.49805283822934 360.1577125496369 359.8340121535648 357.54984061873256 355.29388148306316 353.0553428164676 350.8334919378831 350.62173464630223 350.3990769817224 348.18349151675284 345.99915136386335 345.83672301172055 345.66303738905253 347.4867303240717 349.27510821338365
