1.0,[-0.028471354142514782,-0.0003145089295099831,-0.011992994562330444,3.171090872560673e-5,-0.010396276989162918,0.00022352281436128005,70.13784600819876,72.86591915251509,-22.897071290502986]
2.0,[-0.041506460424652454,-0.0004610761976311403,-0.017605479702337303,4.647049816000509e-5,-0.010396276989162918,0.00022352281436128005,68.92359135777178,64.80712268055888,-22.897071290502986]
3.0,[-0.004832859654281952,0.008635254880138176,0.3617394369711789,-0.000226017590549445,0.32747588678812595,0.0002882267869395453,65.105737386565,51.11057211667709,-70.64517463717739]
4.0,[-0.06603761445912354,-0.00045802271287861615,-0.01346996433601646,5.2710738981553876e-5,-2.292485559308301,0.00023528717301187375,66.16445049805506,48.134966351375354,-29.622506564994314]
5.0,[-0.07713930937407426,-0.0002152706750529496,-0.005258012394322215,4.059433206550115e-5,0.23191845115836088,0.00024705153166246745,64.99374935160291,39.271214997234964,-25.135587638233183]
6.0,[-0.09034686337118665,-0.0004213808958483269,-0.012229309726120208,6.291939432789156e-5,0.15878696314776738,0.00024705153166246745,63.82662531676898,31.363670664939196,-24.47308578597316]
7.0,[-0.10234320857078803,-0.0004503890009973059,-0.013765358290753663,6.915963514944035e-5,0.2034395687313662,0.00023528717301187375,62.56678533555721,23.00224863300481,-24.472805986974084]
8.0,[-0.11631918759508943,-0.0007679514152598131,-0.026053746807821312,9.73754264954165e-5,0.19751753987322812,0.00024705153166246745,61.4380353024029,15.32723722084355,-23.719369460013898]
9.0,[-0.12639848280883084,-0.0005251993774341465,-0.01837350398465403,8.306728972255375e-5,0.23909287872915702,0.00024705153166246745,60.05208728912304,6.315053502323528,-24.48269221827482]
10.0,[-0.02722269457862036,-6.259643742674421e-5,-0.0021268364741078623,1.2946497293714987e-5,0.19345554779270382,0.0,59.06476907685598,0.0,-25.45726322083921]
11.0,[-0.026405060986299685,-0.00015725446475499155,-0.00578972151284918,2.0708570474311262e-5,0.14608322456788816,0.0,59.11703008369713,0.0,-24.034702931974167]
12.0,[-0.026418653997021903,-0.00015420098000246745,-0.005848800303796621,2.0628474034361392e-5,0.2282296387254461,0.0,59.123391677475375,0.0,-23.86153844032291]
13.0,[-0.026831141217130112,-0.00010076499683329555,-0.0038992002025310807,1.6820252389472228e-5,0.22771187638713972,0.0,59.09575357911992,0.0,-24.613855771286786]
14.0,[-0.026833038639679438,-0.00010076499683329555,-0.0038992002025310807,1.678384491676774e-5,0.18743387410719356,0.0,59.092047408238344,0.0,-24.714707766065366]
15.0,[-0.02684725375615553,-0.00010076499683329555,-0.0037219638296887587,1.66382150259498e-5,0.1870431100782831,0.0,59.0910069393098,0.0,-24.743060731305214]
16.0,[-0.02684750259845708,-0.00010076499683329555,-0.00384012141158364,1.66382150259498e-5,0.1855796987900134,0.0,59.09086189040318,0.0,-24.7469779172923]
17.0,[-0.027267486192899513,-5.801621029795805e-5,-0.0021268364741078623,1.246591865401578e-5,0.18597632427935754,0.0,59.06073626040518,0.0,-25.56703769481059]
18.0,[-0.02726891703613343,-5.801621029795805e-5,-0.002185915265055303,1.2422229686770397e-5,0.1419587102427382,0.0,59.056705728189115,0.0,-25.67674999122662]
19.0,[-0.02686523261244258,-9.771151208077145e-5,-0.0037219638296887587,1.643433317880468e-5,0.14113029050144804,0.0,59.085662972112594,0.0,-24.88855621082548]
20.0,[-0.026863770663920965,-9.92382544570335e-5,-0.0037219638296887587,1.6478022146050063e-5,0.18348911123534242,0.0,59.089525613074535,0.0,-24.78338287595004]
21.0,[-0.026848809020540224,-0.00010076499683329555,-0.0037219638296887587,1.6623652036868007e-5,0.1838544756023737,0.0,59.090616335167574,0.0,-24.753693093270154]
22.0,[-0.02684862238881406,-0.00010076499683329555,-0.003781042620636199,1.661637054232711e-5,0.1854077626172928,0.0,59.09076709466107,0.0,-24.74958937461702]
23.0,[-0.02640611856608128,-0.0001557277223787295,-0.00578972151284918,2.0723133463393055e-5,0.18501699858838233,0.0,59.12039818783574,0.0,-23.943022126609794]
24.0,[-0.026846382808100103,-0.00010076499683329555,-0.003781042620636199,1.6681903993195183e-5,0.22872004758172873,0.0,59.094766789708004,0.0,-24.64071647519822]
25.0,[-0.026832758692090192,-0.0001022917392095576,-0.0038992002025310807,1.678384491676774e-5,0.18588058709227448,0.0,59.091929770148724,0.0,-24.717940998943593]
26.0,[-0.026405838618492033,-0.00015420098000246745,-0.005966957885691502,2.0737696452474848e-5,0.1866582075098063,-5.882179325296843e-6,59.1205592263856,0.0,-23.938638608957582]
27.0,[-0.02684582291292161,-0.00010076499683329555,-0.003781042620636199,1.6681903993195183e-5,0.22875130870404156,0.0,59.09481133228562,0.0,-24.639504012868887]
28.0,[-0.0268327275868025,-0.0001022917392095576,-0.00384012141158364,1.678384491676774e-5,0.18593724787646648,0.0,59.09193662285298,0.0,-24.71778555505522]
29.0,[-0.02684781365133402,-0.00010076499683329555,-0.003781042620636199,1.66382150259498e-5,0.18706460209987316,-5.882179325296843e-6,59.09097153367117,0.0,-24.744024483413146]
30.0,[-0.02684750259845708,-0.00010076499683329555,-0.003781042620636199,1.6645496520490698e-5,0.18552499182596593,0.0,59.09085846405106,0.0,-24.747102272402998]
31.0,[-0.026848031388347876,-0.00010076499683329555,-0.003781042620636199,1.66382150259498e-5,0.18555039148784513,0.0,59.09082191629506,0.0,-24.74809711328861]
32.0,[-0.02684806249363557,-0.00010076499683329555,-0.003781042620636199,1.6630933531408902e-5,0.1854976383439422,0.0,59.09081734782556,0.0,-24.748221468399308]
33.0,[-0.026848031388347876,-0.00010076499683329555,-0.003781042620636199,1.6630933531408902e-5,0.1854976383439422,0.0,59.09081620570819,0.0,-24.748252557176983]
34.0,[-0.026848031388347876,-0.0001022917392095576,-0.0037219638296887587,1.66382150259498e-5,0.18549568452379767,0.0,59.09081506359081,0.0,-24.748252557176983]
35.0,[-0.02684806249363557,-9.92382544570335e-5,-0.003781042620636199,1.6630933531408902e-5,0.1854937307036531,0.0,59.09081734782556,0.0,-24.748283645954658]
36.0,[-0.02684806249363557,-0.00010076499683329555,-0.003781042620636199,1.6630933531408902e-5,0.18549568452379767,0.0,59.09081506359081,0.0,-24.748252557176983]
37.0,[-0.026848031388347876,-9.92382544570335e-5,-0.003781042620636199,1.6623652036868007e-5,0.18549568452379767,0.0,59.09081620570819,0.0,-24.748252557176983]
38.0,[-0.026848031388347876,-0.00010076499683329555,-0.003781042620636199,1.6630933531408902e-5,0.18549568452379767,0.0,59.09081620570819,0.0,-24.748252557176983]
39.0,[-0.027267517298187206,-5.801621029795805e-5,-0.0021268364741078623,1.246591865401578e-5,0.18590598675415365,0.0,59.060729407700926,0.0,-25.56722422747664]
40.0,[-0.027268979246708815,-5.801621029795805e-5,-0.0021268364741078623,1.2422229686770397e-5,0.1419548026024491,-5.882179325296843e-6,59.05670458607174,0.0,-25.676781080004297]
41.0,[-0.02686526371773027,-0.00010076499683329555,-0.0037219638296887587,1.644161467334558e-5,0.14112833668130348,0.0,59.08566182999522,0.0,-24.888525122047806]
42.0,[-0.026863770663920965,-9.92382544570335e-5,-0.0037219638296887587,1.6478022146050063e-5,0.18348715741519786,0.0,59.08952675519191,0.0,-24.783413964727714]
43.0,[-0.026848777915252527,-0.00010076499683329555,-0.0037219638296887587,1.661637054232711e-5,0.1838544756023737,0.0,59.090616335167574,0.0,-24.753693093270154]
44.0,[-0.02684862238881406,-9.92382544570335e-5,-0.003781042620636199,1.6630933531408902e-5,0.18540580879714824,0.0,59.09076709466107,0.0,-24.74958937461702]
45.0,[-0.026848093598923265,-0.00010076499683329555,-0.0037219638296887587,1.66382150259498e-5,0.18543316227917198,0.0,59.090808210886564,0.0,-24.74847017862071]
46.0,[-0.026848093598923265,-0.00010076499683329555,-0.003781042620636199,1.6630933531408902e-5,0.185489823063364,0.0,59.09081392147344,0.0,-24.748314734732332]
47.0,[-0.02684806249363557,-0.00010076499683329555,-0.003781042620636199,1.6630933531408902e-5,0.18549177688350854,0.0,59.09081506359081,0.0,-24.748283645954658]
48.0,[-0.02684806249363557,-0.00010076499683329555,-0.003781042620636199,1.6630933531408902e-5,0.1854937307036531,0.0,59.09081506359081,0.0,-24.748283645954658]
49.0,[-0.026406087460793582,-0.00015420098000246745,-0.005966957885691502,2.0723133463393055e-5,0.1850756131927189,0.0,59.12040618265736,0.0,-23.942804505166066]
50.0,[-0.026846382808100103,-0.0001022917392095576,-0.003781042620636199,1.6674622498654284e-5,0.22872395522201783,0.0,59.09476907394275,7.580041077501246e-6,-24.640623208865197]
51.0,[-0.027253084444697255,-5.9542952674220104e-5,-0.002185915265055303,1.2618830039374619e-5,0.18630847370393142,0.0,59.06186124601946,0.0,-25.53641524880045]
52.0,[-0.026849524442157182,-0.00010076499683329555,-0.003781042620636199,1.658724456416352e-5,0.14313686378990326,0.0,59.08695356474624,0.0,-24.85339480327475]
53.0,[-0.026863024137016314,-9.92382544570335e-5,-0.0037219638296887587,1.648530364059096e-5,0.18512641251647727,0.0,59.08972548361515,0.0,-24.777942339856867]
54.0,[-0.026848249125361733,-9.92382544570335e-5,-0.00384012141158364,1.6623652036868007e-5,0.18394239750887856,0.0,59.0906654462147,0.0,-24.75235627583012]
55.0,[-0.02684862238881406,-9.92382544570335e-5,-0.0037219638296887587,1.6630933531408902e-5,0.18546833104177393,0.0,59.09077508948269,7.580041077501246e-6,-24.749340664395618]
56.0,[-0.02684806249363557,-0.00010076499683329555,-0.003781042620636199,1.6630933531408902e-5,0.1854370699194611,0.0,59.09080935300394,0.0,-24.748439089843036]
57.0,[-0.02684806249363557,-0.00010076499683329555,-0.003781042620636199,1.6630933531408902e-5,0.18549177688350854,0.0,59.09081392147344,0.0,-24.748314734732332]
58.0,[-0.027267517298187206,-5.648946792169599e-5,-0.002185915265055303,1.2473200148556678e-5,0.18590598675415365,0.0,59.060729407700926,-7.580041077501246e-6,-25.56722422747664]
59.0,[-0.027268979246708815,-5.801621029795805e-5,-0.0021268364741078623,1.2422229686770397e-5,0.1419548026024491,0.0,59.05670344395437,0.0,-25.67681216878197]
60.0,[-0.02686523261244258,-9.771151208077145e-5,-0.0037219638296887587,1.644161467334558e-5,0.14112833668130348,0.0,59.08566182999522,0.0,-24.88855621082548]
61.0,[-0.026863770663920965,-9.771151208077145e-5,-0.0037219638296887587,1.6478022146050063e-5,0.18349106505548698,0.0,59.089525613074535,0.0,-24.783351787172364]
62.0,[-0.026848840125827916,-9.92382544570335e-5,-0.0037219638296887587,1.6623652036868007e-5,0.18385252178222916,0.0,59.090616335167574,0.0,-24.75366200449248]
63.0,[-0.02684862238881406,-0.00010076499683329555,-0.0037219638296887587,1.6623652036868007e-5,0.1854077626172928,0.0,59.09076709466107,0.0,-24.749620463394695]
64.0,[-0.02684806249363557,-0.0001022917392095576,-0.00384012141158364,1.66382150259498e-5,0.18543511609931654,0.0,59.09080706876919,0.0,-24.748439089843036]
65.0,[-0.0272675484034749,-5.648946792169599e-5,-0.002185915265055303,1.246591865401578e-5,0.1859040329340091,0.0,59.0607259813488,-7.580041077501246e-6,-25.567286405031993]
66.0,[-0.025945666992349143,-0.00022595787168678397,-0.00850734589643145,2.468426649364106e-5,0.14071608063080293,5.882179325296843e-6,59.14546652209764,-7.580041077501246e-6,-23.260685634192953]
67.0,[-0.025475386147705746,-0.00030534847525241077,-0.01157944302569836,2.857986607302099e-5,0.2695959188259079,-5.882179325296843e-6,59.18473708591656,0.0,-22.19172910260644]
71.0,[-0.026812913518541513,-0.0001022917392095576,-0.003958278993478521,1.7053260214780934e-5,0.3120797840490536,5.882179325296843e-6,59.10451932997236,-7.580041077501246e-6,-24.375249402629084]
72.0,[-0.027225027475197398,-6.259643742674421e-5,-0.002304072846950184,1.2917371315551398e-5,0.1901574993886995,0.0,59.06432593531452,-7.580041077501246e-6,-25.469294577799538]
73.0,[-0.027662367820173003,-2.9008105148979026e-5,-0.0010043394461064904,8.206244347590995e-6,0.14711288778406725,0.0,59.0266851729896,0.0,-26.493918512421114]
74.0,[-0.02728347431077415,-5.648946792169599e-5,-0.002185915265055303,1.2232910828707074e-5,0.09710681500439507,0.0,59.05160274775802,0.0,-25.815623561102054]
75.0,[-0.026881096309166443,-9.61847697045094e-5,-0.0036038062477938776,1.6274140298904947e-5,0.13927416136412332,5.882179325296843e-6,59.084371237361566,0.0,-24.92365544082086]
76.0,[-0.026864486085537924,-9.92382544570335e-5,-0.0037219638296887587,1.647074065150917e-5,0.18184399467362936,0.0,59.08932688465131,0.0,-24.78876123448786]
77.0,[-0.026849400021006407,-0.00010076499683329555,-0.003781042620636199,1.6623652036868007e-5,0.18377241515630252,0.0,59.090567224120456,0.0,-24.754998821932517]
78.0,[-0.02684862238881406,-0.00010076499683329555,-0.0037219638296887587,1.6630933531408902e-5,0.18534719419281168,0.0,59.09075909983944,0.0,-24.749806996060748]
79.0,[-0.026848093598923265,-0.00010076499683329555,-0.003781042620636199,1.6630933531408902e-5,0.18543120845902744,0.0,59.09080592665181,-7.580041077501246e-6,-24.748501267398385]
80.0,[-0.02684806249363557,-9.92382544570335e-5,-0.003781042620636199,1.66382150259498e-5,0.185489823063364,-5.882179325296843e-6,59.09081392147344,0.0,-24.748314734732332]
81.0,[-0.02684806249363557,-0.00010076499683329555,-0.0037219638296887587,1.6630933531408902e-5,0.1854937307036531,0.0,59.09081506359081,-7.580041077501246e-6,-24.748252557176983]
82.0,[-0.02684806249363557,-0.00010076499683329555,-0.003781042620636199,1.6630933531408902e-5,0.1854937307036531,0.0,59.09081620570819,0.0,-24.748283645954658]
83.0,[-0.026848031388347876,-0.00010076499683329555,-0.00384012141158364,1.661637054232711e-5,0.18549568452379767,0.0,59.09081620570819,-7.580041077501246e-6,-24.748252557176983]
84.0,[-0.02684806249363557,-0.00010076499683329555,-0.003781042620636199,1.6630933531408902e-5,0.1854937307036531,0.0,59.09081620570819,0.0,-24.748252557176983]
85.0,[-0.026848031388347876,-0.0001022917392095576,-0.003781042620636199,1.66382150259498e-5,0.1854937307036531,-5.882179325296843e-6,59.09081620570819,0.0,-24.748252557176983]
86.0,[-0.02640614967136897,-0.00015267423762620538,-0.005907879094744061,2.0723133463393055e-5,0.1850756131927189,0.0,59.12040618265736,0.0,-23.942804505166066]
87.0,[-0.02640419003824426,-0.0001557277223787295,-0.005966957885691502,2.0752259441556645e-5,0.22830193007079452,0.0,59.124354482422426,0.0,-23.83529951196498]
88.0,[-0.027251684706751034,-5.801621029795805e-5,-0.0022449940560027434,1.2669800501160898e-5,0.22952892912157338,0.0,59.06581639848878,7.580041077501246e-6,-25.428692634155635]
89.0,[-0.027254328656205012,-5.9542952674220104e-5,-0.002185915265055303,1.2575141072129236e-5,0.14395746825061526,0.0,59.05799403658801,0.0,-25.641681850008915]
90.0,[-0.02686445498025023,-9.771151208077145e-5,-0.0037219638296887587,1.6448896167886477e-5,0.14276563796243832,0.0,59.08586170053582,0.0,-24.88311567473231]
91.0,[-0.026863210768742478,-9.92382544570335e-5,-0.0037219638296887587,1.648530364059096e-5,0.18357507932170272,0.0,59.08957472412166,0.0,-24.78204605851]
92.0,[-0.026848746809964835,-0.00010076499683329555,-0.003781042620636199,1.6630933531408902e-5,0.1839130902067103,0.0,59.090624329989204,0.0,-24.753475471826427]
93.0,[-0.026406678461259766,-0.0001557277223787295,-0.005907879094744061,2.0715851968852157e-5,0.18499355274664772,0.0,59.12035935584499,0.0,-23.944079145050754]
94.0,[-0.02640419003824426,-0.0001557277223787295,-0.005907879094744061,2.075954093609754e-5,0.22824722310674705,0.0,59.12434762971818,0.0,-23.835517133408707]
95.0,[-0.026831141217130112,-0.00010076499683329555,-0.00384012141158364,1.6827533884013123e-5,0.22910299633006098,-5.882179325296843e-6,59.09588149626591,0.0,-24.610404916964832]
96.0,[-0.026832509849788643,-0.00010381848158581967,-0.0038992002025310807,1.678384491676774e-5,0.18744950466834998,0.0,59.09208395599434,0.0,-24.71377510273511]
97.0,[-0.026847284861443225,-9.92382544570335e-5,-0.003781042620636199,1.6645496520490698e-5,0.18709390940204146,0.0,59.0910115077793,0.0,-24.742905287416836]
98.0,[-0.026847471493169385,-0.0001022917392095576,-0.003781042620636199,1.66382150259498e-5,0.1855796987900134,0.0,59.090864174637936,0.0,-24.74694682851462]
99.0,[-0.026848000283060183,-0.00010076499683329555,-0.003781042620636199,1.66382150259498e-5,0.18555429912813423,0.0,59.09082420052981,0.0,-24.74806602451093]
100.0,[-0.026848000283060183,-0.00010076499683329555,-0.003781042620636199,1.66382150259498e-5,0.1854976383439422,0.0,59.09081734782556,-7.580041077501246e-6,-24.748190379621633]
101.0,[-0.026848031388347876,-0.00010076499683329555,-0.00384012141158364,1.66382150259498e-5,0.18549568452379767,5.882179325296843e-6,59.09081620570819,-7.580041077501246e-6,-24.748252557176983]
102.0,[-0.02640605635550589,-0.0001557277223787295,-0.005848800303796621,2.0730414957933953e-5,0.18507365937257436,0.0,59.12040732477474,0.0,-23.942804505166066]
103.0,[-0.02640419003824426,-0.00015878120713125362,-0.005907879094744061,2.078138541972023e-5,0.22830583771108362,5.882179325296843e-6,59.124354482422426,-7.580041077501246e-6,-23.835330600742655]
104.0,[-0.026831079006554726,-0.0001022917392095576,-0.00384012141158364,1.683481537855402e-5,0.22910690397035008,0.0,59.09588263838329,0.0,-24.610373828187157]
105.0,[-0.026832540955076336,-0.00010381848158581967,-0.003781042620636199,1.679112641130864e-5,0.18745145848849454,0.0,59.09208395599434,0.0,-24.71374401395743]
106.0,[-0.026847284861443225,-9.92382544570335e-5,-0.003781042620636199,1.66382150259498e-5,0.18709390940204146,0.0,59.09101264989667,0.0,-24.74293637619451]
107.0,[-0.02684750259845708,-0.00010076499683329555,-0.003781042620636199,1.66382150259498e-5,0.18558165261015797,0.0,59.090864174637936,0.0,-24.74694682851462]
108.0,[-0.026848031388347876,-9.92382544570335e-5,-0.0037219638296887587,1.66382150259498e-5,0.18555234530798967,0.0,59.09082305841244,7.580041077501246e-6,-24.748034935733255]
109.0,[-0.026848031388347876,-9.92382544570335e-5,-0.00384012141158364,1.6630933531408902e-5,0.1854976383439422,0.0,59.09081848994294,-7.580041077501246e-6,-24.748221468399308]
110.0,[-0.026848031388347876,-0.00010076499683329555,-0.003781042620636199,1.6630933531408902e-5,0.18549568452379767,0.0,59.09081620570819,0.0,-24.748252557176983]
111.0,[-0.027267486192899513,-5.801621029795805e-5,-0.0021268364741078623,1.2458637159474883e-5,0.18590598675415365,5.882179325296843e-6,59.06072826558355,0.0,-25.567255316254318]
112.0,[-0.02726891703613343,-5.648946792169599e-5,-0.0021268364741078623,1.2422229686770397e-5,0.1419548026024491,0.0,59.05670458607174,-7.580041077501246e-6,-25.67674999122662]
113.0,[-0.02686526371773027,-9.92382544570335e-5,-0.0037219638296887587,1.644161467334558e-5,0.14112833668130348,0.0,59.08566182999522,0.0,-24.88855621082548]
114.0,[-0.027282354520417173,-5.648946792169599e-5,-0.0021268364741078623,1.2313007268656941e-5,0.18391699784699939,-5.882179325296843e-6,59.05942168330665,7.580041077501246e-6,-25.6028519666925]
115.0,[-0.027269694668325774,-5.648946792169599e-5,-0.002185915265055303,1.2414948192229501e-5,0.14030187076015785,5.882179325296843e-6,59.05650128917901,0.0,-25.682283793652818]
116.0,[-0.026865823612908762,-9.92382544570335e-5,-0.0037219638296887587,1.6427051684263786e-5,0.14104041477479862,0.0,59.0856127189481,0.0,-24.889893028265515]
117.0,[-0.026863832874496354,-9.771151208077145e-5,-0.0037219638296887587,1.6478022146050063e-5,0.1834285428108613,0.0,59.08951761825291,0.0,-24.783600497393767]
118.0,[-0.026848840125827916,-0.00010076499683329555,-0.003781042620636199,1.6623652036868007e-5,0.1838505679620846,0.0,59.09061405093283,0.0,-24.75372418204783]
119.0,[-0.02684862238881406,-0.00010076499683329555,-0.00384012141158364,1.6630933531408902e-5,0.1854038549770037,0.0,59.09076595254369,-7.580041077501246e-6,-24.74958937461702]
120.0,[-0.02684806249363557,-9.92382544570335e-5,-0.00384012141158364,1.6630933531408902e-5,0.18543511609931654,-5.882179325296843e-6,59.090808210886564,0.0,-24.748501267398385]
121.0,[-0.027267517298187206,-5.801621029795805e-5,-0.0021268364741078623,1.2473200148556678e-5,0.18590207911386455,5.882179325296843e-6,59.0607259813488,0.0,-25.567255316254318]
122.0,[-0.02684974217917104,-0.0001022917392095576,-0.003781042620636199,1.6594526058704418e-5,0.14153668509151493,0.0,59.0867959525485,0.0,-24.857685054593937]
123.0,[-0.02642241773683286,-0.00015420098000246745,-0.005907879094744061,2.0570222078034217e-5,0.1846828953436639,0.0,59.11929147609945,0.0,-23.973116063399456]
124.0,[-0.02684653833453857,-0.00010076499683329555,-0.003781042620636199,1.6674622498654284e-5,0.2271394070847859,5.882179325296843e-6,59.09461488809714,7.580041077501246e-6,-24.644851282629034]
125.0,[-0.026833287481980987,-0.00010076499683329555,-0.0038992002025310807,1.6769281927685947e-5,0.18585323361025075,0.0,59.09188865392323,-7.580041077501246e-6,-24.719091283717578]
126.0,[-0.026847875861909405,-0.00010076499683329555,-0.003781042620636199,1.66382150259498e-5,0.1870059874955366,0.0,59.09096353884955,0.0,-24.7442110160792]
127.0,[-0.026405558670902787,-0.0001557277223787295,-0.005848800303796621,2.0737696452474848e-5,0.18510296667474263,0.0,59.12044729888286,0.0,-23.941716397947435]
128.0,[-0.026404158932956563,-0.0001557277223787295,-0.00578972151284918,2.0766822430638438e-5,0.2283605446751311,5.882179325296843e-6,59.124359050891925,0.0,-23.83517515685428]
129.0,[-0.026388077499218843,-0.0001450405257448951,-0.005848800303796621,2.095614128870176e-5,0.22868487881912677,0.0,59.12545091510234,0.0,-23.805485374174395]
130.0,[-0.026387921972780372,-0.0001725218885176121,-0.00573064272190174,2.0876044848751894e-5,0.23024402729447954,-1.1764358650593686e-5,59.125602816713204,-7.580041077501246e-6,-23.801412744298936]
131.0,[-0.02683030137436238,-0.00010381848158581967,-0.003781042620636199,1.684209687309492e-5,0.23067386772628104,-1.1764358650593686e-5,59.09607565621965,7.580041077501246e-6,-24.605119824760035]
132.0,[-0.027252369023080297,-5.801621029795805e-5,-0.002185915265055303,1.2633393028456413e-5,0.1879653131865118,0.0,59.06206111656007,0.0,-25.530943623929602]
133.0,[-0.026407207251150564,-0.00015725446475499155,-0.005966957885691502,2.0694007485229466e-5,0.14280666818547394,5.882179325296843e-6,59.11659607909466,0.0,-24.046485578713096]
134.0,[-0.025957798054549744,-0.00022290438693425987,-0.008448267105484008,2.463329603185478e-5,0.2276063700993339,-5.882179325296843e-6,59.1523740479811,0.0,-23.07262961803524]
135.0,[-0.026829554847457728,-0.00010076499683329555,-0.00384012141158364,1.686394135671761e-5,0.2700746047613232,-5.882179325296843e-6,59.09962078855137,7.580041077501246e-6,-24.50858917007832]
136.0,[-0.02681798368043561,-0.00010381848158581967,-0.003958278993478521,1.6929474807585684e-5,0.18781877667567037,0.0,59.09313927244875,0.0,-24.68501798338548]
137.0,[-0.026847129335004754,-9.92382544570335e-5,-0.00384012141158364,1.66382150259498e-5,0.1885963970932022,5.882179325296843e-6,59.091157698803286,0.0,-24.738957012652076]
138.0,[-0.02684694270327859,-0.00010076499683329555,-0.003781042620636199,1.66382150259498e-5,0.18560705227203714,0.0,59.09090300662868,0.0,-24.74585872129599]
139.0,[-0.026848031388347876,-9.92382544570335e-5,-0.003781042620636199,1.6630933531408902e-5,0.18560705227203714,0.0,59.09082876899931,-7.580041077501246e-6,-24.747910580622555]
140.0,[-0.026848000283060183,-9.771151208077145e-5,-0.0037219638296887587,1.66382150259498e-5,0.18550154598423133,-5.882179325296843e-6,59.09081963206031,-7.580041077501246e-6,-24.748159290843958]
141.0,[-0.02684806249363557,-9.92382544570335e-5,-0.0037219638296887587,1.6630933531408902e-5,0.18549959216408676,0.0,59.09081506359081,0.0,-24.748221468399308]
142.0,[-0.026848031388347876,-9.92382544570335e-5,-0.003781042620636199,1.6630933531408902e-5,0.18549177688350854,0.0,59.09081506359081,-7.580041077501246e-6,-24.748283645954658]
143.0,[-0.026848031388347876,-9.92382544570335e-5,-0.0037219638296887587,1.66382150259498e-5,0.1854937307036531,0.0,59.09081734782556,-7.580041077501246e-6,-24.748283645954658]
144.0,[-0.026848000283060183,-0.00010076499683329555,-0.00384012141158364,1.66382150259498e-5,0.1854937307036531,5.882179325296843e-6,59.09081506359081,7.580041077501246e-6,-24.748283645954658]
145.0,[-0.026848031388347876,-0.00010076499683329555,-0.0038992002025310807,1.66382150259498e-5,0.1854937307036531,0.0,59.09081734782556,0.0,-24.748221468399308]
146.0,[-0.026848031388347876,-9.92382544570335e-5,-0.0037219638296887587,1.66382150259498e-5,0.18549177688350854,-5.882179325296843e-6,59.09081620570819,-7.580041077501246e-6,-24.748252557176983]
147.0,[-0.026848031388347876,-0.00010076499683329555,-0.0037219638296887587,1.6630933531408902e-5,0.18549177688350854,0.0,59.09081506359081,0.0,-24.748252557176983]
148.0,[-0.02684806249363557,-9.92382544570335e-5,-0.003781042620636199,1.6652778015031593e-5,0.1854937307036531,0.0,59.09081506359081,7.580041077501246e-6,-24.748252557176983]
149.0,[-0.02684806249363557,-0.00010076499683329555,-0.0037219638296887587,1.6630933531408902e-5,0.18549568452379767,5.882179325296843e-6,59.09081620570819,0.0,-24.748252557176983]
150.0,[-0.02684806249363557,-0.00010076499683329555,-0.003781042620636199,1.6630933531408902e-5,0.18549568452379767,5.882179325296843e-6,59.09081620570819,0.0,-24.748283645954658]
151.0,[-0.02684806249363557,-0.00010381848158581967,-0.003781042620636199,1.6630933531408902e-5,0.1854976383439422,0.0,59.09081620570819,0.0,-24.748283645954658]
152.0,[-0.02684806249363557,-9.92382544570335e-5,-0.003781042620636199,1.6630933531408902e-5,0.18549568452379767,0.0,59.09081620570819,-7.580041077501246e-6,-24.748252557176983]
153.0,[-0.026848000283060183,-9.92382544570335e-5,-0.0037219638296887587,1.6630933531408902e-5,0.1854937307036531,5.882179325296843e-6,59.09081620570819,0.0,-24.748283645954658]
154.0,[-0.026848031388347876,-0.00010076499683329555,-0.00384012141158364,1.6630933531408902e-5,0.18549568452379767,-1.1764358650593686e-5,59.09081506359081,0.0,-24.748221468399308]
155.0,[-0.02684806249363557,-0.00010076499683329555,-0.003781042620636199,1.6630933531408902e-5,0.1854937307036531,0.0,59.09081620570819,7.580041077501246e-6,-24.748252557176983]
156.0,[-0.02684806249363557,-0.00010076499683329555,-0.003781042620636199,1.66382150259498e-5,0.1854937307036531,-5.882179325296843e-6,59.09081506359081,0.0,-24.748221468399308]
157.0,[-0.027267486192899513,-5.9542952674220104e-5,-0.0021268364741078623,1.2473200148556678e-5,0.18590598675415365,-5.882179325296843e-6,59.06072826558355,0.0,-25.56722422747664]
158.0,[-0.027268948141421123,-5.648946792169599e-5,-0.002185915265055303,1.2422229686770397e-5,0.14195675642259367,0.0,59.05670458607174,0.0,-25.676781080004297]
159.0,[-0.02686526371773027,-9.92382544570335e-5,-0.0037219638296887587,1.643433317880468e-5,0.14113029050144804,5.882179325296843e-6,59.08566182999522,0.0,-24.88855621082548]
160.0,[-0.026863770663920965,-9.92382544570335e-5,-0.0037219638296887587,1.6478022146050063e-5,0.18349106505548698,0.0,59.089525613074535,0.0,-24.78338287595004]
161.0,[-0.026848809020540224,-0.00010076499683329555,-0.003781042620636199,1.6630933531408902e-5,0.18385252178222916,0.0,59.09061747728495,0.0,-24.75366200449248]
162.0,[-0.026848591283526367,-0.0001022917392095576,-0.00384012141158364,1.6623652036868007e-5,0.18540580879714824,0.0,59.09076595254369,0.0,-24.74958937461702]
163.0,[-0.02684806249363557,-9.92382544570335e-5,-0.003781042620636199,1.66382150259498e-5,0.18543511609931654,0.0,59.090808210886564,0.0,-24.74847017862071]
164.0,[-0.02684806249363557,-0.00010076499683329555,-0.003781042620636199,1.6630933531408902e-5,0.18549177688350854,0.0,59.09081620570819,0.0,-24.748314734732332]
165.0,[-0.02684806249363557,-0.00010076499683329555,-0.0037219638296887587,1.66382150259498e-5,0.1854937307036531,0.0,59.09081506359081,-7.580041077501246e-6,-24.748283645954658]
166.0,[-0.026848093598923265,-0.00010076499683329555,-0.003781042620636199,1.66382150259498e-5,0.18549568452379767,5.882179325296843e-6,59.09081620570819,-7.580041077501246e-6,-24.748221468399308]
167.0,[-0.027267517298187206,-5.648946792169599e-5,-0.0021268364741078623,1.246591865401578e-5,0.18590598675415365,0.0,59.060729407700926,0.0,-25.56722422747664]
168.0,[-0.027268948141421123,-5.801621029795805e-5,-0.0021268364741078623,1.2422229686770397e-5,0.14195675642259367,0.0,59.05670458607174,0.0,-25.67681216878197]
169.0,[-0.02686523261244258,-9.771151208077145e-5,-0.003662885038741318,1.643433317880468e-5,0.14112833668130348,-5.882179325296843e-6,59.08566182999522,0.0,-24.88855621082548]
170.0,[-0.026863770663920965,-9.92382544570335e-5,-0.0037219638296887587,1.6478022146050063e-5,0.18348911123534242,0.0,59.08952675519191,7.580041077501246e-6,-24.783413964727714]
171.0,[-0.026848809020540224,-9.771151208077145e-5,-0.003781042620636199,1.6630933531408902e-5,0.1838544756023737,0.0,59.09061405093283,0.0,-24.75372418204783]
172.0,[-0.02684862238881406,-0.00010076499683329555,-0.0037219638296887587,1.6630933531408902e-5,0.18540580879714824,5.882179325296843e-6,59.09076823677844,-7.580041077501246e-6,-24.749620463394695]
173.0,[-0.026848093598923265,-0.00010076499683329555,-0.003781042620636199,1.66382150259498e-5,0.18543316227917198,5.882179325296843e-6,59.09080935300394,0.0,-24.74847017862071]
174.0,[-0.02684806249363557,-0.0001022917392095576,-0.003781042620636199,1.6630933531408902e-5,0.185489823063364,-5.882179325296843e-6,59.09081392147344,0.0,-24.748314734732332]
175.0,[-0.02684806249363557,-9.92382544570335e-5,-0.003781042620636199,1.6630933531408902e-5,0.185489823063364,-5.882179325296843e-6,59.09081620570819,7.580041077501246e-6,-24.748283645954658]
176.0,[-0.026848031388347876,-0.00010076499683329555,-0.0037219638296887587,1.6630933531408902e-5,0.18549568452379767,0.0,59.09081506359081,0.0,-24.748283645954658]
177.0,[-0.026848031388347876,-9.92382544570335e-5,-0.003781042620636199,1.6630933531408902e-5,0.1854937307036531,-5.882179325296843e-6,59.09081620570819,0.0,-24.748252557176983]
178.0,[-0.029755255997366344,-0.00015878120713125362,-0.00573064272190174,-2.7625990288163477e-5,0.1900051014174244,5.882179325296843e-6,58.77257547824581,0.0,-33.41082956861443]
179.0,[-0.029740480985711762,-0.00015420098000246745,-0.00578972151284918,-2.814297640056717e-5,-0.2749318016406803,5.882179325296843e-6,58.72972780280868,-1.5160082155002492e-5,-34.577125063102216]
180.0,[-0.027027384477190643,-8.091734594188886e-5,-0.0030130183383194715,1.4533863103630548e-5,-0.2841088948596426,5.882179325296843e-6,59.03622756365698,7.580041077501246e-6,-26.23426504127725]
185.0,[-0.018566279645146667,-0.002264158943996626,-0.08720029543842235,6.97785621854166e-5,0.15884557775210395,0.0,59.48348986461084,0.0,-14.059557727086784]
186.0,[-0.015108678075673126,-0.00327791588183463,-0.12696032174604988,8.1705650243406e-5,0.08079241679738315,0.0,59.586426619376745,0.0,-11.257588372769979]
187.0,[-0.02341434978511091,-0.0005572609673356497,-0.02115020715918374,3.80094015034827e-5,0.14479174945233908,0.0,59.258815960970615,0.0,-20.17524880503303]
188.0,[-0.025316655864604003,-0.00019389628178528083,-0.007266691286535195,2.296583378198935e-5,0.16580508510699934,0.0,59.15122622001932,0.0,-23.10384275082121]
189.0,[-0.026317530706729177,-0.00016946840376508797,-0.006380509422323586,2.1553223841055322e-5,0.25506340459072774,0.0,59.132367577924796,0.0,-23.617211736572955]
190.0,[-0.027242353120442875,-5.9542952674220104e-5,-0.0022449940560027434,1.276445993019256e-5,0.23789127934025733,5.882179325296843e-6,59.067263461202785,7.580041077501246e-6,-25.38942750795177]
191.0,[-0.027647468387367643,-2.748136277271697e-5,-0.0010043394461064904,8.373718722031628e-6,0.14545409448134233,0.0,59.02776218967414,0.0,-26.46460179507333]
192.0,[-0.027677702727006072,-2.4427878020192862e-5,-0.0009452606551590498,7.99508100590498e-6,0.09931658558788374,0.0,59.02114247736916,0.0,-26.6447923504792]
193.0,[-0.027692166685783715,-2.5954620396454918e-5,-0.0009452606551590498,7.82032513692345e-6,0.09540113001820089,0.0,59.01959605044353,0.0,-26.686917644229194]
194.0,[-0.02769344200257916,-2.9008105148979026e-5,-0.0009452606551590498,7.805762147841658e-6,0.09362901514709193,0.0,59.019332221329925,0.0,-26.694068063094505]
195.0,[-0.02769390858189457,-2.748136277271697e-5,-0.0010634182370539312,7.805762147841658e-6,0.09346489425494953,0.0,59.01927168910906,0.0,-26.695715768311295]
196.0,[-0.027694126318908427,-2.9008105148979026e-5,-0.0010634182370539312,7.805762147841658e-6,0.0933965105498902,0.0,59.019261410052685,-7.580041077501246e-6,-26.696026656088048]
197.0,[-0.027694126318908427,-2.1374393267668755e-5,-0.0010634182370539312,7.79848065330076e-6,0.09339064908945655,0.0,59.01925912581793,0.0,-26.696088833643397]
198.0,[-0.02769415742419612,-2.5954620396454918e-5,-0.0009452606551590498,7.776636169678068e-6,0.09338674144916743,0.0,59.01925798370056,-7.580041077501246e-6,-26.696088833643397]
199.0,[-0.027694064108333038,-2.5954620396454918e-5,-0.0010043394461064904,7.79848065330076e-6,0.09338674144916743,0.0,59.01925798370056,-7.580041077501246e-6,-26.696088833643397]
200.0,[-0.027694033003045345,-2.5954620396454918e-5,-0.0009452606551590498,7.791199158759863e-6,0.093388695269312,5.882179325296843e-6,59.019256841583186,0.0,-26.696088833643397]
201.0,[-0.027694064108333038,-2.5954620396454918e-5,-0.0009452606551590498,7.79848065330076e-6,0.09338674144916743,0.0,59.019256841583186,0.0,-26.696057744865723]
202.0,[-0.027694064108333038,-2.4427878020192862e-5,-0.0008861818642116093,7.79848065330076e-6,0.09338674144916743,-5.882179325296843e-6,59.01925798370056,0.0,-26.696088833643397]
203.0,[-0.02730142206177351,-5.496272554543394e-5,-0.0020677576831604214,1.2036310476102853e-5,0.09295494719722137,0.0,59.04985873452653,7.580041077501246e-6,-25.863065035834516]
204.0,[-0.02688262046826344,-9.771151208077145e-5,-0.003544727456846437,1.6259577309823154e-5,0.137246096054078,0.0,59.084082281665715,0.0,-24.931583079128053]
205.0,[-0.026865201507154882,-9.771151208077145e-5,-0.0037219638296887587,1.646345915696827e-5,0.18167205850090876,0.0,59.089262926078305,-7.580041077501246e-6,-24.7905954723707]
206.0,[-0.02726885482555804,-5.648946792169599e-5,-0.0021268364741078623,1.2451355664933987e-5,0.18412605660246648,0.0,59.06046900493945,-7.580041077501246e-6,-25.57434355756428]
207.0,[-0.027269570247175,-5.496272554543394e-5,-0.0021268364741078623,1.2407666697688604e-5,0.14179849699088493,0.0,59.056645195968244,0.0,-25.678397696443408]
208.0,[-0.02686532592830566,-9.771151208077145e-5,-0.003662885038741318,1.643433317880468e-5,0.1410619067963887,0.0,59.08565155093884,0.0,-24.888804921046884]
209.0,[-0.026863770663920965,-9.92382544570335e-5,-0.003662885038741318,1.647074065150917e-5,0.18348324977490876,5.882179325296843e-6,59.089524470957166,7.580041077501246e-6,-24.78344505350539]
210.0,[-0.026848777915252527,-0.00010076499683329555,-0.0037219638296887587,1.6623652036868007e-5,0.1838505679620846,0.0,59.09061747728495,0.0,-24.753693093270154]
211.0,[-0.02684862238881406,-0.00010076499683329555,-0.003781042620636199,1.6630933531408902e-5,0.1854077626172928,0.0,59.09076709466107,0.0,-24.74958937461702]
212.0,[-0.02684806249363557,-0.0001022917392095576,-0.00384012141158364,1.6623652036868007e-5,0.18543120845902744,0.0,59.09080706876919,-7.580041077501246e-6,-24.748439089843036]
213.0,[-0.02684806249363557,-0.00010076499683329555,-0.0037219638296887587,1.6630933531408902e-5,0.185489823063364,0.0,59.09081506359081,-7.580041077501246e-6,-24.748345823510007]
214.0,[-0.026848031388347876,-0.00010076499683329555,-0.00384012141158364,1.66382150259498e-5,0.18549177688350854,0.0,59.09081506359081,0.0,-24.748252557176983]
215.0,[-0.026848031388347876,-0.00010076499683329555,-0.00384012141158364,1.6645496520490698e-5,0.1854976383439422,5.882179325296843e-6,59.09081392147344,0.0,-24.748252557176983]
216.0,[-0.02684806249363557,-0.00010076499683329555,-0.00384012141158364,1.6630933531408902e-5,0.18549568452379767,5.882179325296843e-6,59.09081620570819,-7.580041077501246e-6,-24.748221468399308]
217.0,[-0.02684806249363557,-9.92382544570335e-5,-0.003781042620636199,1.6630933531408902e-5,0.1854937307036531,5.882179325296843e-6,59.09081506359081,0.0,-24.748252557176983]
218.0,[-0.027267517298187206,-5.9542952674220104e-5,-0.0021268364741078623,1.2473200148556678e-5,0.18590598675415365,5.882179325296843e-6,59.060729407700926,0.0,-25.567255316254318]
219.0,[-0.027268948141421123,-5.648946792169599e-5,-0.002185915265055303,1.2422229686770397e-5,0.1419548026024491,0.0,59.05670458607174,0.0,-25.676781080004297]
220.0,[-0.026865201507154882,-9.771151208077145e-5,-0.003662885038741318,1.644161467334558e-5,0.14113029050144804,0.0,59.085662972112594,0.0,-24.88855621082548]
221.0,[-0.026863739558633273,-9.92382544570335e-5,-0.0037219638296887587,1.648530364059096e-5,0.18348911123534242,-5.882179325296843e-6,59.08952675519191,-7.580041077501246e-6,-24.78338287595004]
223.0,[-0.025944360570266,-0.00022595787168678397,-0.00856642468737889,2.4713392471804647e-5,0.18303973260209538,-5.882179325296843e-6,59.14927776777772,7.580041077501246e-6,-23.1569112943129]
224.0,[-0.0264029769320242,-0.00015878120713125362,-0.005907879094744061,2.0803229903342922e-5,0.27069591956729083,0.0,59.12818514409788,-1.5160082155002492e-5,-23.73112101797515]
225.0,[-0.027237438484987248,-5.9542952674220104e-5,-0.002304072846950184,1.281543039197884e-5,0.2298474018051354,-5.882179325296843e-6,59.066920825990316,0.0,-25.398723052476672]
226.0,[-0.026834127324748724,-0.0001022917392095576,-0.00384012141158364,1.6754718938604154e-5,0.145106314495612,5.882179325296843e-6,59.08821788868027,0.0,-24.818948437610548]
227.0,[-0.026862215399536274,-9.92382544570335e-5,-0.0037219638296887587,1.648530364059096e-5,0.18672659121486562,0.0,59.08992192780363,0.0,-24.77259507009672]
228.0,[-0.026847689230183245,-0.00010076499683329555,-0.003781042620636199,1.6630933531408902e-5,0.18402836559523886,0.0,59.09071455726182,-7.580041077501246e-6,-24.751112724723107]
229.0,[-0.02684856017823867,-0.00010076499683329555,-0.00384012141158364,1.6630933531408902e-5,0.18552499182596593,-5.882179325296843e-6,59.09078308430431,7.580041077501246e-6,-24.749216309284915]
230.0,[-0.02684806249363557,-0.00010076499683329555,-0.0038992002025310807,1.6630933531408902e-5,0.18544293137989473,0.0,59.09081049512131,-7.580041077501246e-6,-24.748376912287686]
231.0,[-0.02684806249363557,-0.00010076499683329555,-0.00384012141158364,1.66382150259498e-5,0.18549568452379767,0.0,59.09081392147344,7.580041077501246e-6,-24.748252557176983]
232.0,[-0.02684806249363557,-9.92382544570335e-5,-0.003781042620636199,1.6630933531408902e-5,0.18549568452379767,0.0,59.09081506359081,0.0,-24.748283645954658]
233.0,[-0.02684806249363557,-9.92382544570335e-5,-0.003781042620636199,1.6645496520490698e-5,0.1854937307036531,-5.882179325296843e-6,59.09081506359081,7.580041077501246e-6,-24.748283645954658]
234.0,[-0.02684806249363557,-0.0001022917392095576,-0.003781042620636199,1.66382150259498e-5,0.1854937307036531,-5.882179325296843e-6,59.09081620570819,7.580041077501246e-6,-24.748283645954658]
235.0,[-0.026848031388347876,-0.0001022917392095576,-0.003781042620636199,1.6630933531408902e-5,0.18549568452379767,5.882179325296843e-6,59.09081620570819,0.0,-24.748283645954658]
236.0,[-0.02684806249363557,-0.00010076499683329555,-0.003781042620636199,1.6630933531408902e-5,0.1854937307036531,5.882179325296843e-6,59.09081620570819,0.0,-24.748283645954658]
237.0,[-0.02684806249363557,-9.92382544570335e-5,-0.00384012141158364,1.6630933531408902e-5,0.1854937307036531,0.0,59.09081620570819,7.580041077501246e-6,-24.748221468399308]
238.0,[-0.026848093598923265,-0.00010381848158581967,-0.0038992002025310807,1.66382150259498e-5,0.1854937307036531,5.882179325296843e-6,59.09081620570819,0.0,-24.748283645954658]
239.0,[-0.02684806249363557,-0.00010076499683329555,-0.003781042620636199,1.6623652036868007e-5,0.18549568452379767,0.0,59.09081734782556,7.580041077501246e-6,-24.748252557176983]
240.0,[-0.026848031388347876,-9.92382544570335e-5,-0.003781042620636199,1.6630933531408902e-5,0.1854937307036531,0.0,59.09081620570819,0.0,-24.748252557176983]
241.0,[-0.026848000283060183,-0.00010076499683329555,-0.0037219638296887587,1.6630933531408902e-5,0.18549568452379767,5.882179325296843e-6,59.09081620570819,-7.580041077501246e-6,-24.748283645954658]
242.0,[-0.026848031388347876,-9.92382544570335e-5,-0.003781042620636199,1.6630933531408902e-5,0.1854937307036531,0.0,59.09081620570819,0.0,-24.748283645954658]
243.0,[-0.026848093598923265,-9.771151208077145e-5,-0.003781042620636199,1.66382150259498e-5,0.1854937307036531,0.0,59.09081620570819,0.0,-24.748221468399308]
244.0,[-0.026848031388347876,-9.92382544570335e-5,-0.003781042620636199,1.6623652036868007e-5,0.1854937307036531,0.0,59.09081620570819,-7.580041077501246e-6,-24.748252557176983]
245.0,[-0.026848031388347876,-0.0001022917392095576,-0.0037219638296887587,1.66382150259498e-5,0.18549568452379767,0.0,59.09081620570819,0.0,-24.748252557176983]
246.0,[-0.026848000283060183,-0.00010076499683329555,-0.0037219638296887587,1.6645496520490698e-5,0.18549568452379767,5.882179325296843e-6,59.09081506359081,7.580041077501246e-6,-24.748252557176983]
247.0,[-0.026848031388347876,-0.0001022917392095576,-0.003781042620636199,1.6630933531408902e-5,0.1854937307036531,0.0,59.09081734782556,0.0,-24.748221468399308]
248.0,[-0.02684806249363557,-0.00010076499683329555,-0.0037219638296887587,1.6630933531408902e-5,0.1854937307036531,0.0,59.09081506359081,-7.580041077501246e-6,-24.748221468399308]
249.0,[-0.026848031388347876,-9.92382544570335e-5,-0.0037219638296887587,1.66382150259498e-5,0.18549568452379767,0.0,59.09081506359081,0.0,-24.748252557176983]
250.0,[-0.026848031388347876,-0.0001022917392095576,-0.003781042620636199,1.6630933531408902e-5,0.18549568452379767,0.0,59.09081734782556,0.0,-24.748252557176983]
251.0,[-0.02684806249363557,-0.00010076499683329555,-0.0037219638296887587,1.66382150259498e-5,0.18549568452379767,0.0,59.09081506359081,0.0,-24.748283645954658]
252.0,[-0.026848031388347876,-0.00010076499683329555,-0.003781042620636199,1.6623652036868007e-5,0.18549568452379767,0.0,59.09081620570819,0.0,-24.748252557176983]
253.0,[-0.02684806249363557,-0.00010076499683329555,-0.003781042620636199,1.6630933531408902e-5,0.18549568452379767,0.0,59.09081506359081,0.0,-24.748252557176983]
254.0,[-0.02684806249363557,-0.0001022917392095576,-0.00384012141158364,1.6630933531408902e-5,0.18549568452379767,0.0,59.09081506359081,0.0,-24.748252557176983]
255.0,[-0.026848000283060183,-9.92382544570335e-5,-0.003781042620636199,1.6630933531408902e-5,0.1854937307036531,0.0,59.09081620570819,0.0,-24.748283645954658]
256.0,[-0.02684806249363557,-0.00010076499683329555,-0.00384012141158364,1.66382150259498e-5,0.18549177688350854,5.882179325296843e-6,59.09081620570819,-7.580041077501246e-6,-24.748283645954658]
257.0,[-0.026848031388347876,-9.92382544570335e-5,-0.003781042620636199,1.66382150259498e-5,0.18549177688350854,0.0,59.09081506359081,0.0,-24.748221468399308]
258.0,[-0.02684806249363557,-9.92382544570335e-5,-0.0037219638296887587,1.6645496520490698e-5,0.1854937307036531,5.882179325296843e-6,59.09081734782556,0.0,-24.748221468399308]
259.0,[-0.026848093598923265,-0.00010076499683329555,-0.0037219638296887587,1.6630933531408902e-5,0.18549177688350854,-5.882179325296843e-6,59.09081506359081,7.580041077501246e-6,-24.748314734732332]
260.0,[-0.026848031388347876,-9.771151208077145e-5,-0.003781042620636199,1.66382150259498e-5,0.18549568452379767,5.882179325296843e-6,59.09081506359081,-1.5160082155002492e-5,-24.748283645954658]
261.0,[-0.027267517298187206,-5.9542952674220104e-5,-0.002185915265055303,1.2458637159474883e-5,0.18590598675415365,0.0,59.060729407700926,-1.5160082155002492e-5,-25.567286405031993]
262.0,[-0.027268948141421123,-5.801621029795805e-5,-0.002185915265055303,1.2422229686770397e-5,0.1419548026024491,5.882179325296843e-6,59.05670687030649,-1.5160082155002492e-5,-25.67681216878197]
263.0,[-0.02686526371773027,-9.61847697045094e-5,-0.003781042620636199,1.6427051684263786e-5,0.14112833668130348,5.882179325296843e-6,59.085662972112594,-1.5160082155002492e-5,-24.888525122047806]
264.0,[-0.02686380176920866,-9.771151208077145e-5,-0.0037219638296887587,1.649258513513186e-5,0.18349497269577608,-5.882179325296843e-6,59.089524470957166,0.0,-24.78338287595004]
265.0,[-0.026848777915252527,-9.92382544570335e-5,-0.003781042620636199,1.661637054232711e-5,0.18385252178222916,0.0,59.090615193050205,1.5160082155002492e-5,-24.753693093270154]
266.0,[-0.02684862238881406,-0.00010076499683329555,-0.0037219638296887587,1.661637054232711e-5,0.1854077626172928,5.882179325296843e-6,59.09076823677844,-7.580041077501246e-6,-24.74965155217237]
267.0,[-0.026847969177772487,-9.92382544570335e-5,-0.003781042620636199,1.66382150259498e-5,0.18543120845902744,-5.882179325296843e-6,59.09080935300394,-7.580041077501246e-6,-24.74847017862071]
268.0,[-0.026848093598923265,-0.00010076499683329555,-0.0037219638296887587,1.66382150259498e-5,0.18549177688350854,0.0,59.09081620570819,7.580041077501246e-6,-24.748314734732332]
269.0,[-0.026848000283060183,-0.00010534522396208172,-0.0038992002025310807,1.6630933531408902e-5,0.18549177688350854,-1.1764358650593686e-5,59.09081392147344,-1.5160082155002492e-5,-24.748283645954658]
270.0,[-0.026848000283060183,-9.771151208077145e-5,-0.003781042620636199,1.6630933531408902e-5,0.18549177688350854,0.0,59.09081620570819,0.0,-24.748283645954658]
271.0,[-0.026848093598923265,-9.92382544570335e-5,-0.003781042620636199,1.6623652036868007e-5,0.185489823063364,0.0,59.09081392147344,7.580041077501246e-6,-24.748252557176983]
272.0,[-0.02726757950876259,-5.801621029795805e-5,-0.002185915265055303,1.2473200148556678e-5,0.18590598675415365,0.0,59.0607305498183,-7.580041077501246e-6,-25.567193138698965]
273.0,[-0.027268948141421123,-5.648946792169599e-5,-0.0021268364741078623,1.2414948192229501e-5,0.1419548026024491,-5.882179325296843e-6,59.05670458607174,0.0,-25.67674999122662]
274.0,[-0.02686517040186719,-9.92382544570335e-5,-0.003662885038741318,1.643433317880468e-5,0.14112833668130348,0.0,59.085662972112594,0.0,-24.888525122047806]
275.0,[-0.026863770663920965,-0.00010076499683329555,-0.003781042620636199,1.647074065150917e-5,0.18348911123534242,1.1764358650593686e-5,59.08952332883979,0.0,-24.783351787172364]
276.0,[-0.026406989514136704,-0.00015420098000246745,-0.005848800303796621,2.0708570474311262e-5,0.18344612719216227,0.0,59.12020745423413,-7.580041077501246e-6,-23.948213952481563]
277.0,[-0.026404749933422747,-0.00015725446475499155,-0.005907879094744061,2.0744977947015747e-5,0.22821400816428966,5.882179325296843e-6,59.12430765561005,0.0,-23.836667418182692]
278.0,[-0.026831079006554726,-0.00010076499683329555,-0.003662885038741318,1.683481537855402e-5,0.22904633554586895,-1.1764358650593686e-5,59.09587350144429,0.0,-24.610653627186235]
279.0,[-0.027252835602395706,-5.9542952674220104e-5,-0.002304072846950184,1.2626111533915515e-5,0.18787739128000694,0.0,59.0620142897477,-7.580041077501246e-6,-25.532342618924986]
280.0,[-0.027268263825091857,-5.9542952674220104e-5,-0.0022449940560027434,1.2429511181311296e-5,0.14359015006343942,-5.882179325296843e-6,59.056902172377605,0.0,-25.67134054391112]
281.0,[-0.026864641611976395,-0.00010076499683329555,-0.0037219638296887587,1.644161467334558e-5,0.14121821240795288,-1.1764358650593686e-5,59.085710941042336,7.580041077501246e-6,-24.88718830460777]
282.0,[-0.026863770663920965,-9.465802732824735e-5,-0.0037219638296887587,1.649258513513186e-5,0.18355163347996808,-5.882179325296843e-6,59.08953246577879,0.0,-24.78316525450631]
283.0,[-0.026848809020540224,-9.771151208077145e-5,-0.0037219638296887587,1.6623652036868007e-5,0.18385838324266282,0.0,59.09061861940233,0.0,-24.753630915714805]
284.0,[-0.026848653494101753,-0.0001022917392095576,-0.0037219638296887587,1.6630933531408902e-5,0.1854077626172928,-5.882179325296843e-6,59.09076595254369,7.580041077501246e-6,-24.749620463394695]
285.0,[-0.02684806249363557,-0.00010076499683329555,-0.00384012141158364,1.6630933531408902e-5,0.18543316227917198,0.0,59.090808210886564,7.580041077501246e-6,-24.74847017862071]
286.0,[-0.02684806249363557,-9.92382544570335e-5,-0.0037219638296887587,1.66382150259498e-5,0.1854937307036531,0.0,59.09081392147344,-7.580041077501246e-6,-24.748314734732332]
287.0,[-0.026848031388347876,-9.92382544570335e-5,-0.00384012141158364,1.6645496520490698e-5,0.185489823063364,0.0,59.09081506359081,0.0,-24.748252557176983]
288.0,[-0.026406087460793582,-0.00015725446475499155,-0.005966957885691502,2.0715851968852157e-5,0.18507365937257436,-5.882179325296843e-6,59.12040389842261,-7.580041077501246e-6,-23.94277341638839]
289.0,[-0.026404252248819645,-0.0001557277223787295,-0.005907879094744061,2.0752259441556645e-5,0.22830583771108362,5.882179325296843e-6,59.124354482422426,7.580041077501246e-6,-23.835392778298008]
290.0,[-0.026831079006554726,-0.00010381848158581967,-0.00384012141158364,1.683481537855402e-5,0.22910690397035008,-1.764653797589053e-5,59.09588149626591,-7.580041077501246e-6,-24.610280561854132]
291.0,[-0.02683257206036403,-9.92382544570335e-5,-0.0038992002025310807,1.679112641130864e-5,0.18745536612878363,0.0,59.09208624022909,-1.5160082155002492e-5,-24.71377510273511]
292.0,[-0.026847222650867836,-0.0001022917392095576,-0.003781042620636199,1.666005950957249e-5,0.18709390940204146,0.0,59.09101264989667,-1.5160082155002492e-5,-24.74287419863916]
293.0,[-0.026847440387881692,-0.0001022917392095576,-0.003781042620636199,1.6630933531408902e-5,0.1855836064303025,5.882179325296843e-6,59.09086303252056,0.0,-24.746915739736945]
294.0,[-0.026848000283060183,-0.00010076499683329555,-0.00384012141158364,1.661637054232711e-5,0.18555429912813423,0.0,59.09082305841244,0.0,-24.74809711328861]
295.0,[-0.026848000283060183,-0.00010076499683329555,-0.00384012141158364,1.661637054232711e-5,0.18549568452379767,5.882179325296843e-6,59.09081848994294,7.580041077501246e-6,-24.748221468399308]
296.0,[-0.02684806249363557,-0.00010076499683329555,-0.003781042620636199,1.660908904778621e-5,0.1854937307036531,0.0,59.09081620570819,7.580041077501246e-6,-24.748252557176983]
297.0,[-0.026848031388347876,-9.771151208077145e-5,-0.0037219638296887587,1.66382150259498e-5,0.18549177688350854,5.882179325296843e-6,59.090812779356064,-7.580041077501246e-6,-24.748221468399308]
298.0,[-0.026848031388347876,-0.0001022917392095576,-0.0038992002025310807,1.6630933531408902e-5,0.1854937307036531,1.1764358650593686e-5,59.09081620570819,0.0,-24.748221468399308]
299.0,[-0.026848093598923265,-0.00010076499683329555,-0.003781042620636199,1.6623652036868007e-5,0.1854937307036531,-5.882179325296843e-6,59.090812779356064,7.580041077501246e-6,-24.748252557176983]
300.0,[-0.02684806249363557,-0.00010076499683329555,-0.0037219638296887587,1.66382150259498e-5,0.1854937307036531,0.0,59.09081620570819,0.0,-24.748190379621633]
301.0,[-0.026848031388347876,-0.00010076499683329555,-0.0037219638296887587,1.6630933531408902e-5,0.18549959216408676,0.0,59.09081734782556,7.580041077501246e-6,-24.748283645954658]
302.0,[-0.026848093598923265,-9.771151208077145e-5,-0.00384012141158364,1.6652778015031593e-5,0.18549568452379767,-5.882179325296843e-6,59.09081734782556,7.580041077501246e-6,-24.748314734732332]
303.0,[-0.026848093598923265,-0.00010076499683329555,-0.0037219638296887587,1.661637054232711e-5,0.18549568452379767,1.1764358650593686e-5,59.09081848994294,0.0,-24.748345823510007]
304.0,[-0.02684806249363557,-0.00010381848158581967,-0.00384012141158364,1.66382150259498e-5,0.185489823063364,0.0,59.09081734782556,-7.580041077501246e-6,-24.748221468399308]
305.0,[-0.026848124704210958,-0.0001022917392095576,-0.003781042620636199,1.66382150259498e-5,0.18549177688350854,0.0,59.09081392147344,-2.274012323250374e-5,-24.748314734732332]
306.0,[-0.02684806249363557,-9.771151208077145e-5,-0.00384012141158364,1.6645496520490698e-5,0.18549568452379767,0.0,59.09081620570819,7.580041077501246e-6,-24.748190379621633]
307.0,[-0.026848093598923265,-9.92382544570335e-5,-0.0037219638296887587,1.6623652036868007e-5,0.1854937307036531,5.882179325296843e-6,59.09081506359081,-2.274012323250374e-5,-24.748221468399308]
308.0,[-0.026848031388347876,-9.92382544570335e-5,-0.00384012141158364,1.6630933531408902e-5,0.18549568452379767,-5.882179325296843e-6,59.09081620570819,1.5160082155002492e-5,-24.748314734732332]
309.0,[-0.02684806249363557,-0.00010381848158581967,-0.0037219638296887587,1.6630933531408902e-5,0.18549568452379767,-5.882179325296843e-6,59.09081506359081,7.580041077501246e-6,-24.748252557176983]
310.0,[-0.026848031388347876,-0.00010076499683329555,-0.00384012141158364,1.661637054232711e-5,0.185489823063364,5.882179325296843e-6,59.09081620570819,7.580041077501246e-6,-24.748221468399308]
311.0,[-0.026848093598923265,-0.00010076499683329555,-0.003781042620636199,1.661637054232711e-5,0.18549177688350854,-5.882179325296843e-6,59.09081620570819,1.5160082155002492e-5,-24.748345823510007]
312.0,[-0.026848093598923265,-0.00010076499683329555,-0.003662885038741318,1.66382150259498e-5,0.1854937307036531,-5.882179325296843e-6,59.09081392147344,-7.580041077501246e-6,-24.748190379621633]
313.0,[-0.026406087460793582,-0.00015725446475499155,-0.005848800303796621,2.0715851968852157e-5,0.18507756701286346,0.0,59.120409609009485,0.0,-23.942804505166066]
314.0,[-0.026404158932956563,-0.0001557277223787295,-0.005848800303796621,2.078138541972023e-5,0.22830388389093909,0.0,59.1243556245398,1.5160082155002492e-5,-23.835392778298008]
315.0,[-0.026831016795979337,-0.00010381848158581967,-0.003781042620636199,1.681297089493133e-5,0.22910299633006098,-5.882179325296843e-6,59.09588263838329,0.0,-24.610373828187157]
316.0,[-0.026832603165651725,-0.00010687196633834378,-0.00384012141158364,1.679112641130864e-5,0.1874534123086391,0.0,59.092082813876964,0.0,-24.71377510273511]
317.0,[-0.026847222650867836,-9.92382544570335e-5,-0.003781042620636199,1.66382150259498e-5,0.18709000176175236,-5.882179325296843e-6,59.0910115077793,1.5160082155002492e-5,-24.74287419863916]
318.0,[-0.0264054964603274,-0.00016030794950751566,-0.005907879094744061,2.0730414957933953e-5,0.18515962745893466,0.0,59.12045529370448,7.580041077501246e-6,-23.941560954059057]
319.0,[-0.026846320597524714,-0.0001022917392095576,-0.0037219638296887587,1.6674622498654284e-5,0.2287786621860653,5.882179325296843e-6,59.0947804951165,2.274012323250374e-5,-24.640498853754494]
320.0,[-0.027253084444697255,-5.648946792169599e-5,-0.0022449940560027434,1.2611548544833722e-5,0.18631042752407598,-5.882179325296843e-6,59.061860103902085,0.0,-25.536384160022774]
321.0,[-0.026849555547444875,-0.00010076499683329555,-0.0037219638296887587,1.6601807553245316e-5,0.14313881761004782,0.0,59.086954706863615,0.0,-24.85339480327475]
322.0,[-0.026863055242304007,-9.92382544570335e-5,-0.003781042620636199,1.6499866629672754e-5,0.18512836633662183,-5.882179325296843e-6,59.08972548361515,-7.580041077501246e-6,-24.777942339856867]
323.0,[-0.026848186914786347,-9.771151208077145e-5,-0.0037219638296887587,1.6630933531408902e-5,0.18394239750887856,-5.882179325296843e-6,59.0906654462147,0.0,-24.75241845338547]
324.0,[-0.026848529072950978,-9.92382544570335e-5,-0.003781042620636199,1.6623652036868007e-5,0.18546833104177393,0.0,59.09077508948269,0.0,-24.749402841950968]
325.0,[-0.026848093598923265,-0.00010076499683329555,-0.003781042620636199,1.6645496520490698e-5,0.18543511609931654,-5.882179325296843e-6,59.09081049512131,7.580041077501246e-6,-24.748439089843036]
326.0,[-0.026848031388347876,-9.771151208077145e-5,-0.0038992002025310807,1.66382150259498e-5,0.18548786924321944,0.0,59.09081392147344,0.0,-24.748314734732332]
327.0,[-0.026848031388347876,-0.00010076499683329555,-0.003781042620636199,1.6630933531408902e-5,0.185489823063364,0.0,59.09081392147344,-7.580041077501246e-6,-24.748190379621633]
328.0,[-0.026848000283060183,-0.00010076499683329555,-0.003781042620636199,1.6645496520490698e-5,0.18549568452379767,5.882179325296843e-6,59.09081620570819,-7.580041077501246e-6,-24.748190379621633]
329.0,[-0.02640611856608128,-0.0001557277223787295,-0.005848800303796621,2.0708570474311262e-5,0.18508147465315256,-1.1764358650593686e-5,59.12040732477474,2.274012323250374e-5,-23.942804505166066]
330.0,[-0.026404221143531952,-0.00015420098000246745,-0.005848800303796621,2.075954093609754e-5,0.22830779153122818,-5.882179325296843e-6,59.12435676665718,1.5160082155002492e-5,-23.835268423187305]
331.0,[-0.026831141217130112,-0.00010076499683329555,-0.003958278993478521,1.681297089493133e-5,0.22910299633006098,-5.882179325296843e-6,59.09588263838329,-7.580041077501246e-6,-24.610342739409482]
332.0,[-0.026832478744500947,-0.00010076499683329555,-0.003781042620636199,1.678384491676774e-5,0.18745145848849454,0.0,59.09208509811171,0.0,-24.71374401395743]
333.0,[-0.026847284861443225,-0.00010076499683329555,-0.003781042620636199,1.6630933531408902e-5,0.18709586322218602,1.1764358650593686e-5,59.09101036566192,1.5160082155002492e-5,-24.74293637619451]
334.0,[-0.026847409282594,-0.00010076499683329555,-0.0037219638296887587,1.6630933531408902e-5,0.18558165261015797,5.882179325296843e-6,59.090864174637936,0.0,-24.746915739736945]
335.0,[-0.026847969177772487,-0.00010534522396208172,-0.003781042620636199,1.6623652036868007e-5,0.18554843766770057,-1.1764358650593686e-5,59.09082420052981,7.580041077501246e-6,-24.74806602451093]
336.0,[-0.02684806249363557,-0.0001022917392095576,-0.003781042620636199,1.6630933531408902e-5,0.1854976383439422,0.0,59.09081963206031,7.580041077501246e-6,-24.748190379621633]
337.0,[-0.02684806249363557,-9.92382544570335e-5,-0.0037219638296887587,1.6623652036868007e-5,0.18549959216408676,-5.882179325296843e-6,59.09081620570819,0.0,-24.748221468399308]
338.0,[-0.026848000283060183,-0.00010076499683329555,-0.0037219638296887587,1.6630933531408902e-5,0.18549177688350854,0.0,59.09081734782556,7.580041077501246e-6,-24.748283645954658]
339.0,[-0.02684806249363557,-9.771151208077145e-5,-0.003662885038741318,1.66382150259498e-5,0.18549177688350854,0.0,59.09081734782556,0.0,-24.748190379621633]
340.0,[-0.026848000283060183,-0.0001022917392095576,-0.00384012141158364,1.66382150259498e-5,0.1854937307036531,1.1764358650593686e-5,59.09081506359081,0.0,-24.748190379621633]
341.0,[-0.026848031388347876,-0.00010076499683329555,-0.0037219638296887587,1.661637054232711e-5,0.1854937307036531,-5.882179325296843e-6,59.09081734782556,-7.580041077501246e-6,-24.748283645954658]
342.0,[-0.026848031388347876,-0.00010076499683329555,-0.003781042620636199,1.6630933531408902e-5,0.18549177688350854,5.882179325296843e-6,59.09081620570819,0.0,-24.748252557176983]
343.0,[-0.02684806249363557,-9.771151208077145e-5,-0.0036038062477938776,1.661637054232711e-5,0.1854937307036531,0.0,59.09081734782556,0.0,-24.748283645954658]
344.0,[-0.026847969177772487,-0.0001022917392095576,-0.003781042620636199,1.661637054232711e-5,0.1854976383439422,1.1764358650593686e-5,59.09081734782556,0.0,-24.748252557176983]
345.0,[-0.0272675484034749,-5.9542952674220104e-5,-0.0022449940560027434,1.2451355664933987e-5,0.18590598675415365,-1.1764358650593686e-5,59.06072826558355,-7.580041077501246e-6,-25.56722422747664]
346.0,[-0.027268948141421123,-5.801621029795805e-5,-0.0021268364741078623,1.2422229686770397e-5,0.1419548026024491,0.0,59.056705728189115,0.0,-25.676781080004297]
347.0,[-0.02686526371773027,-9.92382544570335e-5,-0.003662885038741318,1.644161467334558e-5,0.14113029050144804,-5.882179325296843e-6,59.08566182999522,0.0,-24.88855621082548]
348.0,[-0.026863770663920965,-0.00010076499683329555,-0.003662885038741318,1.6478022146050063e-5,0.18349301887563152,-5.882179325296843e-6,59.08952675519191,7.580041077501246e-6,-24.783413964727714]
349.0,[-0.027268170509228775,-5.801621029795805e-5,-0.0020677576831604214,1.2458637159474883e-5,0.18428431603417522,-5.882179325296843e-6,59.060528395042944,7.580041077501246e-6,-25.57269585234749]
350.0,[-0.026850302074349526,-0.0001022917392095576,-0.003781042620636199,1.658724456416352e-5,0.14145267082529916,-5.882179325296843e-6,59.086744557266634,-7.580041077501246e-6,-24.859021872033974]
351.0,[-0.02642244884212055,-0.0001557277223787295,-0.00578972151284918,2.0577503572575115e-5,0.18462232691918276,1.1764358650593686e-5,59.119283481277826,0.0,-23.973333684843183]
352.0,[-0.02684660054511396,-9.771151208077145e-5,-0.00384012141158364,1.666005950957249e-5,0.22713354562435223,5.882179325296843e-6,59.09461146174501,0.0,-24.64494454896206]
353.0,[-0.027253613234588053,-6.106969505048216e-5,-0.0021268364741078623,1.2626111533915515e-5,0.18627525876147405,1.1764358650593686e-5,59.06181670344184,0.0,-25.53753444479676]
354.0,[-0.026849555547444875,-0.0001022917392095576,-0.00384012141158364,1.6601807553245316e-5,0.1430782491855667,5.882179325296843e-6,59.08694785415936,0.0,-24.8535813359408]
355.0,[-0.026421795631078982,-0.00014809401049741924,-0.005671563930954299,2.0570222078034217e-5,0.18471024882568762,5.882179325296843e-6,59.11933145020757,7.580041077501246e-6,-23.9720590449585]
356.0,[-0.02684660054511396,-9.771151208077145e-5,-0.003781042620636199,1.6681903993195183e-5,0.22719216022868882,1.1764358650593686e-5,59.09462059868401,7.580041077501246e-6,-24.644695838740656]
357.0,[-0.0268332252714056,-0.00010076499683329555,-0.00384012141158364,1.6769281927685947e-5,0.18585127979010618,5.882179325296843e-6,59.091889796040604,7.580041077501246e-6,-24.71902910616223]
358.0,[-0.025943302990484408,-0.00022290438693425987,-0.00856642468737889,2.4742518449968237e-5,0.18619710595569194,0.0,59.14962268722494,-7.580041077501246e-6,-23.147553572232642]
359.0,[-0.02684420543796153,-0.00010534522396208172,-0.0038992002025310807,1.6732874454981463e-5,0.2712117280854527,5.882179325296843e-6,59.09869110500819,-1.5160082155002492e-5,-24.53377107999529]
360.0,[-0.027635803904482448,-2.748136277271697e-5,-0.0012997334008436935,8.533911601931363e-6,0.1871662007473899,0.0,59.03245400785027,-7.580041077501246e-6,-26.336982362716345]
361.0,[-0.026409540147727603,-0.0001557277223787295,-0.005848800303796621,2.063575552890229e-5,0.09969953433621599,0.0,59.112628363334224,-7.580041077501246e-6,-24.154519081134662]
362.0,[-0.02597447048875365,-0.00022443112931052193,-0.008389188314536567,2.4494947635577735e-5,0.22716871438695418,0.0,59.15129588917919,-7.580041077501246e-6,-23.102039601716044]
363.0,[-0.026829865900334666,-0.00010534522396208172,-0.0038992002025310807,1.6856659862176712e-5,0.2685643017895843,1.764653797589053e-5,59.099473455410006,-7.580041077501246e-6,-24.512692888731458]
364.0,[-0.026818481365038713,-0.00010534522396208172,-0.0037219638296887587,1.693675630212658e-5,0.18778946937350208,0.0,59.093098156223256,7.580041077501246e-6,-24.68613717938179]
365.0,[-0.026405154302162767,-0.0001557277223787295,-0.00578972151284918,2.0737696452474848e-5,0.18812357261822055,-1.764653797589053e-5,59.120741965165585,-7.580041077501246e-6,-23.933695493307212]
378.0,[-0.026403008037311892,-0.00014962075287368128,-0.00578972151284918,2.0744977947015747e-5,0.22841329781903402,0.0,59.124437856990795,0.0,-23.83306111997236]
379.0,[-0.026388077499218843,-0.00016336143426003976,-0.005553406349059418,2.0890607837833687e-5,0.22878843128678805,2.3528717301187373e-5,59.12546347839346,-7.580041077501246e-6,-23.805205575175318]
380.0,[-0.0272513425485864,-5.801621029795805e-5,-0.002304072846950184,1.2669800501160898e-5,0.2310822161364925,0.0,59.06597515280389,-1.5160082155002492e-5,-25.424526737947147]
381.0,[-0.027253799866314214,-5.9542952674220104e-5,-0.0022449940560027434,1.258970406121103e-5,0.14399068319307265,0.0,59.05803515281351,-7.580041077501246e-6,-25.640562654012605]
382.0,[-0.02686445498025023,-9.92382544570335e-5,-0.0037219638296887587,1.644161467334558e-5,0.14282229874663036,0.0,59.08586626900532,0.0,-24.882929142066256]
383.0,[-0.027281825730526378,-5.496272554543394e-5,-0.002008678892212981,1.2327570257738736e-5,0.18400491975350425,0.0,59.059468510119025,2.274012323250374e-5,-25.601515149252464]
384.0,[-0.02766448297973618,-2.9008105148979026e-5,-0.0009452606551590498,8.16983687488651e-6,0.14078641815600682,0.0,59.02594736516541,-7.580041077501246e-6,-26.514001862799336]
385.0,[-0.027285589470337334,-5.648946792169599e-5,-0.0021268364741078623,1.221834783962528e-5,0.09681764962300132,-5.882179325296843e-6,59.051415440508535,-7.580041077501246e-6,-25.8207221206408]
386.0,[-0.02729868479645645,-5.496272554543394e-5,-0.0020677576831604214,1.2116406916052722e-5,0.13945000517713305,5.882179325296843e-6,59.054213628077065,-7.580041077501246e-6,-25.744523526558712]
387.0,[-0.027284531890555744,-5.648946792169599e-5,-0.002008678892212981,1.2247473817788867e-5,0.13823668286736604,0.0,59.05518442784574,-7.580041077501246e-6,-25.71809806553473]
388.0,[-0.02686669456096419,-9.92382544570335e-5,-0.003662885038741318,1.6427051684263786e-5,0.13938357529221826,-5.882179325296843e-6,59.08540942205536,7.580041077501246e-6,-24.89539574191404]
389.0,[-0.02686442387496254,-0.00010076499683329555,-0.00384012141158364,1.646345915696827e-5,0.1833386670842119,0.0,59.089468507205794,1.5160082155002492e-5,-24.78496840361148]
390.0,[-0.027268294930379553,-5.801621029795805e-5,-0.0021268364741078623,1.2458637159474883e-5,0.184219839969405,5.882179325296843e-6,59.060520400221314,0.0,-25.572975651346567]
391.0,[-0.027269508036599614,-5.801621029795805e-5,-0.0021268364741078623,1.2414948192229501e-5,0.14185906541536605,-5.882179325296843e-6,59.05665433290724,7.580041077501246e-6,-25.67814898622201]
392.0,[-0.02686526371773027,-9.92382544570335e-5,-0.0037219638296887587,1.6427051684263786e-5,0.14106581443667782,5.882179325296843e-6,59.085653835173595,0.0,-24.888773832269205]
393.0,[-0.026863895085071744,-9.92382544570335e-5,-0.003662885038741318,1.6478022146050063e-5,0.18348324977490876,-1.1764358650593686e-5,59.089521044605036,0.0,-24.78338287595004]
394.0,[-0.026848777915252527,-9.92382544570335e-5,-0.003781042620636199,1.660908904778621e-5,0.1838544756023737,-5.882179325296843e-6,59.090616335167574,-7.580041077501246e-6,-24.75366200449248]
395.0,[-0.02684862238881406,-9.61847697045094e-5,-0.0037219638296887587,1.66382150259498e-5,0.18540580879714824,5.882179325296843e-6,59.09076709466107,0.0,-24.74958937461702]
396.0,[-0.0272675484034749,-5.9542952674220104e-5,-0.002185915265055303,1.2473200148556678e-5,0.18585127979010618,5.882179325296843e-6,59.0607214128793,-1.5160082155002492e-5,-25.567441848920367]
397.0,[-0.027268979246708815,-5.648946792169599e-5,-0.0020677576831604214,1.2422229686770397e-5,0.14195284878230457,-1.1764358650593686e-5,59.05670344395437,0.0,-25.67681216878197]
398.0,[-0.026865294823017964,-9.771151208077145e-5,-0.003662885038741318,1.6427051684263786e-5,0.14112638286115892,0.0,59.08566068787784,7.580041077501246e-6,-24.88855621082548]
399.0,[-0.026863770663920965,-9.92382544570335e-5,-0.0037219638296887587,1.648530364059096e-5,0.18348715741519786,0.0,59.089525613074535,7.580041077501246e-6,-24.783413964727714]
400.0,[-0.02684887123111561,-9.92382544570335e-5,-0.00384012141158364,1.6630933531408902e-5,0.1838544756023737,1.1764358650593686e-5,59.09061747728495,-7.580041077501246e-6,-24.75372418204783]
401.0,[-0.026848653494101753,-0.00010076499683329555,-0.00384012141158364,1.6630933531408902e-5,0.1854038549770037,-1.1764358650593686e-5,59.09076823677844,-7.580041077501246e-6,-24.74958937461702]
402.0,[-0.02684806249363557,-0.0001022917392095576,-0.003662885038741318,1.6630933531408902e-5,0.18543511609931654,0.0,59.090808210886564,7.580041077501246e-6,-24.748439089843036]
403.0,[-0.02640605635550589,-0.00015725446475499155,-0.006085115467586383,2.0715851968852157e-5,0.1850756131927189,5.882179325296843e-6,59.12040275630524,-7.580041077501246e-6,-23.942804505166066]
404.0,[-0.02684644501867549,-0.0001022917392095576,-0.003781042620636199,1.666734100411339e-5,0.22872395522201783,-5.882179325296843e-6,59.09476907394275,1.5160082155002492e-5,-24.640685386420547]
405.0,[-0.028019145470021517,-1.2213939010096431e-5,-0.0004135515366320843,4.063073953820564e-6,0.18717596984811266,0.0,59.00033538303305,7.580041077501246e-6,-27.211229879722637]
406.0,[-0.027271716512025874,-5.648946792169599e-5,-0.002185915265055303,1.234213324682053e-5,0.053677300831286,0.0,59.04863210046587,0.0,-25.896485471835433]
407.0,[-0.025517813760120165,-0.0002977147633711005,-0.011224970280013716,2.8179383873271653e-5,0.13912567103313736,0.0,59.170762137717155,0.0,-22.57210029746338]
408.0,[-0.025473830883321055,-0.00030382173287614873,-0.011402206652856038,2.863083653480727e-5,0.3067048248313902,5.882179325296843e-6,59.18809034252929,2.274012323250374e-5,-22.10048354012952]
409.0,[-0.026354888157249498,-0.00016336143426003976,-0.006085115467586383,2.1240119575796747e-5,0.31193129371806766,5.882179325296843e-6,59.134991021534965,7.580041077501246e-6,-23.54586299180821]
410.0,[-0.026356692263935742,-0.00016336143426003976,-0.006321430631376146,2.1203712103092263e-5,0.233807795238143,0.0,59.12796471544452,-1.5160082155002492e-5,-23.7370900632888]
411.0,[-0.025922182500140282,-0.00023053809881557014,-0.00862550347832633,2.4946400297113356e-5,0.23287191538890242,1.1764358650593686e-5,59.155045460521016,-7.580041077501246e-6,-22.99985078949743]
412.0,[-0.025920440604029427,-0.00023053809881557014,-0.00862550347832633,2.4968244780736047e-5,0.2724992955607127,5.882179325296843e-6,59.158649982956234,0.0,-22.901858962264974]
413.0,[-0.025905012381333272,-0.0002320648411918322,-0.00868458226927377,2.5099311682472195e-5,0.27282753734499743,-5.882179325296843e-6,59.15963220389865,0.0,-22.875122613464242]
414.0,[-0.025904856854894805,-0.00022901135643930808,-0.00868458226927377,2.5113874671553988e-5,0.2742186572879187,5.882179325296843e-6,59.15976811586627,0.0,-22.87151631525391]
415.0,[-0.02590417253856554,-0.00023053809881557014,-0.008743661060221211,2.510659317701309e-5,0.2742421031296533,1.1764358650593686e-5,59.15980466362227,-1.5160082155002492e-5,-22.870397119257603]
416.0,[-0.026368730010273265,-0.00016030794950751566,-0.006144194258533824,2.1094489684978806e-5,0.2747032046837677,-1.1764358650593686e-5,59.13078574536055,1.5160082155002492e-5,-23.660207516097856]
417.0,[-0.026814530993501593,-0.00010839870871460583,-0.0038992002025310807,1.700957124753555e-5,0.2327214712377719,0.0,59.097373101557544,1.5160082155002492e-5,-24.569896239653954]
418.0,[-0.026388419657383474,-0.00015267423762620538,-0.006026036676638943,2.0905170826915483e-5,0.1887644256256337,-5.882179325296843e-6,59.12189893006637,1.5160082155002492e-5,-23.902078206411463]
419.0,[-0.026402821405585728,-0.0001557277223787295,-0.00573064272190174,2.0766822430638438e-5,0.23003496853901245,-5.882179325296843e-6,59.124604606127534,-7.580041077501246e-6,-23.828584335987124]
420.0,[-0.02683039469022546,-9.92382544570335e-5,-0.003958278993478521,1.6827533884013123e-5,0.2292495328409024,-1.764653797589053e-5,59.09594088636941,-7.580041077501246e-6,-24.60881938930339]
421.0,[-0.026832447639213254,-9.771151208077145e-5,-0.003781042620636199,1.679112641130864e-5,0.18752765747413208,0.0,59.092095377168086,0.0,-24.713526392513707]
422.0,[-0.02684725375615553,-0.0001022917392095576,-0.0038992002025310807,1.66382150259498e-5,0.18709977086247512,0.0,59.091013792014046,-7.580041077501246e-6,-24.74287419863916]
423.0,[-0.027266957403008715,-5.9542952674220104e-5,-0.0021268364741078623,1.2480481643097575e-5,0.1860056315815258,0.0,59.06077966086542,-7.580041077501246e-6,-25.56591849881428]
424.0,[-0.02726891703613343,-5.801621029795805e-5,-0.002185915265055303,1.2429511181311296e-5,0.14201537102693024,-5.882179325296843e-6,59.05671258089337,7.580041077501246e-6,-25.67656345856057]
425.0,[-0.02728353652134954,-5.648946792169599e-5,-0.0019496001012655403,1.2254755312329766e-5,0.141558177113105,5.882179325296843e-6,59.055553331757835,7.580041077501246e-6,-25.708087479123293]
426.0,[-0.027283754258363397,-5.496272554543394e-5,-0.002185915265055303,1.2262036806870662e-5,0.13993064493269292,-1.1764358650593686e-5,59.05539343532534,-1.5160082155002492e-5,-25.712502085553183]
427.0,[-0.027678231516896867,-2.5954620396454918e-5,-0.0008861818642116093,8.024206984068568e-6,0.14032531660189249,5.882179325296843e-6,59.0247687000345,-7.580041077501246e-6,-26.546085481360215]
428.0,[-0.02804682917606905,-1.0687196633834377e-5,-0.00029539395473720306,3.662591754071225e-6,0.09602830628460218,0.0,58.98964402228651,0.0,-27.50215866120782]
429.0,[-0.02730210637810277,-5.496272554543394e-5,-0.0020677576831604214,1.2007184497939266e-5,0.04942188055645104,0.0,59.045928708639465,0.0,-25.970103697370476]
430.0,[-0.02689792426980882,-9.465802732824735e-5,-0.003544727456846437,1.611394741900521e-5,0.13692762337051598,0.0,59.082965290873055,0.0,-24.961925726139118]
431.0,[-0.026865419244168742,-9.61847697045094e-5,-0.0037219638296887587,1.6456177662427372e-5,0.18007774126295406,5.882179325296843e-6,59.08911102446745,-2.274012323250374e-5,-24.794761368579188]
432.0,[-0.027269352510161143,-5.9542952674220104e-5,-0.0021268364741078623,1.2444074170393089e-5,0.1840967493002982,-5.882179325296843e-6,59.06042446236182,-7.580041077501246e-6,-25.575556019893614]
433.0,[-0.02766445187444849,-3.206158990150313e-5,-0.0009452606551590498,8.191681358509202e-6,0.14217558427878352,0.0,59.02607756654615,0.0,-26.510457742144357]
434.0,[-0.02728515399630962,-5.496272554543394e-5,-0.0021268364741078623,1.221834783962528e-5,0.09683328018415774,0.0,59.05145198826453,0.0,-25.819696190977517]
435.0,[-0.026881251835604913,-9.92382544570335e-5,-0.0037219638296887587,1.6281421793445845e-5,0.1390865946302463,5.882179325296843e-6,59.08434839501407,0.0,-24.924277216374367]
436.0,[-0.02728303883674644,-5.648946792169599e-5,-0.002185915265055303,1.2313007268656941e-5,0.18224648162340715,0.0,59.05921610217917,-7.580041077501246e-6,-25.608416857896376]
437.0,[-0.027270254563504265,-5.801621029795805e-5,-0.0021268364741078623,1.2414948192229501e-5,0.14020808739321933,0.0,59.05644875177976,-7.580041077501246e-6,-25.683682788648206]
438.0,[-0.026865823612908762,-9.92382544570335e-5,-0.003662885038741318,1.643433317880468e-5,0.1409759387100284,5.882179325296843e-6,59.08560472412647,7.580041077501246e-6,-24.890110649709243]
439.0,[-0.026863926190359436,-9.61847697045094e-5,-0.003781042620636199,1.648530364059096e-5,0.1834246351705722,1.1764358650593686e-5,59.08951419190079,0.0,-24.783662674949117]
440.0,[-0.026848840125827916,-9.771151208077145e-5,-0.0037219638296887587,1.660908904778621e-5,0.1838505679620846,0.0,59.090616335167574,0.0,-24.753786359603183]
441.0,[-0.026406709566547462,-0.00015878120713125362,-0.005907879094744061,2.0715851968852157e-5,0.1849857374660695,-5.882179325296843e-6,59.12035821372761,0.0,-23.944079145050754]
442.0,[-0.026404252248819645,-0.00015725446475499155,-0.005907879094744061,2.075954093609754e-5,0.22824722310674705,1.1764358650593686e-5,59.12434762971818,1.5160082155002492e-5,-23.835517133408707]
443.0,[-0.026387921972780372,-0.00016641491901256387,-0.005612485140006858,2.0941578299619968e-5,0.22868097117883768,1.764653797589053e-5,59.125449772984965,7.580041077501246e-6,-23.805578640507424]
444.0,[-0.026387953078068065,-0.00015114749524994334,-0.006144194258533824,2.093429680507907e-5,0.23023816583404588,0.0,59.12560053247845,-7.580041077501246e-6,-23.80144383307661]
445.0,[-0.02683033247965007,-9.771151208077145e-5,-0.0038992002025310807,1.6827533884013123e-5,0.2306758215464256,0.0,59.09607565621965,0.0,-24.605057647204685]
446.0,[-0.026389228394863514,-0.00015420098000246745,-0.005907879094744061,2.0927015310538175e-5,0.18713103198478795,-5.882179325296843e-6,59.12170362799526,-7.580041077501246e-6,-23.907518742504635]
447.0,[-0.026403256879613445,-0.00015420098000246745,-0.005907879094744061,2.0774103925179336e-5,0.22994509281236303,1.764653797589053e-5,59.12455321084566,-7.580041077501246e-6,-23.829921153427158]
448.0,[-0.027251062600997154,-5.9542952674220104e-5,-0.0021268364741078623,1.2677081995701796e-5,0.22962075866836734,0.0,59.06586436741852,7.580041077501246e-6,-25.42738690549327]
449.0,[-0.027254328656205012,-5.9542952674220104e-5,-0.0022449940560027434,1.2582422566670133e-5,0.14401803667509636,0.0,59.058000889292266,7.580041077501246e-6,-25.641464228565187]
450.0,[-0.02686442387496254,-9.771151208077145e-5,-0.0037219638296887587,1.644161467334558e-5,0.1427675917825829,0.0,59.0858628426532,-7.580041077501246e-6,-24.88308458595463]
451.0,[-0.026863179663454785,-9.92382544570335e-5,-0.0037219638296887587,1.648530364059096e-5,0.18358094078213638,-5.882179325296843e-6,59.08957472412166,0.0,-24.78204605851]
452.0,[-0.026848777915252527,-0.00010381848158581967,-0.003781042620636199,1.6623652036868007e-5,0.1839130902067103,5.882179325296843e-6,59.090624329989204,7.580041077501246e-6,-24.753475471826427]
453.0,[-0.02726798387750261,-5.801621029795805e-5,-0.0020677576831604214,1.2458637159474883e-5,0.1858219724879379,5.882179325296843e-6,59.06068258088855,-7.580041077501246e-6,-25.568498867361328]
454.0,[-0.02766389197927,-2.4427878020192862e-5,-0.0010634182370539312,8.206244347590995e-6,0.14232993607020317,0.0,59.02613467241489,0.0,-26.508872214482917]
455.0,[-0.027285091785734232,-5.496272554543394e-5,-0.0020677576831604214,1.221834783962528e-5,0.09689971006907251,0.0,59.051464551555654,-7.580041077501246e-6,-25.81941639197844]
456.0,[-0.02688122073031722,-9.771151208077145e-5,-0.003662885038741318,1.6259577309823154e-5,0.1390944099108245,0.0,59.084349537131445,7.580041077501246e-6,-24.924246127596692]
457.0,[-0.02767720504240297,-2.9008105148979026e-5,-0.0010043394461064904,8.075177445854849e-6,0.18268999879622053,-5.882179325296843e-6,59.028641620052824,-2.274012323250374e-5,-26.44069452504105]
458.0,[-0.027271716512025874,-5.496272554543394e-5,-0.0021268364741078623,1.2349414741361427e-5,0.09554180506860865,0.0,59.052362255812334,7.580041077501246e-6,-25.794980612725674]
459.0,[-0.026441547488764577,-0.00015114749524994334,-0.00573064272190174,2.0373621725429995e-5,0.14015142660902732,0.0,59.114086847221984,-7.580041077501246e-6,-24.11488088959869]
460.0,[-0.026862402031262438,-9.771151208077145e-5,-0.003781042620636199,1.6521711113295446e-5,0.2250859421128614,-5.882179325296843e-6,59.093312874289744,7.580041077501246e-6,-24.680199222845815]
461.0,[-0.027254359761492705,-5.801621029795805e-5,-0.0021268364741078623,1.2611548544833722e-5,0.18463404984005008,-5.882179325296843e-6,59.06161454866648,-7.580041077501246e-6,-25.543130424778305]
462.0,[-0.02726932140487345,-5.801621029795805e-5,-0.0021268364741078623,1.2414948192229501e-5,0.14340844478999604,0.0,59.05680509240074,7.580041077501246e-6,-25.674076356346546]
463.0,[-0.026864734927839477,-9.771151208077145e-5,-0.003662885038741318,1.643433317880468e-5,0.14109512173884609,5.882179325296843e-6,59.085693809281715,7.580041077501246e-6,-24.88762354749522]
464.0,[-0.02686380176920866,-0.00010076499683329555,-0.0037219638296887587,1.647074065150917e-5,0.1835399105591008,-5.882179325296843e-6,59.089530181544035,0.0,-24.78322743206166]
465.0,[-0.026848777915252527,-0.0001022917392095576,-0.003781042620636199,1.6623652036868007e-5,0.18385252178222916,0.0,59.09061861940233,7.580041077501246e-6,-24.75366200449248]
466.0,[-0.02684862238881406,-0.00010076499683329555,-0.003781042620636199,1.66382150259498e-5,0.1854116702575819,-1.1764358650593686e-5,59.09076595254369,0.0,-24.749496108283992]
467.0,[-0.02684806249363557,-0.00010076499683329555,-0.0037219638296887587,1.6630933531408902e-5,0.18543511609931654,-5.882179325296843e-6,59.09080935300394,2.274012323250374e-5,-24.748439089843036]
470.0,[-0.026848124704210958,-0.00010076499683329555,-0.003781042620636199,1.66382150259498e-5,0.18548786924321944,5.882179325296843e-6,59.09081506359081,0.0,-24.748314734732332]
471.0,[-0.02684806249363557,-0.0001022917392095576,-0.0037219638296887587,1.6630933531408902e-5,0.185489823063364,5.882179325296843e-6,59.09081392147344,0.0,-24.748283645954658]
472.0,[-0.026406087460793582,-0.0001557277223787295,-0.005848800303796621,2.0730414957933953e-5,0.18507756701286346,5.882179325296843e-6,59.12040618265736,-7.580041077501246e-6,-23.94286668272142]
473.0,[-0.02640419003824426,-0.00015420098000246745,-0.005907879094744061,2.0752259441556645e-5,0.22830779153122818,-1.1764358650593686e-5,59.124354482422426,-7.580041077501246e-6,-23.835361689520333]
474.0,[-0.026830985690691644,-0.0001022917392095576,-0.00384012141158364,1.6827533884013123e-5,0.22910690397035008,5.882179325296843e-6,59.09588492261804,-7.580041077501246e-6,-24.610342739409482]
475.0,[-0.027252928918258788,-6.106969505048216e-5,-0.0022449940560027434,1.2626111533915515e-5,0.18788129892029604,-1.1764358650593686e-5,59.062013147630324,7.580041077501246e-6,-25.53224935259196]
476.0,[-0.027268263825091857,-5.801621029795805e-5,-0.0020677576831604214,1.2436792675852192e-5,0.14359015006343942,-5.882179325296843e-6,59.05690445661235,0.0,-25.6713716326888]
477.0,[-0.027283007731458746,-5.648946792169599e-5,-0.002185915265055303,1.2276599795952457e-5,0.1416441451994653,0.0,59.055602442804954,0.0,-25.706750661683255]
478.0,[-0.026865388138881046,-9.771151208077145e-5,-0.003662885038741318,1.6427051684263786e-5,0.13956918820595074,-5.882179325296843e-6,59.085509928384354,0.0,-24.892659929478615]
479.0,[-0.026423133158449817,-0.0001557277223787295,-0.005966957885691502,2.0548377594411525e-5,0.18304559406252904,0.0,59.119095031910966,0.0,-23.978525510714952]
480.0,[-0.026847129335004754,-9.92382544570335e-5,-0.00384012141158364,1.6681903993195183e-5,0.22705148517828105,5.882179325296843e-6,59.09456806128477,-7.580041077501246e-6,-24.646094833736043]
481.0,[-0.026833318587268683,-0.00010381848158581967,-0.00384012141158364,1.676200043314505e-5,0.18579461900591415,-5.882179325296843e-6,59.09187951698423,-2.274012323250374e-5,-24.719246727605956]
482.0,[-0.026847875861909405,-0.00010076499683329555,-0.0037219638296887587,1.6645496520490698e-5,0.1870020798552475,-1.1764358650593686e-5,59.090961254614804,0.0,-24.744273193634548]
483.0,[-0.027267019613584104,-5.648946792169599e-5,-0.0021268364741078623,1.2473200148556678e-5,0.1859489707973338,0.0,59.060768239691676,7.580041077501246e-6,-25.566136120258008]
484.0,[-0.026849711073883346,-9.92382544570335e-5,-0.0037219638296887587,1.658724456416352e-5,0.14159725351599603,5.882179325296843e-6,59.086800521018006,0.0,-24.85752961070556]
485.0,[-0.02642244884212055,-0.00015420098000246745,-0.00578972151284918,2.056294058349332e-5,0.1846828953436639,-1.1764358650593686e-5,59.11929604456895,-1.5160082155002492e-5,-23.97308497462178]
486.0,[-0.026846569439826266,-9.92382544570335e-5,-0.0038992002025310807,1.666734100411339e-5,0.227143314725075,-5.882179325296843e-6,59.094618314449264,0.0,-24.644820193851356]
487.0,[-0.026833318587268683,-0.00010076499683329555,-0.00384012141158364,1.678384491676774e-5,0.18585323361025075,5.882179325296843e-6,59.09188865392323,1.5160082155002492e-5,-24.719091283717578]
488.0,[-0.026847844756621712,-0.00010076499683329555,-0.00384012141158364,1.6645496520490698e-5,0.18700794131568116,0.0,59.09096353884955,-1.5160082155002492e-5,-24.744242104856873]
489.0,[-0.026847533703744774,-0.00010076499683329555,-0.003781042620636199,1.66382150259498e-5,0.18552108418567684,0.0,59.09085503769894,7.580041077501246e-6,-24.747164449958348]
490.0,[-0.02684806249363557,-0.00010076499683329555,-0.0038992002025310807,1.661637054232711e-5,0.18555039148784513,5.882179325296843e-6,59.09082191629506,-7.580041077501246e-6,-24.74809711328861]
491.0,[-0.02684806249363557,-0.0001022917392095576,-0.003781042620636199,1.6623652036868007e-5,0.1854937307036531,0.0,59.09081620570819,7.580041077501246e-6,-24.748221468399308]
492.0,[-0.026848093598923265,-0.00010076499683329555,-0.00384012141158364,1.6623652036868007e-5,0.1854976383439422,-1.1764358650593686e-5,59.09081848994294,7.580041077501246e-6,-24.748345823510007]
493.0,[-0.02640611856608128,-0.00015725446475499155,-0.005848800303796621,2.0715851968852157e-5,0.18507756701286346,-1.1764358650593686e-5,59.12040732477474,0.0,-23.942804505166066]
494.0,[-0.02640412782766887,-0.00015878120713125362,-0.005966957885691502,2.0752259441556645e-5,0.22830583771108362,-1.1764358650593686e-5,59.12435334030505,7.580041077501246e-6,-23.835330600742655]
495.0,[-0.02683111011184242,-0.0001022917392095576,-0.0038992002025310807,1.6827533884013123e-5,0.22910495015020554,5.882179325296843e-6,59.09588263838329,7.580041077501246e-6,-24.610311650631807]
496.0,[-0.026832540955076336,-0.0001022917392095576,-0.003781042620636199,1.678384491676774e-5,0.18744950466834998,5.882179325296843e-6,59.09208395599434,0.0,-24.71374401395743]
497.0,[-0.02684725375615553,-0.0001022917392095576,-0.0038992002025310807,1.6630933531408902e-5,0.18709390940204146,5.882179325296843e-6,59.09101036566192,-7.580041077501246e-6,-24.74287419863916]
498.0,[-0.026847564809032467,-0.00010076499683329555,-0.003662885038741318,1.66382150259498e-5,0.1855836064303025,-5.882179325296843e-6,59.09086303252056,0.0,-24.74688465095927]
499.0,[-0.02684806249363557,-9.92382544570335e-5,-0.0037219638296887587,1.6630933531408902e-5,0.18555234530798967,5.882179325296843e-6,59.09082305841244,7.580041077501246e-6,-24.74806602451093]
500.0,[-0.026848093598923265,-0.00010076499683329555,-0.0038992002025310807,1.66382150259498e-5,0.18549959216408676,0.0,59.09081620570819,0.0,-24.748221468399308]
501.0,[-0.026848031388347876,-9.771151208077145e-5,-0.0037219638296887587,1.66382150259498e-5,0.18549959216408676,0.0,59.09081734782556,0.0,-24.748221468399308]
502.0,[-0.026848031388347876,-9.92382544570335e-5,-0.00384012141158364,1.66382150259498e-5,0.1854937307036531,0.0,59.09081620570819,1.5160082155002492e-5,-24.748283645954658]
503.0,[-0.026848000283060183,-9.771151208077145e-5,-0.0037219638296887587,1.6623652036868007e-5,0.18549568452379767,-5.882179325296843e-6,59.09081620570819,0.0,-24.748252557176983]
504.0,[-0.026406087460793582,-0.00015878120713125362,-0.005966957885691502,2.0730414957933953e-5,0.1850756131927189,0.0,59.120405040539985,0.0,-23.942742327610716]
505.0,[-0.026404221143531952,-0.0001557277223787295,-0.005966957885691502,2.0766822430638438e-5,0.22830779153122818,5.882179325296843e-6,59.12435334030505,-7.580041077501246e-6,-23.835361689520333]
506.0,[-0.026831079006554726,-0.00010381848158581967,-0.0037219638296887587,1.6820252389472228e-5,0.22910495015020554,5.882179325296843e-6,59.09588149626591,0.0,-24.610187295521104]
507.0,[-0.026832509849788643,-0.0001022917392095576,-0.0037219638296887587,1.678384491676774e-5,0.18745145848849454,0.0,59.09208395599434,0.0,-24.713712925179756]
508.0,[-0.02684725375615553,-0.00010076499683329555,-0.00384012141158364,1.666005950957249e-5,0.1870919555818969,-1.764653797589053e-5,59.0910115077793,0.0,-24.742905287416836]
509.0,[-0.026847471493169385,-0.00010534522396208172,-0.0037219638296887587,1.6645496520490698e-5,0.1855796987900134,-5.882179325296843e-6,59.09086303252056,0.0,-24.7469779172923]
510.0,[-0.026847969177772487,-0.00010076499683329555,-0.003781042620636199,1.66382150259498e-5,0.18555429912813423,0.0,59.09082191629506,0.0,-24.74806602451093]
511.0,[-0.026848093598923265,-0.00010076499683329555,-0.0038992002025310807,1.661637054232711e-5,0.18549959216408676,5.882179325296843e-6,59.09081506359081,7.580041077501246e-6,-24.748252557176983]
512.0,[-0.026848093598923265,-9.92382544570335e-5,-0.0037219638296887587,1.6630933531408902e-5,0.18549959216408676,-1.1764358650593686e-5,59.09081734782556,0.0,-24.748314734732332]
513.0,[-0.025943614043361346,-0.00022595787168678397,-0.008389188314536567,2.4727955460886444e-5,0.1846614033220738,0.0,59.149471927731454,0.0,-23.15156402455275]
514.0,[-0.02593938372423498,-0.00022443112931052193,-0.00856642468737889,2.48371778789999e-5,0.27037549306358427,-5.882179325296843e-6,59.157292005397466,-1.5160082155002492e-5,-22.93869916381017]
515.0,[-0.025906007750539476,-0.00022595787168678397,-0.009039055014958414,2.510659317701309e-5,0.2711042679775023,0.0,59.159425480653795,0.0,-22.880687504668117]
516.0,[-0.02636972537947947,-0.00015725446475499155,-0.006675903377060789,2.1116334168601498e-5,0.27454103761176984,1.1764358650593686e-5,59.1306966602053,-2.274012323250374e-5,-23.66269461831188]
517.0,[-0.02723585211531486,-6.412317980300626e-5,-0.0024222304288450654,1.2786304413815252e-5,0.2330243133601775,-5.882179325296843e-6,59.067311430132534,1.5160082155002492e-5,-25.38809069051173]
518.0,[-0.02683297642910405,-0.00010687196633834378,-0.003662885038741318,1.6754718938604154e-5,0.1452782506683326,-5.882179325296843e-6,59.08831496865713,7.580041077501246e-6,-24.81630589150815]
519.0,[-0.026862277610111663,-9.92382544570335e-5,-0.003662885038741318,1.6499866629672754e-5,0.18684772806382788,5.882179325296843e-6,59.089936775329505,1.5160082155002492e-5,-24.772346359875318]
520.0,[-0.02684775144075863,-0.00010076499683329555,-0.0037219638296887587,1.6652778015031593e-5,0.18404008851610618,5.882179325296843e-6,59.09072255208344,-7.580041077501246e-6,-24.75089510327938]
521.0,[-0.026848591283526367,-9.771151208077145e-5,-0.0034265698749515556,1.6623652036868007e-5,0.1855269456461105,1.764653797589053e-5,59.09078422642169,-2.274012323250374e-5,-24.749154131729565]
522.0,[-0.026848031388347876,-9.92382544570335e-5,-0.003781042620636199,1.6623652036868007e-5,0.18544683902018386,-1.1764358650593686e-5,59.09081392147344,7.580041077501246e-6,-24.748345823510007]
523.0,[-0.026848093598923265,-9.92382544570335e-5,-0.003781042620636199,1.6645496520490698e-5,0.1854937307036531,0.0,59.090812779356064,3.0320164310004985e-5,-24.748376912287686]
524.0,[-0.02684815580949865,-0.00010076499683329555,-0.0037219638296887587,1.661637054232711e-5,0.18548396160293035,-2.941089662648422e-5,59.09081620570819,7.580041077501246e-6,-24.748190379621633]
525.0,[-0.026848031388347876,-0.00010687196633834378,-0.003781042620636199,1.6630933531408902e-5,0.1854976383439422,0.0,59.09081392147344,0.0,-24.748159290843958]
526.0,[-0.026848093598923265,-0.0001022917392095576,-0.003781042620636199,1.6623652036868007e-5,0.18550349980437586,0.0,59.090820774177686,7.580041077501246e-6,-24.748221468399308]
527.0,[-0.026848031388347876,-9.61847697045094e-5,-0.0038992002025310807,1.6623652036868007e-5,0.18549959216408676,-5.882179325296843e-6,59.09081049512131,-7.580041077501246e-6,-24.748314734732332]
528.0,[-0.026848124704210958,-0.00010534522396208172,-0.0038992002025310807,1.661637054232711e-5,0.18549959216408676,1.764653797589053e-5,59.090812779356064,-1.5160082155002492e-5,-24.748345823510007]
529.0,[-0.026848031388347876,-9.92382544570335e-5,-0.00384012141158364,1.6645496520490698e-5,0.18550154598423133,-1.1764358650593686e-5,59.09081392147344,3.790020538750623e-5,-24.748283645954658]
530.0,[-0.026848031388347876,-9.92382544570335e-5,-0.00384012141158364,1.66382150259498e-5,0.1854937307036531,-1.764653797589053e-5,59.09081734782556,-1.5160082155002492e-5,-24.748221468399308]
531.0,[-0.026848093598923265,-9.61847697045094e-5,-0.003662885038741318,1.6601807553245316e-5,0.1854937307036531,5.882179325296843e-6,59.09081506359081,0.0,-24.748221468399308]
532.0,[-0.026405963039642807,-0.00015725446475499155,-0.00578972151284918,2.0708570474311262e-5,0.18508147465315256,-1.764653797589053e-5,59.12040389842261,7.580041077501246e-6,-23.94299103783212]
533.0,[-0.026846413913387795,-0.00010992545109086788,-0.003958278993478521,1.6645496520490698e-5,0.2287122323011505,1.764653797589053e-5,59.09476907394275,-1.5160082155002492e-5,-24.640623208865197]
534.0,[-0.026832696481514807,-0.00010076499683329555,-0.0038992002025310807,1.676200043314505e-5,0.18587667945198535,0.0,59.0919309122661,-1.5160082155002492e-5,-24.717878821388243]
535.0,[-0.026405869723779726,-0.00016183469188377772,-0.00573064272190174,2.0737696452474848e-5,0.1866582075098063,-1.764653797589053e-5,59.120562652737725,0.0,-23.938638608957582]
536.0,[-0.026846040649935468,-0.00010534522396208172,-0.003781042620636199,1.6681903993195183e-5,0.22876107780476432,-5.882179325296843e-6,59.09480676381612,1.5160082155002492e-5,-24.639504012868887]
537.0,[-0.0268327275868025,-0.00010076499683329555,-0.00384012141158364,1.6798407905849537e-5,0.18594701697718924,5.882179325296843e-6,59.0919354807356,-7.580041077501246e-6,-24.717754466277544]
538.0,[-0.026847782546046327,-0.00010839870871460583,-0.003544727456846437,1.6630933531408902e-5,0.1870802326610296,5.882179325296843e-6,59.0909703915538,-7.580041077501246e-6,-24.74399339463547]
539.0,[-0.026847564809032467,-9.465802732824735e-5,-0.0038992002025310807,1.666005950957249e-5,0.1855308532863996,2.3528717301187373e-5,59.090856179816306,-2.274012323250374e-5,-24.747040094847648]
540.0,[-0.02640605635550589,-0.00015878120713125362,-0.00573064272190174,2.0744977947015747e-5,0.1851381354373446,-2.3528717301187373e-5,59.12041531959636,-7.580041077501246e-6,-23.94264906127769]
541.0,[-0.026404221143531952,-0.00016030794950751566,-0.00578972151284918,2.0774103925179336e-5,0.22830583771108362,0.0,59.12434762971818,5.306028754250873e-5,-23.835268423187305]
542.0,[-0.026831141217130112,-0.0001022917392095576,-0.00384012141158364,1.6805689400390432e-5,0.22910495015020554,-5.882179325296843e-6,59.09588492261804,2.274012323250374e-5,-24.610311650631807]
543.0,[-0.026832447639213254,-0.00010381848158581967,-0.003958278993478521,1.6776563422226846e-5,0.18744950466834998,0.0,59.09207938752484,7.580041077501246e-6,-24.71383728029046]
544.0,[-0.026847284861443225,-9.92382544570335e-5,-0.003485648665898996,1.6645496520490698e-5,0.18710367850276421,-5.882179325296843e-6,59.09101264989667,3.0320164310004985e-5,-24.742905287416836]
545.0,[-0.02684750259845708,-0.00010076499683329555,-0.0037219638296887587,1.6645496520490698e-5,0.18558751407059162,-1.764653797589053e-5,59.090865316755306,-1.5160082155002492e-5,-24.74688465095927]
546.0,[-0.026848031388347876,-0.00010076499683329555,-0.003662885038741318,1.6645496520490698e-5,0.185546483847556,1.764653797589053e-5,59.09081848994294,0.0,-24.747910580622555]
547.0,[-0.02684806249363557,-0.00010076499683329555,-0.00384012141158364,1.6645496520490698e-5,0.18548786924321944,0.0,59.090820774177686,-7.580041077501246e-6,-24.74809711328861]
548.0,[-0.026848031388347876,-9.92382544570335e-5,-0.003781042620636199,1.6623652036868007e-5,0.18549959216408676,-1.1764358650593686e-5,59.09081848994294,-7.580041077501246e-6,-24.748221468399308]
549.0,[-0.026848124704210958,-9.92382544570335e-5,-0.0037219638296887587,1.6630933531408902e-5,0.185489823063364,5.882179325296843e-6,59.09081506359081,-7.580041077501246e-6,-24.748283645954658]
550.0,[-0.026848000283060183,-0.00010534522396208172,-0.003781042620636199,1.660908904778621e-5,0.18549177688350854,5.882179325296843e-6,59.09081620570819,0.0,-24.748283645954658]
551.0,[-0.026848031388347876,-0.00010076499683329555,-0.003958278993478521,1.661637054232711e-5,0.1854976383439422,-5.882179325296843e-6,59.09081506359081,3.0320164310004985e-5,-24.748252557176983]
552.0,[-0.02684815580949865,-9.92382544570335e-5,-0.003544727456846437,1.6652778015031593e-5,0.1854937307036531,0.0,59.09081392147344,3.0320164310004985e-5,-24.748221468399308]
553.0,[-0.026848000283060183,-0.0001022917392095576,-0.003958278993478521,1.6623652036868007e-5,0.18550154598423133,-1.1764358650593686e-5,59.09081620570819,-2.274012323250374e-5,-24.748221468399308]
554.0,[-0.026848000283060183,-0.00010076499683329555,-0.003781042620636199,1.6645496520490698e-5,0.1854937307036531,0.0,59.09081620570819,7.580041077501246e-6,-24.748283645954658]
555.0,[-0.026848031388347876,-9.92382544570335e-5,-0.003662885038741318,1.661637054232711e-5,0.18548786924321944,1.764653797589053e-5,59.09081506359081,-7.580041077501246e-6,-24.748190379621633]
556.0,[-0.026848093598923265,-9.61847697045094e-5,-0.003781042620636199,1.6630933531408902e-5,0.18549177688350854,0.0,59.090812779356064,0.0,-24.748314734732332]
557.0,[-0.026848093598923265,-0.00010076499683329555,-0.0038992002025310807,1.666734100411339e-5,0.18549959216408676,-1.1764358650593686e-5,59.09081620570819,3.0320164310004985e-5,-24.748376912287686]
558.0,[-0.026848093598923265,-0.00010687196633834378,-0.0037219638296887587,1.6601807553245316e-5,0.18549568452379767,0.0,59.09081506359081,3.0320164310004985e-5,-24.748159290843958]
559.0,[-0.026848093598923265,-9.61847697045094e-5,-0.003958278993478521,1.661637054232711e-5,0.18549568452379767,1.1764358650593686e-5,59.09081506359081,-2.274012323250374e-5,-24.748159290843958]
560.0,[-0.02684806249363557,-0.00010534522396208172,-0.003781042620636199,1.66382150259498e-5,0.1854937307036531,2.941089662648422e-5,59.09081392147344,7.580041077501246e-6,-24.748283645954658]
561.0,[-0.02684806249363557,-0.0001022917392095576,-0.003485648665898996,1.6601807553245316e-5,0.1854976383439422,-1.764653797589053e-5,59.09081963206031,7.580041077501246e-6,-24.748314734732332]
562.0,[-0.02684806249363557,-9.771151208077145e-5,-0.003662885038741318,1.6652778015031593e-5,0.1854937307036531,-2.941089662648422e-5,59.09082191629506,0.0,-24.748190379621633]
563.0,[-0.027267486192899513,-6.106969505048216e-5,-0.002185915265055303,1.246591865401578e-5,0.18590012529372,5.882179325296843e-6,59.060729407700926,0.0,-25.567286405031993]
564.0,[-0.026849648863307957,-0.00010534522396208172,-0.0037219638296887587,1.6579963069622625e-5,0.14154059273180403,5.882179325296843e-6,59.08679481043113,-7.580041077501246e-6,-24.85777832092696]
565.0,[-0.026422324420969777,-0.00015725446475499155,-0.005907879094744061,2.0577503572575115e-5,0.18467703388323023,-2.3528717301187373e-5,59.1192937603342,1.5160082155002492e-5,-23.973116063399456]
566.0,[-0.026404501091121198,-0.0001557277223787295,-0.005848800303796621,2.0766822430638438e-5,0.226733012494719,1.1764358650593686e-5,59.12419915445944,-3.0320164310004985e-5,-23.839465408173467]
567.0,[-0.02638869960497272,-0.00016488817663630183,-0.005907879094744061,2.0890607837833687e-5,0.2286516638766694,-5.882179325296843e-6,59.12540865675947,-2.274012323250374e-5,-23.80651130383768]
568.0,[-0.0268307057431024,-0.00011297893584339199,-0.0038992002025310807,1.6805689400390432e-5,0.2305898534600653,-1.764653797589053e-5,59.09602540305515,2.274012323250374e-5,-24.606456642200072]
569.0,[-0.02683185663874707,-0.0001022917392095576,-0.0037219638296887587,1.6769281927685947e-5,0.1874768581503737,-1.764653797589053e-5,59.09212164586771,0.0,-24.71271808429415]
570.0,[-0.026847378177306307,-9.92382544570335e-5,-0.0038992002025310807,1.66382150259498e-5,0.1871505701862335,1.764653797589053e-5,59.09102178683567,1.5160082155002492e-5,-24.74287419863916]
571.0,[-0.02684750259845708,-0.00010076499683329555,-0.003781042620636199,1.6674622498654284e-5,0.1855836064303025,-1.764653797589053e-5,59.090864174637936,-7.580041077501246e-6,-24.7469779172923]
572.0,[-0.026848000283060183,-0.00010534522396208172,-0.0036038062477938776,1.660908904778621e-5,0.185546483847556,1.764653797589053e-5,59.09082420052981,0.0,-24.74809711328861]
573.0,[-0.026848031388347876,-0.0001022917392095576,-0.00384012141158364,1.6630933531408902e-5,0.18549959216408676,1.1764358650593686e-5,59.090820774177686,1.5160082155002492e-5,-24.748159290843958]
574.0,[-0.02726757950876259,-6.564992217926831e-5,-0.0022449940560027434,1.2487763137638471e-5,0.18592161731531007,-1.1764358650593686e-5,59.06072712346617,0.0,-25.567193138698965]
575.0,[-0.027268948141421123,-5.9542952674220104e-5,-0.0021268364741078623,1.2436792675852192e-5,0.1419548026024491,-5.882179325296843e-6,59.05670344395437,-7.580041077501246e-6,-25.67674999122662]
576.0,[-0.0264242218435191,-0.00015267423762620538,-0.00573064272190174,2.0504688627166143e-5,0.14072584973152572,0.0,59.115278075644014,7.580041077501246e-6,-24.082393116928035]
577.0,[-0.026420644735434307,-0.00015725446475499155,-0.006085115467586383,2.0621192539820497e-5,0.2263481099262422,1.764653797589053e-5,59.12308787425365,0.0,-23.86980805518453]
578.0,[-0.026831887744034767,-0.00010839870871460583,-0.003662885038741318,1.6820252389472228e-5,0.22749890999138353,1.1764358650593686e-5,59.09568847842955,1.5160082155002492e-5,-24.615627831614276]
579.0,[-0.026833163060830213,-9.92382544570335e-5,-0.003958278993478521,1.6805689400390432e-5,0.1873713518625679,1.1764358650593686e-5,59.09203598706459,3.0320164310004985e-5,-24.714987565064444]
580.0,[-0.026847191545580143,-9.61847697045094e-5,-0.003781042620636199,1.6645496520490698e-5,0.18703334097756033,-1.764653797589053e-5,59.09100351295767,2.274012323250374e-5,-24.743060731305214]
581.0,[-0.026847533703744774,-0.0001022917392095576,-0.003781042620636199,1.6630933531408902e-5,0.1855796987900134,1.764653797589053e-5,59.09086645887268,3.0320164310004985e-5,-24.746791384626246]
582.0,[-0.026848124704210958,-0.00010534522396208172,-0.0037219638296887587,1.666005950957249e-5,0.18555234530798967,-1.764653797589053e-5,59.09082191629506,2.274012323250374e-5,-24.748034935733255]
583.0,[-0.026848000283060183,-9.771151208077145e-5,-0.0037219638296887587,1.6630933531408902e-5,0.18550154598423133,1.764653797589053e-5,59.09082191629506,0.0,-24.748283645954658]
584.0,[-0.02684806249363557,-9.771151208077145e-5,-0.003781042620636199,1.6623652036868007e-5,0.1854937307036531,2.3528717301187373e-5,59.09081392147344,1.5160082155002492e-5,-24.748283645954658]
585.0,[-0.02684806249363557,-9.771151208077145e-5,-0.0038992002025310807,1.6652778015031593e-5,0.185489823063364,5.882179325296843e-6,59.09081506359081,0.0,-24.748283645954658]
586.0,[-0.026848124704210958,-0.0001022917392095576,-0.00384012141158364,1.6623652036868007e-5,0.185489823063364,0.0,59.09080935300394,-1.5160082155002492e-5,-24.748221468399308]
587.0,[-0.026848000283060183,-0.00010381848158581967,-0.003781042620636199,1.6623652036868007e-5,0.1854976383439422,5.882179325296843e-6,59.090812779356064,-2.274012323250374e-5,-24.74840800106536]
