247.0,[-0.09230041601559359,-0.00028517117553723695,-0.00022774038634752297,0.0007921629718449417,0.0,0.0,54.66594517270243,0.0,-52.07279878393913]
248.0,[-0.09230041601559359,-0.00028517117553723695,-0.00022774038634752297,0.0007921629718449417,0.0,0.0,54.66594517270243,0.0,-52.07279878393913]
249.0,[-0.020346369057494377,0.4185172172184489,0.21805914252388978,-0.023265107415422072,-4.090476914196632e-5,1.3261659355014634e-5,52.387912357876466,0.0,-74.31170808731065]
250.0,[-0.09402050844158619,0.0016091802048172656,0.0012730687596826534,0.001468046957825172,2.045238457098316e-5,0.0,54.72979323332256,0.0,-51.44949291227384]
251.0,[-0.09574559615606833,0.004269419885186062,0.0026007952120887124,0.0035610026733014673,2.045238457098316e-5,0.0,54.89346159102202,0.0,-49.851708306617034]
252.0,[-0.09599981486306242,0.005100490168180295,0.0030380567538759564,0.0038765604662869615,0.0,0.0,54.91889423874454,0.0,-49.60342639322014]
253.0,[-0.09601494499679074,0.00511678566392528,0.003044888965466382,0.0038998030574422023,-4.090476914196632e-5,0.0,54.920651368686315,0.0,-49.58627270993916]
254.0,[-0.09601891237393045,0.005165672151160235,0.0030949918504628374,0.0038995389370881654,4.090476914196632e-5,0.0,54.92089919633548,5.205364366014501e-6,-49.58382218375616]
255.0,[-0.09513422333883674,0.0031898432920808074,0.0020382764578103308,0.002906578466086729,0.0,0.0,54.8410593386969,0.0,-50.363276414488915]
256.0,[-0.09513137404070912,0.003181695544208315,0.002022334630766004,0.002893768628915943,-2.045238457098316e-5,0.0,54.840095682687675,0.0,-50.37267355938558]
257.0,[-0.09600899393108114,0.00511678566392528,0.0030471663693298575,0.0038799280008009313,-2.045238457098316e-5,1.3261659355014634e-5,54.91922077560418,0.0,-49.60023863246514]
258.0,[-0.0960100939765608,0.005112711789989034,0.0030403341577394318,0.003893662259210846,-4.090476914196632e-5,0.0,54.92018124069947,0.0,-49.59086225473952]
259.0,[-0.09513406103704466,0.0031898432920808074,0.0020382764578103308,0.002906248315644183,0.0,0.0,54.84103806593732,0.0,-50.36347370261382]
260.0,[-0.09415415495059755,0.0014869639867298784,0.001031663950154279,0.0019152027172095135,0.0,0.0,54.761291808440916,0.0,-51.14202456140624]
261.0,[-0.0941437856694369,0.001531776600028587,0.0010772120274237836,0.0018901773136645245,0.0,0.0,54.759650615038886,0.0,-51.15801528310885]
262.0,[-0.09511279950228223,0.0031531784266545914,0.002022334630766004,0.0028620741864315243,0.0,0.0,54.83770994270016,0.0,-50.39596394170959]
263.0,[-0.09413709522889672,0.0015195549782198482,0.0010726572196968333,0.00189387499862104,0.0,0.0,54.75986015172081,0.0,-51.15596971676118]
264.0,[-0.09414252332216518,0.0015277027260923407,0.0010772120274237836,0.0018894509826909232,0.0,0.0,54.75960700588174,0.0,-51.15846177728626]
265.0,[-0.095096479155412,0.002672461302177535,0.001557744242617057,0.0028903350643134642,-0.00018407146113884844,-6.630829677507316e-5,54.83769505176845,3.643755056210151e-5,-50.3961196954924]
266.0,[-0.09511633407464307,0.0031857694181445613,0.0020473860732642315,0.0028724409103274696,0.0001022619228549158,0.0,54.83864062593202,0.0,-50.3868990715496]
267.0,[-0.0951225015427421,0.003149104552718345,0.002001837995994727,0.002884788536878691,-2.045238457098316e-5,0.0,54.83933730880845,0.0,-50.380087439447706]
268.0,[-0.09512262777746927,0.0031368829309096065,0.002004115399858202,0.0028849866271442185,-2.045238457098316e-5,0.0,54.83935326337814,0.0,-50.37992130207937]
269.0,[-0.09512271794513154,0.003149104552718345,0.0020109476114486277,0.002885052657232728,0.0,0.0,54.839364963395916,0.0,-50.37985900056624]
270.0,[-0.09512271794513154,0.00316540004846333,0.002004115399858202,0.0028848545669672002,0.0,0.0,54.839360708844,0.0,-50.37985900056624]
271.0,[-0.09512269991159908,0.0031613261745270837,0.0020063928037216774,0.002885118687321237,0.0,0.0,54.839360708844,0.0,-50.37985900056624]
272.0,[-0.09414712187294076,0.0015358504739648332,0.0010794894312872588,0.0019029871508353103,0.0,0.0,54.760569598252985,0.0,-51.14904386521855]
273.0,[-0.09414356926704746,0.0015277027260923407,0.0010772120274237836,0.0018898471632219783,0.0,0.0,54.75962827864132,0.0,-51.1582333384048]
274.0,[-0.09511119451789388,0.00313280905697336,0.002004115399858202,0.002862932577582144,0.0,0.0,54.83770356087228,0.0,-50.396026243222714]
275.0,[-0.09511618980638345,0.003181695544208315,0.002049663477127707,0.0028731012112125616,2.045238457098316e-5,0.0,54.83863956229405,0.0,-50.386888687964074]
276.0,[-0.09600866932749699,0.005120859537861526,0.003044888965466382,0.003879333730004348,0.0,0.0,54.9191739755331,0.0,-49.6007058938136]
277.0,[-0.09601003987596345,0.00511678566392528,0.0030403341577394318,0.003893266078679791,-2.045238457098316e-5,0.0,54.92016741340574,0.0,-49.59098685776577]
278.0,[-0.09601887630686555,0.005169746025096481,0.0030972692543263123,0.0038996049671766743,4.090476914196632e-5,0.0,54.92089387814559,5.205364366014501e-6,-49.58390525244033]
279.0,[-0.09601900254159272,0.005177893772968974,0.0030904370427358866,0.0038996049671766743,2.045238457098316e-5,0.0,54.92091195999124,0.0,-49.58371834790095]
280.0,[-0.0951342413723692,0.0031939171660170535,0.0020382764578103308,0.002906644496175238,0.0,0.0,54.841061465972864,0.0,-50.36325564731788]
281.0,[-0.09513137404070912,0.00316540004846333,0.002022334630766004,0.0028940327492699798,0.0,0.0,54.840095682687675,0.0,-50.37268394297111]
282.0,[-0.09512306058224815,0.0031531784266545914,0.002015502419175578,0.0028852507474982554,0.0,0.0,54.83938410887954,0.0,-50.379640945270296]
283.0,[-0.09512291631398853,0.0031531784266545914,0.002015502419175578,0.002885052657232728,0.0,0.0,54.83936709067187,0.0,-50.37979669905311]
284.0,[-0.0951228081127938,0.00316540004846333,0.002015502419175578,0.0028849866271442185,-8.180953828393263e-5,0.0,54.839360708844,1.5616093098043503e-5,-50.37985900056624]
285.0,[-0.09512279007926135,0.003149104552718345,0.002013225015312103,0.002885118687321237,0.0,0.0,54.839360708844,0.0,-50.37986938415176]
286.0,[-0.09414726614120039,0.001531776600028587,0.0010794894312872588,0.0019026570003927643,2.045238457098316e-5,0.0,54.76057066189097,0.0,-51.14905424880408]
287.0,[-0.09414356926704746,0.001531776600028587,0.0010794894312872588,0.0018898471632219783,0.0,0.0,54.759629342279304,0.0,-51.1582333384048]
288.0,[-0.09511189782565956,0.0031368829309096065,0.0019972831882677767,0.0028633947882017083,4.090476914196632e-5,0.0,54.83770462451026,0.0,-50.39603662680823]
289.0,[-0.09511633407464307,0.003202064913889546,0.002045108669400756,0.0028728370908585247,2.045238457098316e-5,0.0,54.83864594412192,0.0,-50.38685753720751]
290.0,[-0.09414677923582415,0.0015236288521560946,0.0010726572196968333,0.001902855090658292,0.0,0.0,54.76054619821744,0.0,-51.1492619205145]
291.0,[-0.09414349713291766,0.0015277027260923407,0.0010772120274237836,0.0018897811331334692,0.0,0.0,54.75962296045142,0.0,-51.158295639917924]
292.0,[-0.09511171749033503,0.0031368829309096065,0.0019449028994078462,0.0028647153899718923,0.0,0.0,54.83770356087228,0.0,-50.39603662680823]
293.0,[-0.0951162078399159,0.0031694739223995763,0.0020564956887181326,0.002872903120947034,4.090476914196632e-5,1.3261659355014634e-5,54.83864062593202,-1.5616093098043503e-5,-50.386919838720644]
294.0,[-0.0951225015427421,0.00316540004846333,0.002004115399858202,0.002885184717409746,0.0,0.0,54.83933730880845,0.0,-50.380087439447706]
295.0,[-0.0941459496933313,0.0015439982218373256,0.0010885990467411598,0.001904769963225059,0.0,0.0,54.760563216425105,0.0,-51.14910616673168]
296.0,[-0.09414358730057992,0.001531776600028587,0.0010772120274237836,0.00188971510304496,0.0,0.0,54.75962827864132,0.0,-51.15824372199032]
297.0,[-0.09510084327026569,0.0028028252681374143,0.0016875562628351451,0.002884392356347636,-0.0002454286148517979,1.3261659355014634e-5,54.83770462451026,0.0,-50.3961196954924]
298.0,[-0.09511595537046155,0.0031735477963358225,0.002045108669400756,0.002873167241301071,2.045238457098316e-5,0.0,54.83864062593202,0.0,-50.3868990715496]
299.0,[-0.0951224654756772,0.0031613261745270837,0.002013225015312103,0.002884788536878691,0.0,0.0,54.83933730880845,0.0,-50.380087439447706]
300.0,[-0.095122537609807,0.0031450306787820987,0.002001837995994727,0.002885118687321237,0.0,0.0,54.83935326337814,0.0,-50.379973220006974]
301.0,[-0.09512257367687191,0.003149104552718345,0.0020109476114486277,0.002885184717409746,-0.0001022619228549158,0.0,54.83935964520602,0.0,-50.37986938415176]
302.0,[-0.09600888572988643,0.005120859537861526,0.0030380567538759564,0.0038796638804468944,-2.045238457098316e-5,-1.3261659355014634e-5,54.919197375568636,0.0,-49.600477454932125]
303.0,[-0.0960100939765608,0.005112711789989034,0.0030403341577394318,0.003893398138856809,-2.045238457098316e-5,0.0,54.920173795233616,0.0,-49.590924556252645]
304.0,[-0.0951339708693824,0.00316540004846333,0.0020246120346294793,0.002906578466086729,0.0,0.0,54.8410391295753,0.0,-50.36348408619934]
305.0,[-0.09415455168831152,0.001482890112793632,0.001031663950154279,0.001914740506589949,0.0,0.0,54.76129287207889,0.0,-51.14198302706415]
306.0,[-0.09414295612694405,0.0015277027260923407,0.0010794894312872588,0.0018901112835760152,0.0,0.0,54.75965167867687,0.0,-51.15800489952333]
307.0,[-0.09509514467401045,0.0026317225628150723,0.0014507062610337213,0.002894494959889544,-0.0004499524605616295,2.6523318710029268e-5,54.837728024545804,-9.369655858826102e-5,-50.39599509246615]
308.0,[-0.09511597340399401,0.0031898432920808074,0.002045108669400756,0.00287323327138958,2.045238457098316e-5,0.0,54.838641689570004,0.0,-50.386888687964074]
309.0,[-0.0951224654756772,0.0031613261745270837,0.002004115399858202,0.0028848545669672002,0.0,0.0,54.83933730880845,0.0,-50.380087439447706]
310.0,[-0.09512260974393683,0.0031613261745270837,0.002013225015312103,0.002885184717409746,0.0,0.0,54.83935326337814,0.0,-50.379931685664886]
311.0,[-0.09512259171040437,0.003149104552718345,0.002013225015312103,0.002885184717409746,0.0,0.0,54.839360708844,0.0,-50.37991091849385]
312.0,[-0.09414658086696716,0.0015399243479010795,0.0010863216428776846,0.0019033173012778565,0.0,0.0,54.760569598252985,0.0,-51.14904386521855]
313.0,[-0.09414281185868442,0.001348452272897506,0.0009792836612943488,0.0018897811331334692,0.0,0.0,54.75962827864132,0.0,-51.1582333384048]
314.0,[-0.0960002476678413,0.005096416294244049,0.0030380567538759564,0.0038572136503537643,-2.045238457098316e-5,0.0,54.917520018475315,0.0,-49.616841985713506]
315.0,[-0.09600291663064439,0.005104564042116541,0.0030403341577394318,0.003883757745934465,-2.045238457098316e-5,0.0,54.91944626685579,0.0,-49.59804769592017]
316.0,[-0.09513380856759031,0.0031898432920808074,0.00203372165008338,0.002905918165201637,0.0,0.0,54.841015729539755,0.0,-50.36370214149529]
317.0,[-0.09513164454369592,0.003181695544208315,0.002031444246219905,0.0028930422979423416,0.0,0.0,54.84008185539395,0.0,-50.372818929582884]
318.0,[-0.09512286221339117,0.003149104552718345,0.002001837995994727,0.0028855148678522922,0.0,0.0,54.83938304524156,0.0,-50.379640945270296]
319.0,[-0.09512275401219644,0.0031613261745270837,0.002001837995994727,0.002885052657232728,0.0,0.0,54.83936709067187,0.0,-50.37979669905311]
320.0,[-0.09512266384453417,0.00316540004846333,0.0019995605921312516,0.0028855148678522922,0.0,0.0,54.839360708844,0.0,-50.37986938415176]
321.0,[-0.09512264581100173,0.0031450306787820987,0.002001837995994727,0.002885448837763783,0.0,0.0,54.839360708844,0.0,-50.37986938415176]
322.0,[-0.09512266384453417,0.00316540004846333,0.002001837995994727,0.002885118687321237,0.0,0.0,54.839360708844,0.0,-50.37985900056624]
323.0,[-0.09512266384453417,0.00316540004846333,0.002004115399858202,0.002885118687321237,-2.045238457098316e-5,0.0,54.839360708844,0.0,-50.37986938415176]
324.0,[-0.09512264581100173,0.003149104552718345,0.002015502419175578,0.0028852507474982554,-2.045238457098316e-5,0.0,54.839360708844,0.0,-50.37985900056624]
325.0,[-0.09512266384453417,0.0031450306787820987,0.002001837995994727,0.0028852507474982554,0.0,0.0,54.83935964520602,0.0,-50.37986938415176]
326.0,[-0.09512266384453417,0.0031613261745270837,0.0019995605921312516,0.002885184717409746,0.0,0.0,54.83935964520602,0.0,-50.37986938415176]
327.0,[-0.09414661693403208,0.001478816238857386,0.0010544379887890314,0.0019033173012778565,0.0,0.0,54.760569598252985,-5.205364366014501e-6,-51.14904386521855]
328.0,[-0.09414358730057992,0.0015277027260923407,0.0010772120274237836,0.0018898471632219783,2.045238457098316e-5,0.0,54.75962827864132,0.0,-51.1582333384048]
329.0,[-0.09510924689638893,0.0030554054521846814,0.0019221288607730938,0.0028682810147513896,-4.090476914196632e-5,-1.3261659355014634e-5,54.837707815424196,1.0410728732029002e-5,-50.39604701039376]
330.0,[-0.09511276343521732,0.003075774821865913,0.0019471803032713214,0.0028791759793554087,-0.00014316669199688212,1.3261659355014634e-5,54.83863530774213,0.0,-50.38695098947721]
331.0,[-0.09512248350920964,0.003128735183037114,0.002001837995994727,0.0028849205970557096,-2.045238457098316e-5,0.0,54.83933730880845,0.0,-50.380087439447706]
332.0,[-0.09600883162928907,0.005129007285734019,0.003044888965466382,0.003879465790181367,-2.045238457098316e-5,0.0,54.91918993010278,0.0,-49.60053975644526]
333.0,[-0.09601011201009325,0.005120859537861526,0.0030471663693298575,0.0038933321087683,-2.045238457098316e-5,0.0,54.920173795233616,0.0,-49.590934939838164]
334.0,[-0.0951339348023175,0.0031898432920808074,0.0020359990539468554,0.0029067765563522566,0.0,0.0,54.84103806593732,0.0,-50.36347370261382]
335.0,[-0.09513169864429329,0.003181695544208315,0.0020382764578103308,0.002893240388207869,0.0,0.0,54.8400893008598,0.0,-50.37274624448423]
336.0,[-0.09512286221339117,0.00313280905697336,0.002004115399858202,0.002885118687321237,0.0,0.0,54.83938304524156,0.0,-50.379640945270296]
337.0,[-0.0960089398304838,0.005112711789989034,0.0030426115616029067,0.0038796638804468944,-2.045238457098316e-5,0.0,54.91920375739652,0.0,-49.60040476983348]
338.0,[-0.0960101300436257,0.005124933411797772,0.003044888965466382,0.0038933321087683,0.0,0.0,54.92017592250958,0.0,-49.59091417266713]
339.0,[-0.0951339348023175,0.0031898432920808074,0.0020359990539468554,0.002906314345732692,2.045238457098316e-5,0.0,54.84103806593732,0.0,-50.36347370261382]
340.0,[-0.09601626144465983,0.005124933411797772,0.0030494437731933325,0.003889106183103711,-2.045238457098316e-5,-1.3261659355014634e-5,54.919934476688276,0.0,-49.59327124658043]
341.0,[-0.09601020217775552,0.005112711789989034,0.003044888965466382,0.003893662259210846,-2.045238457098316e-5,0.0,54.92019719526916,0.0,-49.590685733785655]
342.0,[-0.09513409710410957,0.0031898432920808074,0.00203372165008338,0.0029064464059097104,2.045238457098316e-5,0.0,54.84104551140317,0.0,-50.36341140110069]
343.0,[-0.0941536319781564,0.001482890112793632,0.001002057699929101,0.001915995078271624,-8.180953828393263e-5,0.0,54.76128861752698,0.0,-51.14201417782071]
344.0,[-0.09414295612694405,0.001531776600028587,0.0010772120274237836,0.0018901773136645245,0.0,0.0,54.75965167867687,0.0,-51.15800489952333]
345.0,[-0.09413002608417503,0.0014014126340687071,0.0009246259685709433,0.0018883945012747759,-6.135715371294948e-5,2.6523318710029268e-5,54.75893691395479,0.0,-51.16493075106595]
346.0,[-0.09414093637130928,0.001649918944179728,0.0012161336630957726,0.001871754918970456,6.135715371294948e-5,5.3046637420058535e-5,54.7589209593851,-1.5616093098043503e-5,-51.16530456014472]
347.0,[-0.09509202487289603,0.002562466705898886,0.0014097129914911672,0.0028997773669702806,-0.00022497623028081476,0.0,54.83766952445694,0.0,-50.39636890154491]
348.0,[-0.09511586520279929,0.0031857694181445613,0.002042831265537281,0.0028733653315665985,8.180953828393263e-5,-3.9784978065043896e-5,54.83863424410415,-1.0410728732029002e-5,-50.386961373062725]
349.0,[-0.09512244744214474,0.003149104552718345,0.002001837995994727,0.002885118687321237,0.0,0.0,54.83933730880845,0.0,-50.380087439447706]
350.0,[-0.09512251957627456,0.003149104552718345,0.002004115399858202,0.002885448837763783,-2.045238457098316e-5,0.0,54.83935432701612,0.0,-50.379931685664886]
351.0,[-0.09512266384453417,0.003149104552718345,0.002004115399858202,0.0028852507474982554,0.0,0.0,54.83935964520602,0.0,-50.37986938415176]
352.0,[-0.09512266384453417,0.0031572523005908375,0.002013225015312103,0.002885184717409746,-2.045238457098316e-5,0.0,54.839360708844,0.0,-50.37986938415176]
353.0,[-0.09512259171040437,0.0031450306787820987,0.002013225015312103,0.002885184717409746,0.0,0.0,54.83935964520602,2.0821457464058004e-5,-50.37985900056624]
354.0,[-0.09512266384453417,0.003149104552718345,0.0020109476114486277,0.0028852507474982554,-2.045238457098316e-5,0.0,54.839360708844,0.0,-50.37986938415176]
355.0,[-0.09512264581100173,0.0031613261745270837,0.002001837995994727,0.0028852507474982554,-2.045238457098316e-5,0.0,54.83935964520602,0.0,-50.37985900056624]
356.0,[-0.09512266384453417,0.00316540004846333,0.002001837995994727,0.0028852507474982554,0.0,0.0,54.839360708844,0.0,-50.37985900056624]
357.0,[-0.09414661693403208,0.001478816238857386,0.001052160584925556,0.0019033833313663656,0.0,0.0,54.760569598252985,0.0,-51.14904386521855]
358.0,[-0.09414356926704746,0.0015277027260923407,0.0010772120274237836,0.0018898471632219783,0.0,0.0,54.75962827864132,0.0,-51.1582333384048]
359.0,[-0.09510928296345383,0.003063553200057174,0.0019198514569096186,0.0028680168943973528,-2.045238457098316e-5,0.0,54.837707815424196,0.0,-50.39600547605167]
360.0,[-0.09511274540168486,0.00310021806548339,0.0019471803032713214,0.0028791759793554087,-4.090476914196632e-5,-6.630829677507316e-5,54.83864062593202,0.0,-50.38682638645095]
361.0,[-0.0951225015427421,0.00316540004846333,0.002004115399858202,0.0028849205970557096,-2.045238457098316e-5,0.0,54.83933730880845,0.0,-50.380087439447706]
362.0,[-0.09512251957627456,0.0031450306787820987,0.002013225015312103,0.002885118687321237,0.0,5.3046637420058535e-5,54.83935432701612,0.0,-50.37992130207937]
363.0,[-0.09512264581100173,0.0031531784266545914,0.002004115399858202,0.0028855148678522922,0.0,0.0,54.83935964520602,0.0,-50.37986938415176]
364.0,[-0.09512264581100173,0.003149104552718345,0.002001837995994727,0.002885184717409746,-0.0001022619228549158,0.0,54.839360708844,0.0,-50.37986938415176]
365.0,[-0.09512266384453417,0.0031450306787820987,0.002001837995994727,0.0028855148678522922,0.0,-1.3261659355014634e-5,54.83935964520602,5.205364366014501e-6,-50.37986938415176]
366.0,[-0.09512266384453417,0.0031450306787820987,0.002004115399858202,0.002885184717409746,0.0,0.0,54.83936177248198,0.0,-50.37985900056624]
367.0,[-0.09512257367687191,0.0031450306787820987,0.002004115399858202,0.002885448837763783,0.0,0.0,54.839360708844,0.0,-50.37986938415176]
368.0,[-0.09512264581100173,0.003149104552718345,0.0020109476114486277,0.0028852507474982554,0.0,0.0,54.83935964520602,0.0,-50.37986938415176]
369.0,[-0.09512266384453417,0.00316540004846333,0.0020109476114486277,0.002885448837763783,0.0,0.0,54.839360708844,0.0,-50.37985900056624]
370.0,[-0.09600890376341888,0.00511678566392528,0.003044888965466382,0.003879597850358385,-4.090476914196632e-5,0.0,54.91919631193066,0.0,-49.600477454932125]
371.0,[-0.0968002332010019,0.007341120833115728,0.0041380428199344925,0.004899564627560087,0.0,0.0,55.00097092705355,0.0,-48.80217701647843]
372.0,[-0.09602324042171925,0.005300109991056361,0.0031678687740940444,0.003907660637974797,4.090476914196632e-5,0.0,54.92188518874227,0.0,-49.57416544922146]
373.0,[-0.09602298795226491,0.005100490168180295,0.0029879538688795016,0.003915848368949939,-2.045238457098316e-5,0.0,54.92164161564502,-5.205364366014501e-6,-49.57661597540446]
374.0,[-0.09601916484338481,0.005169746025096481,0.003092714446599362,0.003900067177796239,4.090476914196632e-5,-1.3261659355014634e-5,54.92093748730274,0.0,-49.58347952543396]
375.0,[-0.09601907467572254,0.005186041520841466,0.0030995466581897877,0.0038998690875307112,0.0,0.0,54.920925787284965,0.0,-49.583604128460216]
376.0,[-0.09601909270925499,0.005194189268713958,0.0030995466581897877,0.0038998030574422023,4.090476914196632e-5,0.0,54.92092153273305,-5.205364366014501e-6,-49.58367681355886]
377.0,[-0.09415979944625542,0.0015358504739648332,0.0010726572196968333,0.001925635471193968,0.0001022619228549158,0.0,54.76224908262226,0.0,-51.13258588216748]
378.0,[-0.09415245979854693,0.0014910378606661245,0.0010589927965159818,0.00189968564640985,0.0,0.0,54.76035367974319,0.0,-51.15116211666487]
379.0,[-0.09413195567214754,0.0014584468691761546,0.0009883932767482497,0.0018857532977344077,2.045238457098316e-5,0.0,54.75895818671437,0.0,-51.164754230112095]
380.0,[-0.0941262210088274,0.00127919641598132,0.0008471942372127854,0.0018938089685325307,-0.00012271430742589895,0.0,54.75891564119521,0.0,-51.16502420333565]
381.0,[-0.0951454762630876,0.003988322583585071,0.0027784327134397803,0.002805156250136589,0.0011862383051170233,0.0,54.83774078820156,0.0,-50.395621283387385]
382.0,[-0.09511609963872118,0.0031979910399533,0.0020587730925816076,0.0028727050306815065,2.045238457098316e-5,0.0,54.83863424410415,0.0,-50.38694060589168]
383.0,[-0.0941459136262664,0.0015399243479010795,0.0010840442390142094,0.0019049020234020774,0.0,0.0,54.76054726185542,0.0,-51.149272304100016]
384.0,[-0.09308175487619749,0.00029739279734597565,0.0002527918288457505,0.0009237609382437888,0.0,0.0,54.68198057887803,0.0,-51.916255848621844]
385.0,[-0.09412813256326745,0.0014380774994949233,0.0009906706806117249,0.0018726793402095848,-2.045238457098316e-5,0.0,54.75801154891282,0.0,-51.17407868991011]
386.0,[-0.09599307032192489,0.005080120798499063,0.0030312245422855306,0.0038480354680509848,-2.045238457098316e-5,0.0,54.91680099920133,0.0,-49.62386128952582]
387.0,[-0.09600273629531986,0.005100490168180295,0.0030357793500124814,0.003883625685757447,0.0,0.0,54.91942286682025,0.0,-49.59827613480164]
388.0,[-0.09513357413166842,0.0031898432920808074,0.0020359990539468554,0.002906314345732692,0.0,0.0,54.8410082840739,0.0,-50.36377482659393]
389.0,[-0.09513155437603366,0.003181695544208315,0.002031444246219905,0.0028929762678538327,0.0,0.0,54.84008185539395,0.0,-50.37280854599736]
390.0,[-0.09512286221339117,0.003149104552718345,0.002013225015312103,0.002885382807675274,0.0,0.0,54.83938304524156,0.0,-50.379640945270296]
391.0,[-0.09512266384453417,0.0031450306787820987,0.0020109476114486277,0.0028852507474982554,0.0,0.0,54.83936709067187,0.0,-50.37979669905311]
392.0,[-0.09512266384453417,0.0031409568048458526,0.002004115399858202,0.002885184717409746,-2.045238457098316e-5,0.0,54.839360708844,0.0,-50.37985900056624]
393.0,[-0.09414658086696716,0.001478816238857386,0.001052160584925556,0.0019033173012778565,0.0,0.0,54.760569598252985,0.0,-51.14904386521855]
394.0,[-0.09414356926704746,0.001531776600028587,0.0010794894312872588,0.0018897811331334692,0.0,0.0,54.75962827864132,0.0,-51.1582333384048]
395.0,[-0.09600026570137375,0.005096416294244049,0.0030357793500124814,0.0038572136503537643,0.0,0.0,54.917521082113296,0.0,-49.616841985713506]
396.0,[-0.09600289859711193,0.005100490168180295,0.0030357793500124814,0.0038838237760229744,-4.090476914196632e-5,0.0,54.91944520321781,0.0,-49.59804769592017]
397.0,[-0.09513382660112277,0.0031939171660170535,0.0020382764578103308,0.002905918165201637,0.0,0.0,54.841015729539755,0.0,-50.36370214149529]
398.0,[-0.09513159044309856,0.0031857694181445613,0.002031444246219905,0.0028929762678538327,0.0,0.0,54.84008291903193,0.0,-50.372818929582884]
399.0,[-0.0960090119646136,0.00511678566392528,0.0030426115616029067,0.0038799280008009313,-2.045238457098316e-5,0.0,54.91921971196621,0.0,-49.60024901605066]
400.0,[-0.09601018414422306,0.005120859537861526,0.0030471663693298575,0.003893398138856809,-2.045238457098316e-5,1.3261659355014634e-5,54.92018124069947,0.0,-49.59086225473952]
401.0,[-0.09513402496997976,0.0031898432920808074,0.0020382764578103308,0.0029064464059097104,2.045238457098316e-5,0.0,54.84103806593732,0.0,-50.36347370261382]
402.0,[-0.09513151830896875,0.0031776216702720686,0.002031444246219905,0.0028933724483848878,0.0,0.0,54.8400893008598,0.0,-50.37274624448423]
403.0,[-0.09512298844811834,0.00316540004846333,0.002013225015312103,0.002885448837763783,0.0,0.0,54.83938304524156,0.0,-50.379640945270296]
404.0,[-0.0951227720457289,0.00316540004846333,0.002004115399858202,0.0028852507474982554,-4.090476914196632e-5,0.0,54.83936709067187,0.0,-50.37979669905311]
405.0,[-0.09512268187806663,0.0031450306787820987,0.002015502419175578,0.002885118687321237,0.0,0.0,54.83935645429208,0.0,-50.379817466224154]
406.0,[-0.09512269991159908,0.0031450306787820987,0.0020063928037216774,0.0028855148678522922,0.0,0.0,54.839360708844,0.0,-50.37986938415176]
407.0,[-0.09512269991159908,0.0031450306787820987,0.002004115399858202,0.002885052657232728,0.0,0.0,54.839363899757934,0.0,-50.37982784980968]
408.0,[-0.09512269991159908,0.0031531784266545914,0.002008670207585153,0.0028853167775867647,0.0,0.0,54.839360708844,0.0,-50.37986938415176]
409.0,[-0.09414636446457772,0.0014543729952399083,0.0010384961617447047,0.0019037134818089116,-2.045238457098316e-5,0.0,54.760569598252985,0.0,-51.14904386521855]
410.0,[-0.09414358730057992,0.0015277027260923407,0.0010794894312872588,0.0018898471632219783,0.0,0.0,54.75962827864132,0.0,-51.1582333384048]
411.0,[-0.0960002476678413,0.005092342420307802,0.0030357793500124814,0.0038571476202652554,-2.045238457098316e-5,0.0,54.917520018475315,0.0,-49.616841985713506]
412.0,[-0.09600282646298212,0.005104564042116541,0.0030357793500124814,0.0038838898061114837,0.0,0.0,54.91944520321781,0.0,-49.59804769592017]
413.0,[-0.09513375446699296,0.0031939171660170535,0.00203372165008338,0.002906314345732692,2.045238457098316e-5,0.0,54.841015729539755,0.0,-50.36370214149529]
414.0,[-0.0951317707784231,0.0031857694181445613,0.00203372165008338,0.0028929102377653233,0.0,0.0,54.84008291903193,0.0,-50.372818929582884]
415.0,[-0.09512289828045607,0.003149104552718345,0.002013225015312103,0.002885448837763783,0.0,0.0,54.83938410887954,0.0,-50.37963056168477]
416.0,[-0.09512275401219644,0.003149104552718345,0.0020109476114486277,0.002885118687321237,0.0,0.0,54.83936709067187,0.0,-50.37979669905311]
417.0,[-0.09512269991159908,0.0031694739223995763,0.002013225015312103,0.002885448837763783,0.0,0.0,54.839360708844,0.0,-50.37985900056624]
418.0,[-0.09512268187806663,0.00316540004846333,0.002001837995994727,0.002885184717409746,0.0,0.0,54.839360708844,0.0,-50.37986938415176]
419.0,[-0.09600886769635397,0.005112711789989034,0.0030426115616029067,0.0038796638804468944,-2.045238457098316e-5,0.0,54.919197375568636,0.0,-49.600477454932125]
420.0,[-0.09601005790949589,0.005120859537861526,0.0030380567538759564,0.0038933321087683,-2.045238457098316e-5,0.0,54.920173795233616,0.0,-49.590924556252645]
421.0,[-0.0951339708693824,0.0031735477963358225,0.0020268894384929547,0.002906578466086729,0.0,0.0,54.84103806593732,0.0,-50.36348408619934]
422.0,[-0.09513142814130648,0.003181695544208315,0.0020291668423564296,0.0028935705386504153,-2.045238457098316e-5,0.0,54.84008823722182,0.0,-50.37274624448423]
423.0,[-0.09512295238105344,0.0031613261745270837,0.002013225015312103,0.0028853167775867647,0.0,0.0,54.83938410887954,0.0,-50.37963056168477]
424.0,[-0.09600888572988643,0.005112711789989034,0.0030403341577394318,0.0038796638804468944,0.0,0.0,54.91920375739652,0.0,-49.600394386247956]
425.0,[-0.0960100939765608,0.005120859537861526,0.0030426115616029067,0.0038934641689453184,0.0,0.0,54.920173795233616,0.0,-49.590924556252645]
426.0,[-0.09415943877560637,0.0015399243479010795,0.0010840442390142094,0.001925701501282477,-2.045238457098316e-5,2.6523318710029268e-5,54.76222355531076,0.0,-51.1328870061476]
427.0,[-0.09415235159735222,0.0015399243479010795,0.0010885990467411598,0.0018995535862328316,2.045238457098316e-5,0.0,54.760335597897544,0.0,-51.15111019873727]
428.0,[-0.0951359365244198,0.003800924382517744,0.0026941687704911967,0.002818956538635013,-0.0001022619228549158,0.0,54.83772696090782,-7.808046549021751e-5,-50.39571473565708]
429.0,[-0.09511635210817553,0.0031898432920808074,0.0020564956887181326,0.0028727710607700154,0.0,0.0,54.83864807139788,0.0,-50.386836770036474]
430.0,[-0.0951225015427421,0.0031613261745270837,0.0020109476114486277,0.0028848545669672002,0.0,0.0,54.83933730880845,0.0,-50.380087439447706]
431.0,[-0.09512269991159908,0.0031531784266545914,0.002013225015312103,0.002885052657232728,0.0,0.0,54.83935326337814,0.0,-50.37992130207937]
432.0,[-0.09512271794513154,0.0031450306787820987,0.002013225015312103,0.002885052657232728,0.0,0.0,54.83935964520602,0.0,-50.37985900056624]
433.0,[-0.095122735978664,0.003149104552718345,0.002013225015312103,0.002885118687321237,0.0,0.0,54.839360708844,0.0,-50.37986938415176]
434.0,[-0.09600884966282153,0.005120859537861526,0.0030403341577394318,0.003879597850358385,-2.045238457098316e-5,0.0,54.919197375568636,0.0,-49.60046707134661]
435.0,[-0.09601005790949589,0.005124933411797772,0.0030403341577394318,0.003893398138856809,0.0,0.0,54.920172731595635,-5.205364366014501e-6,-49.590924556252645]
436.0,[-0.0951339708693824,0.0031939171660170535,0.0020359990539468554,0.0029064464059097104,0.0,0.0,54.84103806593732,0.0,-50.36348408619934]
437.0,[-0.09513137404070912,0.0031735477963358225,0.0020291668423564296,0.0028936365687389247,-2.045238457098316e-5,0.0,54.8400893008598,0.0,-50.37275662806975]
438.0,[-0.09512298844811834,0.00316540004846333,0.002008670207585153,0.002885052657232728,0.0,0.0,54.83938304524156,0.0,-50.379640945270296]
439.0,[-0.09512284417985871,0.0031531784266545914,0.0020063928037216774,0.002885118687321237,0.0,0.0,54.83936709067187,0.0,-50.37979669905311]
440.0,[-0.09512282614632626,0.0031531784266545914,0.002013225015312103,0.0028849866271442185,-2.045238457098316e-5,0.0,54.839360708844,0.0,-50.37985900056624]
441.0,[-0.0941473022082653,0.0015358504739648332,0.0010794894312872588,0.0019026570003927643,0.0,0.0,54.760569598252985,0.0,-51.14905424880408]
442.0,[-0.09414270365748971,0.001531776600028587,0.0010794894312872588,0.0018898471632219783,2.045238457098316e-5,-1.3261659355014634e-5,54.759629342279304,-5.205364366014501e-6,-51.15822295481927]
443.0,[-0.09511189782565956,0.0031246613091008677,0.0019972831882677767,0.0028635268483787266,2.045238457098316e-5,0.0,54.83770462451026,0.0,-50.396026243222714]
444.0,[-0.09511633407464307,0.0031857694181445613,0.0020542182848546572,0.0028724409103274696,0.0001022619228549158,0.0,54.83864488048394,0.0,-50.38684715362199]
445.0,[-0.09512259171040437,0.003149104552718345,0.002013225015312103,0.0028849205970557096,-8.180953828393263e-5,0.0,54.83933730880845,0.0,-50.380087439447706]
446.0,[-0.09414701367174604,0.0015358504739648332,0.0010749346235603085,0.001902855090658292,0.0,0.0,54.760563216425105,0.0,-51.14910616673168]
447.0,[-0.09414358730057992,0.0015236288521560946,0.0010794894312872588,0.0018898471632219783,0.0,0.0,54.75962827864132,0.0,-51.1582333384048]
448.0,[-0.09511110435023162,0.0031368829309096065,0.002004115399858202,0.0028647153899718923,0.0,0.0,54.83770462451026,0.0,-50.39603662680823]
449.0,[-0.0951162078399159,0.0031979910399533,0.002049663477127707,0.0028730351811240523,2.045238457098316e-5,0.0,54.83864062593202,0.0,-50.386888687964074]
450.0,[-0.0951224654756772,0.0031613261745270837,0.002001837995994727,0.0028852507474982554,-2.045238457098316e-5,0.0,54.83933730880845,0.0,-50.380097823033225]
451.0,[-0.09512259171040437,0.0031694739223995763,0.002013225015312103,0.002885118687321237,-2.045238457098316e-5,0.0,54.83935432701612,0.0,-50.37992130207937]
452.0,[-0.09512264581100173,0.003149104552718345,0.0020109476114486277,0.002885184717409746,-0.0001022619228549158,0.0,54.83935964520602,0.0,-50.37985900056624]
453.0,[-0.09512268187806663,0.0031613261745270837,0.002001837995994727,0.002885052657232728,0.0,0.0,54.839360708844,0.0,-50.37985900056624]
454.0,[-0.09600884966282153,0.00511678566392528,0.0030426115616029067,0.0038796638804468944,-2.045238457098316e-5,0.0,54.919197375568636,0.0,-49.600477454932125]
455.0,[-0.09601005790949589,0.0051086379160527875,0.0030426115616029067,0.0038934641689453184,-4.090476914196632e-5,0.0,54.9201748588716,0.0,-49.590924556252645]
456.0,[-0.0951340069364473,0.0031735477963358225,0.0020268894384929547,0.0029065124359982197,2.045238457098316e-5,-1.3261659355014634e-5,54.84103806593732,0.0,-50.36347370261382]
457.0,[-0.09513142814130648,0.003181695544208315,0.0020291668423564296,0.0028935705386504153,0.0,0.0,54.84008823722182,0.0,-50.372735860898715]
458.0,[-0.0960090119646136,0.00511678566392528,0.003044888965466382,0.0038799280008009313,-2.045238457098316e-5,0.0,54.91922077560418,0.0,-49.60024901605066]
459.0,[-0.09601016611069062,0.005120859537861526,0.0030380567538759564,0.0038935301990338277,-2.045238457098316e-5,0.0,54.92018017706149,0.0,-49.59086225473952]
460.0,[-0.0951340069364473,0.0031898432920808074,0.0020291668423564296,0.002906578466086729,2.045238457098316e-5,0.0,54.8410391295753,0.0,-50.36347370261382]
461.0,[-0.09513131994011176,0.003181695544208315,0.002022334630766004,0.0028939006890929615,0.0,0.0,54.8400893008598,0.0,-50.37274624448423]
462.0,[-0.09512300648165078,0.003149104552718345,0.002015502419175578,0.002885184717409746,0.0,0.0,54.83938304524156,0.0,-50.379640945270296]
463.0,[-0.09512286221339117,0.00316540004846333,0.002008670207585153,0.002885118687321237,0.0,0.0,54.83936709067187,0.0,-50.37979669905311]
464.0,[-0.09600884966282153,0.0051086379160527875,0.003044888965466382,0.0038796638804468944,-2.045238457098316e-5,0.0,54.919197375568636,0.0,-49.60046707134661]
465.0,[-0.09512563937738898,0.0031735477963358225,0.0020268894384929547,0.002897664404137986,0.0,0.0,54.84032649212918,0.0,-50.37043070491301]
466.0,[-0.0941532893410398,0.001482890112793632,0.0010157221231099525,0.0019161931685371515,2.045238457098316e-5,0.0,54.76127159931931,0.0,-51.14219069877458]
467.0,[-0.09511889483625144,0.003096144191547144,0.0019676769380425983,0.0028748179935138007,-4.090476914196632e-5,0.0,54.83842364378425,0.0,-50.3890069394104]
468.0,[-0.09511649637643516,0.0031735477963358225,0.002049663477127707,0.002873167241301071,2.045238457098316e-5,0.0,54.83866402596757,2.6026821830072505e-5,-50.38666024908261]
469.0,[-0.09512264581100173,0.003149104552718345,0.002015502419175578,0.002884788536878691,-6.135715371294948e-5,0.0,54.83934475427431,0.0,-50.38002513793458]
470.0,[-0.09512268187806663,0.00316540004846333,0.0020063928037216774,0.0028849205970557096,0.0,0.0,54.83935432701612,0.0,-50.37992130207937]
471.0,[-0.09512282614632626,0.0031531784266545914,0.002013225015312103,0.002885052657232728,0.0,0.0,54.83935964520602,0.0,-50.37986938415176]
472.0,[-0.09512282614632626,0.003149104552718345,0.002015502419175578,0.0028849866271442185,0.0,0.0,54.83935964520602,0.0,-50.37986938415176]
473.0,[-0.09512279007926135,0.003149104552718345,0.0020063928037216774,0.0028847225067901816,0.0,0.0,54.83935964520602,0.0,-50.37985900056624]
474.0,[-0.09512282614632626,0.0031531784266545914,0.002015502419175578,0.002885052657232728,0.0,0.0,54.839360708844,0.0,-50.37985900056624]
475.0,[-0.09512284417985871,0.00316540004846333,0.0020109476114486277,0.002885052657232728,-2.045238457098316e-5,0.0,54.839360708844,0.0,-50.37986938415176]
476.0,[-0.09512279007926135,0.0031531784266545914,0.002013225015312103,0.0028849866271442185,0.0,0.0,54.839360708844,0.0,-50.37985900056624]
477.0,[-0.09512284417985871,0.003149104552718345,0.002015502419175578,0.002885052657232728,0.0,0.0,54.839360708844,0.0,-50.37985900056624]
478.0,[-0.09414735630886266,0.001531776600028587,0.001081766835150734,0.0019027230304812736,2.045238457098316e-5,0.0,54.760569598252985,0.0,-51.14905424880408]
479.0,[-0.094143551233515,0.0015277027260923407,0.0010772120274237836,0.0018897811331334692,0.0,0.0,54.759629342279304,0.0,-51.15822295481927]
480.0,[-0.09511178962446484,0.0031368829309096065,0.0020063928037216774,0.00286326272802469,4.090476914196632e-5,0.0,54.83770462451026,0.0,-50.39603662680823]
481.0,[-0.09511631604111062,0.0031857694181445613,0.0020542182848546572,0.0028728370908585247,0.0,0.0,54.83864062593202,0.0,-50.386888687964074]
482.0,[-0.09414677923582415,0.001531776600028587,0.001070379815833358,0.0019029211207468011,0.0,0.0,54.76054726185542,0.0,-51.149272304100016]
483.0,[-0.0941434790993852,0.001531776600028587,0.0010772120274237836,0.0018897811331334692,0.0,0.0,54.75962189681345,0.0,-51.158295639917924]
484.0,[-0.09511169945680258,0.00313280905697336,0.0019426254955443709,0.0028646493598833834,0.0,0.0,54.83770356087228,0.0,-50.39603662680823]
485.0,[-0.09413700506123446,0.0015277027260923407,0.0010749346235603085,0.0018939410287095492,2.045238457098316e-5,0.0,54.75986015172081,0.0,-51.1559801003467]
486.0,[-0.09414337089819047,0.001531776600028587,0.0010772120274237836,0.0018895170127794323,0.0,0.0,54.75960594224376,0.0,-51.15845139370074]
487.0,[-0.09512383602414365,0.0034383496021918284,0.0023480033832429617,0.0028419350094362164,0.00016361907656786527,9.283161548510244e-5,54.83769505176845,0.0,-50.396098928321365]
488.0,[-0.09511591930339665,0.0031898432920808074,0.002045108669400756,0.0028733653315665985,2.045238457098316e-5,0.0,54.83864381684596,0.0,-50.3868990715496]
489.0,[-0.09600872342809434,0.00511678566392528,0.003044888965466382,0.0038792676999158393,-2.045238457098316e-5,0.0,54.91917291189512,0.0,-49.6007058938136]
490.0,[-0.09601007594302835,0.005120859537861526,0.0030426115616029067,0.0038932000485912815,-4.090476914196632e-5,0.0,54.920168477043724,0.0,-49.59098685776577]
491.0,[-0.09513388070172013,0.0031939171660170535,0.0020382764578103308,0.002906248315644183,0.0,0.0,54.84103806593732,0.0,-50.36348408619934]
492.0,[-0.09513151830896875,0.0031776216702720686,0.002031444246219905,0.0028933724483848878,0.0,0.0,54.8400893008598,0.0,-50.37274624448423]
493.0,[-0.09512297041458588,0.003149104552718345,0.0020109476114486277,0.002885382807675274,0.0,0.0,54.83938304524156,0.0,-50.379640945270296]
494.0,[-0.09600890376341888,0.0051086379160527875,0.0030403341577394318,0.0038797299105354037,-2.045238457098316e-5,-1.3261659355014634e-5,54.919202693758535,0.0,-49.600415153419]
495.0,[-0.09601011201009325,0.005112711789989034,0.0030426115616029067,0.0038934641689453184,0.0,0.0,54.920173795233616,0.0,-49.590934939838164]
496.0,[-0.0951340069364473,0.0031898432920808074,0.0020382764578103308,0.002906248315644183,0.0,0.0,54.84103806593732,0.0,-50.36347370261382]
497.0,[-0.09601626144465983,0.005129007285734019,0.003053998580920283,0.00388917221319222,-2.045238457098316e-5,0.0,54.919934476688276,0.0,-49.59326086299491]
498.0,[-0.09601022021128797,0.0051086379160527875,0.0030426115616029067,0.0038937282892993553,-2.045238457098316e-5,0.0,54.92019825890714,0.0,-49.59069611737118]
499.0,[-0.0951340430035122,0.0031898432920808074,0.0020382764578103308,0.002906314345732692,2.045238457098316e-5,-1.3261659355014634e-5,54.84104551140317,-5.205364366014501e-6,-50.36341140110069]
500.0,[-0.09513131994011176,0.003181695544208315,0.002031444246219905,0.0028939006890929615,-2.045238457098316e-5,0.0,54.84009036449778,0.0,-50.37274624448423]
501.0,[-0.09512298844811834,0.00316540004846333,0.002015502419175578,0.002885052657232728,0.0,0.0,54.83938410887954,0.0,-50.379640945270296]
502.0,[-0.09512293434752098,0.003149104552718345,0.002013225015312103,0.002885052657232728,-6.135715371294948e-5,0.0,54.83937028158581,0.0,-50.379807082638635]
503.0,[-0.0951227720457289,0.0031531784266545914,0.0020063928037216774,0.002884788536878691,0.0,0.0,54.839360708844,0.0,-50.37985900056624]
504.0,[-0.09512284417985871,0.0031531784266545914,0.002013225015312103,0.002885052657232728,0.0,-3.9784978065043896e-5,54.83935964520602,0.0,-50.37986938415176]
505.0,[-0.09600883162928907,0.005112711789989034,0.0030426115616029067,0.0038795318202698758,-2.045238457098316e-5,0.0,54.91919631193066,0.0,-49.60048783851765]
506.0,[-0.09601003987596345,0.005104564042116541,0.0030426115616029067,0.0038934641689453184,-2.045238457098316e-5,0.0,54.9201748588716,0.0,-49.590924556252645]
507.0,[-0.09513402496997976,0.003181695544208315,0.0020291668423564296,0.002906248315644183,6.135715371294948e-5,0.0,54.84103806593732,0.0,-50.36348408619934]
508.0,[-0.09513115763831968,0.0031572523005908375,0.002015502419175578,0.0028939006890929615,0.0,0.0,54.8400893008598,0.0,-50.37274624448423]
509.0,[-0.0951230786157806,0.00316540004846333,0.002015502419175578,0.002885118687321237,-2.045238457098316e-5,0.0,54.83938304524156,0.0,-50.379640945270296]
510.0,[-0.09512295238105344,0.00316540004846333,0.002015502419175578,0.0028849205970557096,0.0,0.0,54.83936709067187,0.0,-50.37979669905311]
511.0,[-0.09512288024692361,0.0031613261745270837,0.002015502419175578,0.0028848545669672002,0.0,0.0,54.839360708844,0.0,-50.37985900056624]
512.0,[-0.09512288024692361,0.0031531784266545914,0.002013225015312103,0.002885052657232728,0.0,0.0,54.839360708844,0.0,-50.37986938415176]
513.0,[-0.09512288024692361,0.0031613261745270837,0.002015502419175578,0.0028847225067901816,0.0,0.0,54.83935964520602,0.0,-50.37985900056624]
514.0,[-0.0951228081127938,0.0031572523005908375,0.0020109476114486277,0.0028846564767016727,0.0,0.0,54.839360708844,5.205364366014501e-6,-50.37985900056624]
515.0,[-0.0941475727112521,0.0015562198436460644,0.0010954312583315855,0.0019023268499502183,0.0,0.0,54.760569598252985,0.0,-51.14904386521855]
516.0,[-0.094143551233515,0.0015277027260923407,0.0010772120274237836,0.0018898471632219783,0.0,0.0,54.759629342279304,0.0,-51.1582333384048]
517.0,[-0.09515696362326034,0.004452744212317143,0.0031678687740940444,0.002778810244821416,6.135715371294948e-5,0.0009150544954960097,54.83777269734093,0.0,-50.39604701039376]
518.0,[-0.09413711326242918,0.001515481104283602,0.0010726572196968333,0.00189387499862104,0.0,0.0,54.75986015172081,0.0,-51.1559801003467]
519.0,[-0.09414337089819047,0.0015277027260923407,0.0010772120274237836,0.0018895830428679416,0.0,0.0,54.75960594224376,0.0,-51.15844101011522]
520.0,[-0.09509644308834708,0.002643944184623811,0.0015509120310266313,0.002891193455464084,-8.180953828393263e-5,0.0,54.837691860854505,0.0,-50.39604701039376]
521.0,[-0.09511633407464307,0.0031735477963358225,0.0020564956887181326,0.0028724409103274696,0.0001022619228549158,6.630829677507316e-5,54.83864062593202,0.0,-50.386888687964074]
522.0,[-0.0951225015427421,0.00316540004846333,0.0020063928037216774,0.002884788536878691,-2.045238457098316e-5,0.0,54.83933730880845,0.0,-50.380097823033225]
523.0,[-0.09512262777746927,0.0031368829309096065,0.002004115399858202,0.0028849205970557096,0.0,0.0,54.83935326337814,0.0,-50.37992130207937]
524.0,[-0.09679992663095019,0.007324825337370743,0.004128933204480592,0.004886424639946755,0.0,0.0,54.9999828073708,0.0,-48.81181298384208]
525.0,[-0.09680039550279397,0.007341120833115728,0.004140320223797967,0.004913364916058511,-2.045238457098316e-5,0.0,55.00197074675407,0.0,-48.792406062503005]
526.0,[-0.09514513362597099,0.003214286535698285,0.0020542182848546572,0.0029283683952947667,-2.045238457098316e-5,-1.3261659355014634e-5,54.84273669579023,0.0,-50.34690150012202]
527.0,[-0.09513984980096217,0.0031939171660170535,0.002042831265537281,0.0029025506306876673,0.0,0.0,54.84082640197944,0.0,-50.365550419718055]
528.0,[-0.09512334911876741,0.003149104552718345,0.0020177798230390535,0.002885184717409746,-2.045238457098316e-5,0.0,54.83940750891509,0.0,-50.37938135563226]
529.0,[-0.09414789731483625,0.001531776600028587,0.0010954312583315855,0.0019020627295961816,-4.090476914196632e-5,0.0,54.76058236190874,0.0,-51.1489192621923]
530.0,[-0.09414272169102215,0.0015277027260923407,0.0010794894312872588,0.0018898471632219783,0.0,0.0,54.759629342279304,0.0,-51.1582333384048]
531.0,[-0.09515564717539125,0.004652364035193209,0.003290848582721707,0.0027836304412825878,0.0012475954588299727,-0.0008487461987209366,54.8377641882371,0.0,-50.396015859637195]
532.0,[-0.09511637014170798,0.0031735477963358225,0.0020473860732642315,0.002872572970504488,2.045238457098316e-5,0.0,54.83864594412192,0.0,-50.386878304378556]
533.0,[-0.095122537609807,0.003149104552718345,0.002015502419175578,0.0028847225067901816,-8.180953828393263e-5,0.0,54.839333054256535,0.0,-50.38012897378979]
534.0,[-0.09414719400707057,0.0015358504739648332,0.0010794894312872588,0.0019024589101272367,2.045238457098316e-5,0.0,54.760563216425105,0.0,-51.14910616673168]
535.0,[-0.09414272169102215,0.0015358504739648332,0.0010794894312872588,0.0018898471632219783,0.0,0.0,54.75962827864132,0.0,-51.1582333384048]
536.0,[-0.09413146876677131,0.0014340036255586772,0.0009929480844752,0.001885885357911426,2.045238457098316e-5,0.0,54.75893691395479,0.0,-51.16498266899356]
537.0,[-0.09512989529104796,0.0036094523075141704,0.0025415827116383564,0.0028313701952747436,4.090476914196632e-5,-1.3261659355014634e-5,54.83768654266461,5.205364366014501e-6,-50.39620276417657]
538.0,[-0.09600147394804813,0.005096416294244049,0.0030380567538759564,0.0038702876078785873,-2.045238457098316e-5,0.0,54.91846133808698,0.0,-49.60765251252726]
539.0,[-0.09512565741092142,0.0031735477963358225,0.0020268894384929547,0.002897004103252894,0.0,0.0,54.840303092093635,0.0,-50.37065914379448]
540.0,[-0.09415420905119491,0.001499185608538617,0.0010430509694716553,0.0019144103561474029,-0.0001022619228549158,0.0,54.76126415385345,0.0,-51.1422530002877]
541.0,[-0.0941437135353071,0.001531776600028587,0.0010772120274237836,0.001890045253487506,0.0,0.0,54.759645296848994,0.0,-51.15807758462198]
542.0,[-0.0951128896699445,0.00313280905697336,0.002001837995994727,0.0028605554943958124,0.0,0.0,54.83771100633813,0.0,-50.39596394170959]
543.0,[-0.09511618980638345,0.0031857694181445613,0.002051940880991182,0.00287323327138958,4.090476914196632e-5,0.0,54.838641689570004,0.0,-50.386919838720644]
544.0,[-0.09512248350920964,0.003149104552718345,0.002013225015312103,0.0028849205970557096,-2.045238457098316e-5,0.0,54.83933730880845,0.0,-50.380087439447706]
545.0,[-0.09512260974393683,0.003149104552718345,0.002013225015312103,0.0028849866271442185,-2.045238457098316e-5,0.0,54.83935326337814,0.0,-50.379931685664886]
546.0,[-0.09600886769635397,0.005120859537861526,0.0030426115616029067,0.0038796638804468944,-2.045238457098316e-5,0.0,54.919197375568636,0.0,-49.600477454932125]
547.0,[-0.0960100939765608,0.005120859537861526,0.0030426115616029067,0.0038933321087683,0.0,0.0,54.9201748588716,0.0,-49.590934939838164]
548.0,[-0.09513402496997976,0.0031898432920808074,0.0020382764578103308,0.0029063803758212015,2.045238457098316e-5,0.0,54.84103806593732,0.0,-50.36347370261382]
549.0,[-0.09513142814130648,0.0031735477963358225,0.0020246120346294793,0.0028935705386504153,-2.045238457098316e-5,0.0,54.84008823722182,0.0,-50.37275662806975]
550.0,[-0.09414744647652493,0.0015358504739648332,0.001081766835150734,0.0019030531809238196,2.045238457098316e-5,0.0,54.76059193465055,-5.205364366014501e-6,-51.148825809922606]
551.0,[-0.09414365943470973,0.001531776600028587,0.0010794894312872588,0.0018899131933104876,0.0,0.0,54.75963572410718,0.0,-51.15816065330615]
552.0,[-0.09511117648436143,0.0031368829309096065,0.002004115399858202,0.0028629986076706532,0.0,0.0,54.83770462451026,0.0,-50.396026243222714]
553.0,[-0.09511611767225363,0.003181695544208315,0.002051940880991182,0.002872903120947034,0.0001022619228549158,0.0,54.83864062593202,0.0,-50.386888687964074]
554.0,[-0.09512239334154737,0.0031450306787820987,0.0020109476114486277,0.0028849205970557096,0.0,1.3261659355014634e-5,54.83933730880845,0.0,-50.380087439447706]
555.0,[-0.09512260974393683,0.00316540004846333,0.002001837995994727,0.002885052657232728,0.0,0.0,54.83935326337814,0.0,-50.379931685664886]
556.0,[-0.09512268187806663,0.0031450306787820987,0.0020109476114486277,0.002885184717409746,-2.045238457098316e-5,0.0,54.83935964520602,0.0,-50.37986938415176]
557.0,[-0.09512269991159908,0.00316540004846333,0.002001837995994727,0.002885118687321237,0.0,0.0,54.839360708844,0.0,-50.37986938415176]
558.0,[-0.09512260974393683,0.0031450306787820987,0.002013225015312103,0.002885184717409746,0.0,0.0,54.839360708844,0.0,-50.37985900056624]
559.0,[-0.09512266384453417,0.0031450306787820987,0.002013225015312103,0.002885118687321237,-2.045238457098316e-5,0.0,54.839360708844,0.0,-50.37986938415176]
560.0,[-0.09512268187806663,0.0031572523005908375,0.002004115399858202,0.0028852507474982554,0.0,0.0,54.839360708844,0.0,-50.37986938415176]
561.0,[-0.09512268187806663,0.0031613261745270837,0.002004115399858202,0.0028855148678522922,0.0,0.0,54.8393553906541,0.0,-50.37986938415176]
562.0,[-0.09512268187806663,0.003149104552718345,0.002004115399858202,0.002885184717409746,0.0,0.0,54.83935964520602,0.0,-50.37985900056624]
563.0,[-0.09512268187806663,0.003149104552718345,0.002013225015312103,0.0028852507474982554,0.0,0.0,54.83935964520602,0.0,-50.37986938415176]
564.0,[-0.09600888572988643,0.005120859537861526,0.003044888965466382,0.003879597850358385,0.0,0.0,54.919197375568636,0.0,-49.60046707134661]
565.0,[-0.0960100939765608,0.005120859537861526,0.0030403341577394318,0.0038935301990338277,-2.045238457098316e-5,0.0,54.920173795233616,0.0,-49.590934939838164]
566.0,[-0.09513398890291484,0.0031735477963358225,0.0020268894384929547,0.0029065124359982197,0.0,0.0,54.8410391295753,0.0,-50.36348408619934]
567.0,[-0.09513142814130648,0.0031776216702720686,0.002031444246219905,0.0028935705386504153,-2.045238457098316e-5,0.0,54.8400893008598,0.0,-50.37275662806975]
568.0,[-0.09512289828045607,0.0031531784266545914,0.002015502419175578,0.002885382807675274,-2.045238457098316e-5,0.0,54.83938304524156,0.0,-50.379640945270296]
569.0,[-0.09600888572988643,0.005120859537861526,0.0030426115616029067,0.0038797299105354037,-2.045238457098316e-5,0.0,54.91920375739652,0.0,-49.60040476983348]
570.0,[-0.09601007594302835,0.005120859537861526,0.0030357793500124814,0.0038937282892993553,-2.045238457098316e-5,0.0,54.92017592250958,0.0,-49.590924556252645]
571.0,[-0.0951340069364473,0.0031857694181445613,0.0020382764578103308,0.002906248315644183,2.045238457098316e-5,0.0,54.8410391295753,0.0,-50.36347370261382]
572.0,[-0.09513137404070912,0.003181695544208315,0.002022334630766004,0.002893768628915943,-2.045238457098316e-5,0.0,54.84008823722182,0.0,-50.37274624448423]
573.0,[-0.09512300648165078,0.0031613261745270837,0.002015502419175578,0.002885184717409746,0.0,0.0,54.83938410887954,0.0,-50.379640945270296]
574.0,[-0.09512291631398853,0.0031531784266545914,0.0020063928037216774,0.002885052657232728,0.0,0.0,54.83936709067187,0.0,-50.379807082638635]
575.0,[-0.09512282614632626,0.003149104552718345,0.002013225015312103,0.0028849866271442185,-2.045238457098316e-5,0.0,54.83935964520602,0.0,-50.37986938415176]
576.0,[-0.0951228081127938,0.003149104552718345,0.002015502419175578,0.0028849866271442185,-2.045238457098316e-5,5.3046637420058535e-5,54.83935964520602,0.0,-50.37985900056624]
577.0,[-0.0951228081127938,0.003149104552718345,0.002015502419175578,0.002885052657232728,0.0,0.0,54.839360708844,0.0,-50.37985900056624]
578.0,[-0.0951227720457289,0.00316540004846333,0.002008670207585153,0.002884788536878691,-2.045238457098316e-5,0.0,54.83935964520602,0.0,-50.37985900056624]
579.0,[-0.0941473382753302,0.0015399243479010795,0.001081766835150734,0.0019027230304812736,2.045238457098316e-5,0.0,54.760569598252985,5.205364366014501e-6,-51.14904386521855]
580.0,[-0.09414356926704746,0.001531776600028587,0.0010794894312872588,0.0018898471632219783,0.0,0.0,54.75962827864132,0.0,-51.1582333384048]
581.0,[-0.09413139663264149,0.0014299297516224309,0.0009975028922021506,0.001885885357911426,-2.045238457098316e-5,0.0,54.75893691395479,0.0,-51.16505535409221]
582.0,[-0.09414129704195835,0.001698805431414683,0.0012275206824131487,0.0018703022570232535,0.00016361907656786527,0.0,54.758912450281265,4.164291492811601e-5,-51.165242258631594]
583.0,[-0.09514677467742423,0.003939436096350116,0.0029469605993369475,0.0028012604749145455,4.090476914196632e-5,0.0,54.83774717002943,0.0,-50.39564205055843]
584.0,[-0.09511617177285099,0.0031979910399533,0.0020405538616738057,0.0028728370908585247,2.045238457098316e-5,0.0,54.83863424410415,0.0,-50.38695098947721]
585.0,[-0.0951224654756772,0.00316540004846333,0.0020063928037216774,0.002885118687321237,0.0,0.0,54.83933730880845,0.0,-50.380097823033225]
586.0,[-0.09512269991159908,0.003149104552718345,0.002013225015312103,0.002885052657232728,-0.0001022619228549158,0.0,54.839349008826225,0.0,-50.379973220006974]
587.0,[-0.09512269991159908,0.003149104552718345,0.002013225015312103,0.002885184717409746,-2.045238457098316e-5,0.0,54.83935964520602,0.0,-50.37986938415176]
588.0,[-0.09414589559273394,0.0015399243479010795,0.00104077356560818,0.0019050340835790958,-2.045238457098316e-5,0.0,54.760569598252985,0.0,-51.14904386521855]
589.0,[-0.09414277579161952,0.0015277027260923407,0.0010772120274237836,0.0018898471632219783,0.0,0.0,54.75962827864132,0.0,-51.1582333384048]
590.0,[-0.09510093343792796,0.0028598595032448618,0.0016716144357908187,0.0028848545669672002,-0.0002454286148517979,2.6523318710029268e-5,54.837698242682386,0.0,-50.39607816115032]
591.0,[-0.09413722146362391,0.0015236288521560946,0.0010726572196968333,0.0018938089685325307,0.0,0.0,54.75986015172081,0.0,-51.15596971676118]
592.0,[-0.09414337089819047,0.0015277027260923407,0.0010772120274237836,0.0018895170127794323,0.0,0.0,54.75960594224376,0.0,-51.15845139370074]
593.0,[-0.09413415576310684,0.0015073333564111096,0.0010589927965159818,0.001881659432246837,-2.045238457098316e-5,1.3261659355014634e-5,54.75893053212692,-5.205364366014501e-6,-51.16506573767773]
594.0,[-0.0941344442996261,0.0015073333564111096,0.0010681024119698827,0.0018812632517157817,4.090476914196632e-5,0.0,54.75891989574712,-2.6026821830072505e-5,-51.16512803919086]
595.0,[-0.09600010339958168,0.00508419467243531,0.0030426115616029067,0.0038568834999112185,-2.045238457098316e-5,0.0,54.91749768207775,0.0,-49.61706004100945]
596.0,[-0.09600282646298212,0.0051086379160527875,0.0030380567538759564,0.003883757745934465,0.0,0.0,54.91943882138994,0.0,-49.5981099974333]
597.0,[-0.09416194543661736,0.0015684414654548032,0.0010840442390142094,0.0019239186888927286,2.045238457098316e-5,0.0,54.76220228255118,0.0,-51.13299084200281]
598.0,[-0.09415319917337753,0.001548072095773572,0.001090876450604635,0.0018978368039315923,-2.045238457098316e-5,0.0,54.76033985244946,0.0,-51.15127633610561]
599.0,[-0.09511088794784217,0.003092070317610898,0.001963122130315648,0.0028661020218305857,-2.045238457098316e-5,0.0,54.83772483363187,0.0,-50.39579780434125]
