101.0,[-0.028846357317620603,0.0001431924684166793,0.0009353526107405731,-4.216533668372845e-5,-0.002056092541314661,7.778088098988184e-5,58.35494751646702,1.6632889914258647e-5,-43.5928126238002]
102.0,[-0.027281009711997133,0.0010587564331415076,0.007466967451844236,-8.09705030943911e-5,0.001769865490670363,7.407702951417319e-5,58.19228569792714,1.6632889914258647e-5,-47.90324027071362]
103.0,[-0.0018036493303646625,0.023420646917546258,0.20411296378448948,-0.00025892512075595544,-0.8803903728509921,-3.703851475708659e-6,57.126163183757086,8.316444957129323e-6,-76.15479239364922]
104.0,[-0.029622224464128422,1.952624569318354e-5,7.926717040174348e-5,2.208111893728949e-5,-3.576080123121365,-1.1111554427125979e-5,58.22428316507086,-1.6632889914258647e-5,-47.0551189232783]
105.0,[-0.029642117318242227,1.5187079983587198e-5,9.512060448209219e-5,1.4035911254920536e-5,0.2894212767834408,-3.703851475708659e-6,58.62382256718604,8.316444957129323e-6,-36.467776475775835]
106.0,[-0.02960029190492691,1.735666283838537e-5,0.00011097403856244088,2.2551542775518698e-5,0.1933438322334424,0.0,58.64801077114267,0.0,-35.826775478643654]
107.0,[-0.02960210242966768,1.5187079983587198e-5,0.00012682747264278958,2.2253927694190014e-5,0.28991751658130344,3.703851475708659e-6,58.657507451669126,0.0,-35.57514992910182]
108.0,[-0.029525327013445044,1.735666283838537e-5,6.341373632139479e-5,3.0923166998699756e-5,0.2853328028174329,0.0,58.69305314157279,0.0,-34.63321330337927]
109.0,[-0.02926502397539826,-4.556123995076159e-5,-0.00042804272016941483,4.739760182321661e-5,0.3832139858818466,-3.703851475708659e-6,58.77268586757675,-1.6632889914258647e-5,-32.52294012139402]
110.0,[-0.027209070001094786,-0.0003840161652992763,-0.003028005909346601,7.054437476139268e-5,0.26409780423176304,0.0,58.89222391713417,0.0,-29.35535313725231]
111.0,[-0.027635070429974307,-0.0001583795484002665,-0.0013158350286689418,5.592283383030925e-5,0.27829906943680705,0.0,58.8326362132247,0.0,-30.934326734263916]
112.0,[-0.027797513459880595,-9.546164561111954e-5,-0.0008085251380977836,4.890487820284898e-5,0.28507706148815903,0.0,58.804235698824534,0.0,-31.686861003982123]
113.0,[-0.027630509741070335,-0.00016271871410986283,-0.0013475418968296393,5.6124444046693194e-5,0.27809244399196326,0.0,58.83351108641878,0.0,-30.91114318918141]
114.0,[-0.02781720005168216,-8.895289704672501e-5,-0.0007451114017763888,4.7964030526390555e-5,0.2859814712221475,0.0,58.800401895695536,0.0,-31.788484211960352]
115.0,[-0.02781252477260472,-8.678331419192684e-5,-0.0007768182699370861,4.817524122926898e-5,0.285749441009495,0.0,58.801379895134,0.0,-31.762567891486]
116.0,[-0.02796664855591733,-3.905249138636708e-5,-0.00038048241792836875,3.984201895206582e-5,0.29380444605602923,0.0,58.767600950449996,0.0,-32.65768696956137]
117.0,[-0.029506786323378144,1.3017497128789027e-5,4.756030224104609e-5,3.243044337833213e-5,0.4969765361290507,0.0,58.722986950573464,1.6632889914258647e-5,-33.84001773827024]
118.0,[-0.029513203373092274,1.3017497128789027e-5,6.341373632139479e-5,3.192161759412502e-5,0.40177979019641935,3.703851475708659e-6,58.710227627656124,0.0,-34.178041032892864]
119.0,[-0.029254642105682186,-4.990040566035794e-5,-0.00042804272016941483,4.788722663443477e-5,0.3944767662770216,0.0,58.776035770635964,0.0,-32.43423002790475]
120.0,[-0.027836680381171486,-8.027456562753233e-5,-0.0006975510995353427,4.7023182849932136e-5,0.2868774127001998,0.0,58.79665648649029,0.0,-31.887765041031283]
121.0,[-0.029388712608638134,-8.678331419192685e-6,-0.00015853434080348696,4.0648459817601605e-5,0.5806276619182372,0.0,58.766644482864756,-8.316444957129323e-6,-32.683062741057114]
122.0,[-0.029047348481881063,-0.00013017497128789028,-0.0010621800833833627,5.6863681506767666e-5,0.49387207350283174,3.703851475708659e-6,58.82456743454352,0.0,-31.148143885802032]
123.0,[-0.027434675134615876,-0.0002560107768661842,-0.002076799864525679,6.331520843105399e-5,0.271117988402891,0.0,58.862745676817454,0.0,-30.136446411340287]
124.0,[-0.027809430837921124,-9.112247990152318e-5,-0.0007609648358567375,4.8328849013180556e-5,0.2856308854263879,0.0,58.80186152869292,0.0,-31.7498049294911]
125.0,[-0.02949704615863348,8.678331419192685e-6,3.1706868160697395e-5,3.3198482297890024e-5,0.5965259656129,0.0,58.73734756341728,0.0,-33.459501287829305]
126.0,[-0.029237041055037712,-5.857873707955062e-5,-0.0004914564564908096,4.872246895945398e-5,0.4088863505780967,-3.703851475708659e-6,58.781120687762716,0.0,-32.29945314923859]
127.0,[-0.027657850956459472,-0.0001497012169810738,-0.001252421292347547,5.502038809982872e-5,0.2791475886816165,0.0,58.82909252348649,0.0,-31.028172043049956]
128.0,[-0.02796554849025205,-3.688290853156891e-5,-0.00036462898384802,3.9899621871032654e-5,0.29375871747397364,0.0,58.76781286921592,0.0,-32.65213132728124]
129.0,[-0.029585028493821157,2.169582854798171e-5,0.00011097403856244088,2.4471640074413438e-5,0.4983890412192125,-1.1111554427125979e-5,58.69009081187158,8.316444957129323e-6,-34.711652966275]
130.0,[-0.02959256852723526,1.952624569318354e-5,9.512060448209219e-5,2.356919434393291e-5,0.3113896263331875,3.703851475708659e-6,58.665408508546264,-8.316444957129323e-6,-35.36571723039019]
131.0,[-0.02963482938320975,0.0,0.0,6.1635123294521094e-6,0.30295524342071056,3.703851475708659e-6,58.59223760501985,0.0,-37.304756508152074]
132.0,[-0.029596052068508644,-1.0847914273990855e-5,-7.926717040174348e-5,-2.323317731662633e-6,0.10445424332210906,0.0,58.534630831606826,0.0,-38.83126682373993]
133.0,[-0.02950930730719441,-1.5187079983587198e-5,-0.00012682747264278958,-1.1539784766357376e-5,0.007892414532558747,0.0,58.48556880415674,0.0,-40.13137720878764]
134.0,[-0.0292274613165359,2.169582854798171e-5,0.00011097403856244088,-2.845584196962002e-5,-0.09591146673364848,7.407702951417318e-6,58.40357890685266,0.0,-42.30405376730325]
135.0,[-0.02949725242094572,-1.0847914273990855e-5,-0.00014268090672313826,-1.269184314569422e-5,-0.291612861419735,3.703851475708659e-6,58.44727950285039,8.316444957129323e-6,-41.14607773313053]
136.0,[-0.029642461088762628,1.0847914273990855e-5,7.926717040174348e-5,1.1453380387907113e-5,-0.11276160239554268,0.0,58.56772982303118,0.0,-37.95416604495148]
137.0,[-0.02964000885905044,1.0847914273990855e-5,7.926717040174348e-5,1.2509433902299219e-5,0.16416730323078368,0.0,58.603044328826556,0.0,-37.018355640986485]
138.0,[-0.02963377515361386,0.0,-3.1706868160697395e-5,5.433875355872109e-6,0.17652248864173134,0.0,58.57495092664866,8.316444957129323e-6,-37.76281170652439]
139.0,[-0.029638175416274976,1.0847914273990855e-5,7.926717040174348e-5,1.3690293741119483e-5,0.09432620922238776,3.703851475708659e-6,58.60007746610361,0.0,-37.096975486875074]
140.0,[-0.029605929741461468,2.169582854798171e-5,0.00011097403856244088,2.1716300450499488e-5,0.18835433583582048,0.0,58.64396391599232,-8.316444957129323e-6,-35.934014389899644]
141.0,[-0.029636914924366844,1.3017497128789027e-5,9.512060448209219e-5,1.3930305903481325e-5,0.2811223859659434,-7.407702951417318e-6,58.62196516153176,8.316444957129323e-6,-36.51696643282912]
142.0,[-0.029405076085409168,-4.3391657095963424e-6,-7.926717040174348e-5,-1.880735304267396e-5,0.1949206214887669,3.703851475708659e-6,58.47616505057578,0.0,-40.38054025742693]
143.0,[-0.02959249977313118,-8.678331419192685e-6,-7.926717040174348e-5,-3.072155678231581e-6,-0.18236050428416267,0.0,58.49943305112102,0.0,-39.76395405582853]
144.0,[-0.029551316064787274,1.952624569318354e-5,9.512060448209219e-5,2.8599849267037122e-5,-0.0043780883190266875,0.0,58.65107509383283,0.0,-35.745573009857274]
145.0,[-0.029606938134987975,1.735666283838537e-5,0.00011097403856244088,2.1457087315148697e-5,0.35972473756595447,0.0,58.66209940268263,-8.316444957129323e-6,-35.4534963784163]
146.0,[-0.02959726672434739,2.169582854798171e-5,0.00011097403856244088,2.294516272179212e-5,0.2771660167925406,3.703851475708659e-6,58.658977283965406,0.0,-35.53614031114564]
147.0,[-0.029525831210208298,1.3017497128789027e-5,4.756030224104609e-5,3.084636310674397e-5,0.293345466584286,-7.407702951417318e-6,58.69375689319652,8.316444957129323e-6,-34.614564363617305]
148.0,[-0.0295237685870859,1.0847914273990855e-5,7.926717040174348e-5,3.101917186364449e-5,0.3843097781999937,-3.703851475708659e-6,58.70459874792165,8.316444957129323e-6,-34.32726258148737]
149.0,[-0.029519253734251315,1.5187079983587198e-5,3.1706868160697395e-5,3.142239229641239e-5,0.3860051230384253,-3.703851475708659e-6,58.706404023826025,8.316444957129323e-6,-34.279423996880595]
150.0,[-0.02951902455390438,1.5187079983587198e-5,9.512060448209219e-5,3.145119375589581e-5,0.39046111931206523,0.0,58.70695365271091,8.316444957129323e-6,-34.264859204957006]
151.0,[-0.02951881829159214,1.3017497128789027e-5,6.341373632139479e-5,3.146079424239028e-5,0.39058644949992133,3.703851475708659e-6,58.70704771291182,-8.316444957129323e-6,-34.26245676505208]
152.0,[-0.029518703701418673,1.952624569318354e-5,6.341373632139479e-5,3.143199278290686e-5,0.3908032368518886,-3.703851475708659e-6,58.70707151127591,8.316444957129323e-6,-34.261706002581796]
153.0,[-0.029518795373557446,1.952624569318354e-5,6.341373632139479e-5,3.146079424239028e-5,0.39081339875901205,-1.4815405902834637e-5,58.70707944406394,8.316444957129323e-6,-34.26155585008774]
154.0,[-0.029518772455522754,1.3017497128789027e-5,6.341373632139479e-5,3.146079424239028e-5,0.39082694796851003,3.703851475708659e-6,58.70707831080851,1.6632889914258647e-5,-34.26149578909011]
155.0,[-0.029405465691998957,-6.508748564394514e-6,-0.00012682747264278958,3.9678810681659764e-5,0.3900072207938837,-3.703851475708659e-6,58.74123122978532,8.316444957129323e-6,-33.35643661590812]
156.0,[-0.029403701003327568,-4.3391657095963424e-6,-0.00012682747264278958,3.976521506011002e-5,0.48451634434449387,7.407702951417318e-6,58.752183010287425,0.0,-33.066372027887525]
157.0,[-0.029512653340259636,1.0847914273990855e-5,3.1706868160697395e-5,3.196001954010291e-5,0.48623201299717245,0.0,58.71980703582917,0.0,-33.924223256937786]
158.0,[-0.029513890914133076,1.3017497128789027e-5,6.341373632139479e-5,3.183521321567476e-5,0.39634316988536494,1.1111554427125979e-5,58.70940828397825,-1.6632889914258647e-5,-34.199783114032414]
159.0,[-0.029518428685002353,1.3017497128789027e-5,7.926717040174348e-5,3.147999521537923e-5,0.3955437665249856,7.407702951417318e-6,58.70772313314975,8.316444957129323e-6,-34.24440843526635]
160.0,[-0.029518566193210513,1.3017497128789027e-5,7.926717040174348e-5,3.147039472888476e-5,0.3911402734381502,0.0,58.70719843588438,8.316444957129323e-6,-34.258252495218464]
161.0,[-0.029595089511051526,1.5187079983587198e-5,0.00011097403856244088,2.318517488415396e-5,0.39189056091409946,-1.1111554427125979e-5,58.67284833046227,-8.316444957129323e-6,-35.16856700569247]
162.0,[-0.029596029150473952,2.3865411402779884e-5,0.00012682747264278958,2.3108370992198174e-5,0.29685640549544356,-3.703851475708659e-6,58.661831954400505,-8.316444957129323e-6,-35.460493484639386]
163.0,[-0.029524845734716483,1.5187079983587198e-5,7.926717040174348e-5,3.096156894467765e-5,0.29512210667970534,3.703851475708659e-6,58.694309921847704,8.316444957129323e-6,-34.59987944969847]
164.0,[-0.029523608160843044,1.3017497128789027e-5,3.1706868160697395e-5,3.1038372836633444e-5,0.3852870149350337,1.1111554427125979e-5,58.704740404850746,8.316444957129323e-6,-34.32335861664187]
165.0,[-0.029405924052692822,-4.3391657095963424e-6,-0.00011097403856244088,3.962120776269292e-5,0.38527515937672296,0.0,58.74058867395495,-8.316444957129323e-6,-33.37358403072951]
166.0,[-0.029517695307892167,6.508748564394514e-6,6.341373632139479e-5,3.15663995938295e-5,0.4850278270030417,-3.703851475708659e-6,58.717912232745604,1.6632889914258647e-5,-33.974524342447104]
167.0,[-0.029632812596156737,1.735666283838537e-5,9.512060448209219e-5,1.5351177904663433e-5,0.39315233104859654,0.0,58.64023550561857,0.0,-36.032814730989585]
168.0,[-0.02959706046203515,1.952624569318354e-5,0.00012682747264278958,2.3021966613747908e-5,0.20645438607390104,3.703851475708659e-6,58.65136634047905,-1.6632889914258647e-5,-35.73791523266033]
169.0,[-0.029529314751481683,1.952624569318354e-5,7.926717040174348e-5,3.056794899840423e-5,0.29428205569083216,-3.703851475708659e-6,58.69261343846488,0.0,-34.644835106419336]
170.0,[-0.029412295266337568,-1.0847914273990855e-5,-9.512060448209219e-5,3.92275878164195e-5,0.38004177720813787,3.703851475708659e-6,58.73837315958392,4.1582224785646615e-5,-33.43217353391081]
171.0,[-0.029404503134541835,-4.3391657095963424e-6,-0.00011097403856244088,3.972681311413213e-5,0.47972331148459235,1.1111554427125979e-5,58.751448660767004,0.0,-33.0855615166281]
172.0,[-0.029591170527118967,2.169582854798171e-5,0.00012682747264278958,2.3665199208877646e-5,0.48652670830375294,3.703851475708659e-6,58.685405933912584,-1.6632889914258647e-5,-34.83597923135474]
173.0,[-0.02959304980596382,1.952624569318354e-5,0.00011097403856244088,2.354039288444949e-5,0.302133822594897,3.703851475708659e-6,58.66412566339639,0.0,-35.39977181604247]
174.0,[-0.029524524882230778,1.0847914273990855e-5,4.756030224104609e-5,3.099037040416107e-5,0.29980505221243603,0.0,58.69494567814548,-8.316444957129323e-6,-34.583002309366385]
175.0,[-0.029411813987609007,-4.3391657095963424e-6,-9.512060448209219e-5,3.928519073538634e-5,0.3847721449741114,-7.407702951417318e-6,58.73902024843602,-8.316444957129323e-6,-33.41508618008705]
176.0,[-0.029517764061996247,8.678331419192685e-6,7.926717040174348e-5,3.149919618836818e-5,0.4808631387336078,3.703851475708659e-6,58.71741700012149,1.6632889914258647e-5,-33.98746748743487]
177.0,[-0.02951421176661878,1.5187079983587198e-5,7.926717040174348e-5,3.183521321567476e-5,0.39141972588404556,1.1111554427125979e-5,58.70874079652835,-1.6632889914258647e-5,-34.217441047333594]
178.0,[-0.0294053052657561,-4.3391657095963424e-6,-7.926717040174348e-5,3.9688411168154235e-5,0.39441579483428085,0.0,58.74175479379525,0.0,-33.34262258645482]
179.0,[-0.02951721402916361,1.3017497128789027e-5,4.756030224104609e-5,3.155679910733502e-5,0.48541906042729516,3.703851475708659e-6,58.7181162187235,8.316444957129323e-6,-33.96896870016697]
180.0,[-0.0295920872485067,1.5187079983587198e-5,0.00012682747264278958,2.3617196776405277e-5,0.3927627912755303,-1.1111554427125979e-5,58.674624141725396,-8.316444957129323e-6,-35.121599305551236]
181.0,[-0.029596029150473952,2.3865411402779884e-5,0.00011097403856244088,2.312757196518712e-5,0.3014766859342462,-3.703851475708659e-6,58.66238384979625,1.6632889914258647e-5,-35.44583860121936]
182.0,[-0.029598893904810616,1.5187079983587198e-5,0.00011097403856244088,2.271475104592475e-5,0.2960265164136938,3.703851475708659e-6,58.660133204506806,-1.6632889914258647e-5,-35.50550920235788]
183.0,[-0.029413807856627325,-4.3391657095963424e-6,-9.512060448209219e-5,3.914118343796924e-5,0.2898565451385626,0.0,58.72794154332545,8.316444957129323e-6,-33.70863430596979]
184.0,[-0.02926259466372077,-4.339165709596342e-5,-0.0004121892860890661,4.7493606688161346e-5,0.47810418094958673,-7.407702951417318e-6,58.78377137221992,0.0,-32.22912172102198]
185.0,[-0.029511622028698437,1.0847914273990855e-5,0.0,3.199842148608081e-5,0.5754146035638991,3.703851475708659e-6,58.730043732153206,-3.326577982851729e-5,-33.65304785266964]
186.0,[-0.02950923855309033,1.5187079983587198e-5,4.756030224104609e-5,3.2248034134937126e-5,0.39691731763784077,-1.1111554427125979e-5,58.7110537708666,-8.316444957129323e-6,-34.156208860256875]
187.0,[-0.02951833701286358,1.5187079983587198e-5,6.341373632139479e-5,3.14895957018737e-5,0.39990661198332705,0.0,58.70823876437165,2.494933487138797e-5,-34.2307445583071]
188.0,[-0.029594814494635205,1.735666283838537e-5,7.926717040174348e-5,2.3261978776109752e-5,0.39204298952095146,3.703851475708659e-6,58.67302171854348,8.316444957129323e-6,-35.16400236987312]
189.0,[-0.029596074986543337,2.169582854798171e-5,0.00012682747264278958,2.3108370992198174e-5,0.2972848992458164,3.703851475708659e-6,58.66188521740584,-8.316444957129323e-6,-35.45911208169406]
190.0,[-0.029598939740880004,1.5187079983587198e-5,0.00012682747264278958,2.2695550072935805e-5,0.2959486084590806,-3.703851475708659e-6,58.66005161011565,8.316444957129323e-6,-35.507701428771114]
191.0,[-0.02952493740685526,1.3017497128789027e-5,7.926717040174348e-5,3.093276748519423e-5,0.29047642147309405,3.703851475708659e-6,58.69375689319652,-8.316444957129323e-6,-34.6145343331185]
192.0,[-0.029412478610615113,-2.1695828547981712e-6,-0.00011097403856244088,3.9237188302913976e-5,0.38437752424748345,-7.407702951417318e-6,58.73881059618096,0.0,-33.42067185286599]
193.0,[-0.029404273954194902,-8.678331419192685e-6,-0.00011097403856244088,3.969801165464871e-5,0.47957427018011484,3.703851475708659e-6,58.75150985656037,0.0,-33.084120052685144]
194.0,[-0.02939751313396037,-8.678331419192685e-6,-6.341373632139479e-5,4.0158835006383445e-5,0.48509049209696975,-7.407702951417318e-6,58.75382623066491,-8.316444957129323e-6,-33.02267765211675]
195.0,[-0.029397031855231813,-4.3391657095963424e-6,-0.00012682747264278958,4.019723695236134e-5,0.48977682493207486,3.703851475708659e-6,58.75446538672898,-8.316444957129323e-6,-33.00568038978942]
196.0,[-0.029512309569739235,4.3391657095963424e-6,1.5853434080348698e-5,3.196962002659739e-5,0.4909081839251541,7.407702951417318e-6,58.72044392538237,-2.494933487138797e-5,-33.90731608610689]
197.0,[-0.029398361101244025,-6.508748564394514e-6,-9.512060448209219e-5,4.009163160092213e-5,0.3958350745291916,-3.703851475708659e-6,58.74367112873203,0.0,-33.29178095196689]
198.0,[-0.02906733300813364,-0.00012149663986869758,-0.0010146197811423167,5.6105243073704244e-5,0.48780880225249695,7.407702951417318e-6,58.820649770512496,8.316444957129323e-6,-31.251989350692313]
199.0,[-0.027972057212104957,-3.688290853156891e-5,-0.00038048241792836875,3.948680095177029e-5,0.2941465635958526,0.0,58.76619231394709,0.0,-32.69504491008292]
200.0,[-0.029503234028000678,1.3017497128789027e-5,9.512060448209219e-5,3.2718457973166335e-5,0.4928592700928596,3.703851475708659e-6,58.723773429843796,1.6632889914258647e-5,-33.81917657209504]
201.0,[-0.02951343255343921,1.5187079983587198e-5,4.756030224104609e-5,3.194081856711397e-5,0.4052331449672106,3.703851475708659e-6,58.71055627173162,0.0,-34.16936221873633]
202.0,[-0.0295179244882391,1.5187079983587198e-5,7.926717040174348e-5,3.149919618836818e-5,0.395948549158737,7.407702951417318e-6,58.70792711912764,8.316444957129323e-6,-34.23900294548027]
203.0,[-0.02951852035714113,1.0847914273990855e-5,9.512060448209219e-5,3.147999521537923e-5,0.39158909100277,-3.703851475708659e-6,58.70725736516688,8.316444957129323e-6,-34.25675097027789]
204.0,[-0.02963400433396079,1.3017497128789027e-5,6.341373632139479e-5,1.4928756498906588e-5,0.3927441611124706,1.4815405902834637e-5,58.63852655642598,1.6632889914258647e-5,-36.078040662199754]
205.0,[-0.02963579194066687,2.1695828547981712e-6,0.0,6.45152692428632e-6,0.20352267586878103,0.0,58.5821425656249,0.0,-37.5722381610664]
206.0,[-0.029637900399858655,8.678331419192685e-6,7.926717040174348e-5,1.3805499579053167e-5,0.10579900236478108,0.0,58.60188727502972,0.0,-37.048986749774244]
207.0,[-0.029638198334309668,1.0847914273990855e-5,9.512060448209219e-5,1.3479083038241062e-5,0.19061705382197897,0.0,58.609995717651046,8.316444957129323e-6,-36.83411853077773]
208.0,[-0.02963746495719948,1.3017497128789027e-5,4.756030224104609e-5,1.384390152503106e-5,0.18666915290451233,3.703851475708659e-6,58.61104511218178,-8.316444957129323e-6,-36.80634031937706]
209.0,[-0.02960331708550643,1.952624569318354e-5,9.512060448209219e-5,2.210992039677291e-5,0.18996499811488987,-3.703851475708659e-6,58.64578845723905,0.0,-35.88560522581545]
210.0,[-0.029530208554834722,1.3017497128789027e-5,7.926717040174348e-5,3.0481544619953968e-5,0.28400159298425887,0.0,58.69113000710341,1.6632889914258647e-5,-34.68411499886482]
211.0,[-0.02941293697130898,-8.678331419192685e-6,-0.00011097403856244088,3.9208386843430554e-5,0.3791373674741494,-3.703851475708659e-6,58.73808757921487,-8.316444957129323e-6,-33.43980128060894]
212.0,[-0.029404617724715303,-1.3017497128789027e-5,-7.926717040174348e-5,3.973641360062661e-5,0.4792118288260445,0.0,58.7513761324193,8.316444957129323e-6,-33.08760359054728]
213.0,[-0.02951290543864126,1.952624569318354e-5,6.341373632139479e-5,3.19312180806195e-5,0.48566294619825834,-7.407702951417318e-6,58.719647246813146,8.316444957129323e-6,-33.92845755727021]
214.0,[-0.029513890914133076,1.5187079983587198e-5,6.341373632139479e-5,3.18544141886637e-5,0.3960823476025293,-7.407702951417318e-6,58.70936635352724,-1.6632889914258647e-5,-34.20089424248844]
215.0,[-0.029518497439106433,1.3017497128789027e-5,3.1706868160697395e-5,3.147999521537923e-5,0.39551497445480244,0.0,58.70771746687258,8.316444957129323e-6,-34.24458861825922]
216.0,[-0.02963393557985671,1.735666283838537e-5,7.926717040174348e-5,1.4947957471895535e-5,0.3927898896945262,1.1111554427125979e-5,58.63860361779541,8.316444957129323e-6,-36.07608867977701]
217.0,[-0.029635769022632177,2.1695828547981712e-6,0.0,6.441926437791846e-6,0.2037157521041269,0.0,58.58216523073356,0.0,-37.57160752059136]
218.0,[-0.029603752528165602,1.5187079983587198e-5,0.00014268090672313826,2.2100319910278435e-5,0.10497419423659309,3.703851475708659e-6,58.63622831440836,0.0,-36.139032605285976]
219.0,[-0.02960469216758803,1.952624569318354e-5,9.512060448209219e-5,2.185070726142212e-5,0.2848196265076979,0.0,58.655347466814305,-8.316444957129323e-6,-35.63241809033541]
220.0,[-0.029414770414084447,-4.3391657095963424e-6,-7.926717040174348e-5,3.9112381978485816e-5,0.28012313176546927,0.0,58.726615634469134,-8.316444957129323e-6,-33.7438300505769]
221.0,[-0.02941142438101922,-4.3391657095963424e-6,-0.00011097403856244088,3.930439170837529e-5,0.47828032067306014,-3.703851475708659e-6,58.749523259786756,-2.494933487138797e-5,-33.13679354760057]
222.0,[-0.029397673560203227,-1.3017497128789027e-5,-6.341373632139479e-5,4.0149234519888973e-5,0.47999937662811315,-7.407702951417318e-6,58.75321427273123,-8.316444957129323e-6,-33.03883406047735]
223.0,[-0.029245612400013016,-4.990040566035794e-5,-0.0004438961542497635,4.8319248526686084e-5,0.48884023582552877,-3.703851475708659e-6,58.788354257189965,-8.316444957129323e-6,-32.10779850582339]
224.0,[-0.029394923396040027,-1.3017497128789027e-5,-0.00014268090672313826,4.025483987132818e-5,0.5838997960119933,1.1111554427125979e-5,58.7654590976821,-1.6632889914258647e-5,-32.71462479530804]
225.0,[-0.02938999601858096,-1.5187079983587198e-5,-0.00011097403856244088,4.059085689863476e-5,0.4911977982781729,0.0,58.75637378887774,-1.6632889914258647e-5,-32.955259182284856]
226.0,[-0.029512149143496383,1.952624569318354e-5,7.926717040174348e-5,3.196962002659739e-5,0.4957283152040516,-3.703851475708659e-6,58.72102755193024,-8.316444957129323e-6,-33.891970501214196]
227.0,[-0.02939804024875832,-1.3017497128789027e-5,-0.00011097403856244088,4.013003354690002e-5,0.395948549158737,0.0,58.74377312172098,0.0,-33.28925839006673]
228.0,[-0.029593874855212778,2.169582854798171e-5,0.00011097403856244088,2.3319581695076593e-5,0.49132990307077795,3.703851475708659e-6,58.684472131435996,-2.494933487138797e-5,-34.86063427087901]
229.0,[-0.029601369052557495,-8.678331419192685e-6,-6.341373632139479e-5,-1.3152666497428955e-6,0.30055533968838527,0.0,58.56072970422307,0.0,-38.13972449710794]
230.0,[-0.029635494006215856,0.0,0.0,5.856296761628951e-6,0.01741581515843382,0.0,58.558908562742644,0.0,-38.187923447700456]
231.0,[-0.029540980031140585,1.5187079983587198e-5,9.512060448209219e-5,2.9559897916484492e-5,0.09776940208605554,0.0,58.66646470260959,0.0,-35.33775883599665]
232.0,[-0.029281456206273374,-4.122207424116525e-5,-0.0003963358520087174,4.658156047118635e-5,0.3680337902905753,7.407702951417318e-6,58.767637214623846,8.316444957129323e-6,-32.65678605459703]
233.0,[-0.029403884347605116,-2.1695828547981712e-6,-0.00012682747264278958,3.972681311413213e-5,0.5642111009602776,7.407702951417318e-6,58.761046201026964,0.0,-32.83162361867777]
234.0,[-0.029238232792841764,-5.423957136995428e-5,-0.0004756030224104609,4.8684067013476084e-5,0.48431649350439904,3.703851475708659e-6,58.789305058498044,8.316444957129323e-6,-32.0825728868217]
235.0,[-0.027828865331341063,-8.027456562753233e-5,-0.0007609648358567375,4.7378400850227664e-5,0.2865132776949422,0.0,58.798181848302775,0.0,-31.847343989630957]
236.0,[-0.029586678592319074,8.678331419192685e-6,0.00012682747264278958,2.4231627912051593e-5,0.5867231125411296,3.703851475708659e-6,58.698906405882944,8.316444957129323e-6,-34.477955624523645]
237.0,[-0.029632102137081246,1.5187079983587198e-5,7.926717040174348e-5,1.5667993958981064e-5,0.30914384485890145,-1.1111554427125979e-5,58.63229478480129,0.0,-36.24326846666081]
238.0,[-0.029636112793152578,1.0847914273990855e-5,9.512060448209219e-5,1.4371928282227114e-5,0.21143033326202498,3.703851475708659e-6,58.616022370042415,1.6632889914258647e-5,-36.674446368596804]
239.0,[-0.029634164760203644,-4.3391657095963424e-6,-3.1706868160697395e-5,5.64508605875053e-6,0.19767957927278798,3.703851475708659e-6,58.57824416693624,-8.316444957129323e-6,-37.67554307697807]
240.0,[-0.02963434810448119,0.0,0.0,5.5010787613334244e-6,0.09767794492194436,0.0,58.566395981386826,0.0,-37.989541972551464]
241.0,[-0.02963888587535047,1.3017497128789027e-5,7.926717040174348e-5,1.3354276713812904e-5,0.0951831967231334,0.0,58.59877648886682,0.0,-37.13145049951072]
242.0,[-0.02960602141360024,1.952624569318354e-5,0.00011097403856244088,2.1716300450499488e-5,0.18449789208246506,0.0,58.643532145672445,-8.316444957129323e-6,-35.94548604044565]
243.0,[-0.029421577070388363,-4.3391657095963424e-6,-7.926717040174348e-5,3.868996057272897e-5,0.27864965523256663,-3.703851475708659e-6,58.724675501168264,0.0,-33.795242264542246]
244.0,[-0.029411653561366154,-4.3391657095963424e-6,-9.512060448209219e-5,3.927559024889187e-5,0.4733772004859877,3.703851475708659e-6,58.74892716742913,-8.316444957129323e-6,-33.152499498479]
245.0,[-0.029246414531227283,-6.074831993434879e-5,-0.000523163324651507,4.8300047553697134e-5,0.4790729494286905,0.0,58.787102009936774,8.316444957129323e-6,-32.14098220701013]
246.0,[-0.0278294153641737,-7.810498277273416e-5,-0.0007134045336156914,4.7378400850227664e-5,0.28653360150918916,0.0,58.7980787220584,0.0,-31.85007676502281]
247.0,[-0.02938834592008304,-8.678331419192685e-6,-0.00012682747264278958,4.072526370955739e-5,0.5847737200246114,-1.1111554427125979e-5,58.76719071198334,0.0,-32.668588040629956]
248.0,[-0.0293898585103728,-2.169582854798171e-5,-9.512060448209219e-5,4.0629258844612655e-5,0.49572323425048986,1.4815405902834637e-5,58.75691548497459,0.0,-32.94096466485056]
249.0,[-0.02951191996314945,1.3017497128789027e-5,4.756030224104609e-5,3.199842148608081e-5,0.49581807871697553,7.407702951417318e-6,58.72111821236486,1.6632889914258647e-5,-33.88959809180808]
250.0,[-0.02959167472388222,2.169582854798171e-5,9.512060448209219e-5,2.36459982358887e-5,0.39781325911589305,3.703851475708659e-6,58.67539475541967,0.0,-35.10120859685821]
251.0,[-0.029635539842285244,-4.3391657095963424e-6,0.0,6.585933735208952e-6,0.3036902880359746,0.0,58.593855893777814,0.0,-37.26181289485158]
252.0,[-0.029596097904578032,-8.678331419192685e-6,-7.926717040174348e-5,-2.3329182181571068e-6,0.10869514589496895,0.0,58.53513626352983,0.0,-38.8179032517688]
253.0,[-0.0296336376454057,0.0,-1.5853434080348698e-5,5.0210544366097405e-6,0.006320706230795976,0.0,58.55421235222933,0.0,-38.312369834775446]
254.0,[-0.029609344528630774,1.952624569318354e-5,0.00014268090672313826,2.1236276125775803e-5,0.08908097149549195,0.0,58.63088274853208,0.0,-36.28068646817998]
255.0,[-0.029632698005983272,2.1695828547981712e-6,0.0,5.203463680004741e-6,0.27665453413399277,0.0,58.58523521970088,0.0,-37.49025489931092]
256.0,[-0.029595318691398458,-1.0847914273990855e-5,-9.512060448209219e-5,-2.448124056090791e-6,0.09329308199816869,0.0,58.53287088591976,0.0,-38.87790418839424]
257.0,[-0.029607923610479786,1.735666283838537e-5,0.00011097403856244088,2.1524290720610013e-5,0.003189145185581142,0.0,58.62245812764501,0.0,-36.50393319634492]
258.0,[-0.02953907783426104,2.169582854798171e-5,6.341373632139479e-5,2.9675103754418176e-5,0.2775758803798537,0.0,58.68707748567589,8.316444957129323e-6,-34.791534093113675]
259.0,[-0.029266078204994155,-4.990040566035794e-5,-0.0004438961542497635,4.730159695827187e-5,0.3691278889575352,1.1111554427125979e-5,58.77091232282449,2.494933487138797e-5,-32.56999791303169]
260.0,[-0.027662251219120592,-0.00013451413699748662,-0.001157300687865455,5.485717982942267e-5,0.2793186474515282,0.0,58.82838083907472,-2.494933487138797e-5,-31.04706122680241]
261.0,[-0.027966465211639785,-4.339165709596342e-5,-0.0003329221156873226,3.983241846557134e-5,0.29381460796315273,1.8519257378543296e-5,58.76756581953158,4.1582224785646615e-5,-32.6585578540269]
262.0,[-0.02903838753031597,-0.00012583580557829394,-0.0010304732152226653,5.720929902056872e-5,0.49439541171969026,0.0,58.82609619612229,-2.494933487138797e-5,-31.107842956396954]
263.0,[-0.027646758627667904,-0.00015404038269067015,-0.0013475418968296393,5.545240999208004e-5,0.27872925683836713,-3.703851475708659e-6,58.83084566964095,0.0,-30.9816848308897]
264.0,[-0.027628584626156097,-0.00016271871410986283,-0.0012999815945885932,5.617244647916556e-5,0.2780297788980352,0.0,58.83377060191288,0.0,-30.90429623545238]
265.0,[-0.02741388847714903,-0.0002646891082853769,-0.00218777390308812,6.402564443164503e-5,0.27043544697443145,1.1111554427125979e-5,58.86559694748625,0.0,-30.060769554335224]
266.0,[-0.027626155314478606,-0.00016922746267425734,-0.0013633953309099879,5.6278051830604775e-5,0.2779467899898602,0.0,58.834117378075305,-8.316444957129323e-6,-30.895136933314863]
267.0,[-0.02780335755872739,-9.763122846591771e-5,-0.0007451114017763888,4.861686360801477e-5,0.2853429647245564,7.407702951417318e-6,58.80308884432659,1.6632889914258647e-5,-31.71728189927821]
268.0,[-0.02950096514256604,2.1695828547981712e-6,0.0,3.283366381110002e-5,0.6001131188274836,3.703851475708659e-6,58.73641942721786,-1.6632889914258647e-5,-33.48361577837497]
269.0,[-0.029588168264574142,1.5187079983587198e-5,6.341373632139479e-5,2.4126022560612384e-5,0.4077143439565236,3.703851475708659e-6,58.678399015571884,1.6632889914258647e-5,-35.02180795800051]
270.0,[-0.029634371022515885,1.735666283838537e-5,7.926717040174348e-5,1.4919156012412115e-5,0.30806329540143956,1.1111554427125979e-5,58.62898907870395,-2.494933487138797e-5,-36.330897462192866]
271.0,[-0.029636181547256658,6.508748564394514e-6,9.512060448209219e-5,1.4371928282227114e-5,0.20264197725141397,0.0,58.61498317481058,0.0,-36.70189424451055]
272.0,[-0.029637350367026017,1.0847914273990855e-5,7.926717040174348e-5,1.3911104930492378e-5,0.1967074234913097,3.703851475708659e-6,58.612419751021704,0.0,-36.769853263321046]
273.0,[-0.029422356283567937,-4.3391657095963424e-6,-6.341373632139479e-5,3.865155862675108e-5,0.18899792328697335,0.0,58.71449206784956,0.0,-34.065066296363874]
274.0,[-0.029271418107077698,-5.423957136995428e-5,-0.00036462898384802,4.706158479591003e-5,0.4722780208654661,-7.407702951417318e-6,58.781328073506906,-8.316444957129323e-6,-32.29392753745727]
275.0,[-0.02959048298607817,3.254374282197257e-5,3.1706868160697395e-5,2.3703601154855543e-5,0.5713125803883932,-1.1111554427125979e-5,58.69510093413977,-4.989866974277594e-5,-34.578437673547036]
276.0,[-0.029590322559835312,1.5187079983587198e-5,6.341373632139479e-5,2.3866809425261593e-5,0.302604657624951,-3.703851475708659e-6,58.66568728938272,-4.1582224785646615e-5,-35.35853994117423]
277.0,[-0.029524456128126698,1.3017497128789027e-5,3.1706868160697395e-5,3.09807699176666e-5,0.3039511103188102,-7.407702951417318e-6,58.69543864425873,-8.316444957129323e-6,-34.56990901188456]
278.0,[-0.029523195636218566,1.5187079983587198e-5,6.341373632139479e-5,3.113437770157818e-5,0.38564945628910396,1.1111554427125979e-5,58.704942124317775,-4.1582224785646615e-5,-34.3182234013451]
279.0,[-0.02959534160943315,1.5187079983587198e-5,0.00011097403856244088,2.3156373424670543e-5,0.3873634312905953,-1.4815405902834637e-5,58.67222503997426,1.6632889914258647e-5,-35.185083780038816]
280.0,[-0.029596189576716805,2.169582854798171e-5,0.00015853434080348696,2.312757196518712e-5,0.2965447736769906,0.0,58.6617140958355,1.6632889914258647e-5,-35.46355659551816]
281.0,[-0.02952489157078587,1.5187079983587198e-5,6.341373632139479e-5,3.095196845818318e-5,0.2948934637694274,7.407702951417318e-6,58.69427932395102,-1.6632889914258647e-5,-34.600660242667566]
282.0,[-0.029523539406738967,1.5187079983587198e-5,7.926717040174348e-5,3.095196845818318e-5,0.3852734657255357,3.703851475708659e-6,58.704739271595315,-2.494933487138797e-5,-34.32353879963474]
283.0,[-0.029405855298588742,-1.0847914273990855e-5,-0.00014268090672313826,3.964040873568187e-5,0.38526669112078676,3.703851475708659e-6,58.740579607911485,1.6632889914258647e-5,-33.37364409172714]
284.0,[-0.02940411352795205,6.508748564394514e-6,-0.00012682747264278958,3.973641360062661e-5,0.4841894696653557,-2.5926960329960616e-5,58.75205495242352,0.0,-33.06949519976393]
285.0,[-0.02951260750419025,6.508748564394514e-6,-1.5853434080348698e-5,3.194081856711397e-5,0.48601014469164344,1.8519257378543296e-5,58.71978323746508,1.6632889914258647e-5,-33.92512417190213]
286.0,[-0.02959201849440262,1.0847914273990855e-5,0.00011097403856244088,2.3636397749394224e-5,0.3971628970599912,7.407702951417318e-6,58.67513523992557,1.6632889914258647e-5,-35.10760509310506]
287.0,[-0.029257186007533145,-4.556123995076159e-5,-0.00042804272016941483,4.777202079650109e-5,0.2990784758531082,7.407702951417318e-6,58.76489133671029,0.0,-32.72967007521262]
288.0,[-0.02766914954756328,-0.00014753163412627564,-0.0012365678582671982,5.455956474809398e-5,0.27959301894386174,0.0,58.82723738434308,-2.494933487138797e-5,-31.077301939105624]
289.0,[-0.028078419811116678,-1.3017497128789027e-5,-0.00015853434080348696,3.184481370216923e-5,0.301537657376987,-7.407702951417318e-6,58.73513658206799,0.0,-33.51794063851655]
290.0,[-0.02923117403815622,-5.423957136995428e-5,-0.0005548701928122044,4.902008404078266e-5,0.40094312650992064,1.1111554427125979e-5,58.781380203256816,1.6632889914258647e-5,-32.29254613451194]
291.0,[-0.02783587824995722,-8.24441484823305e-5,-0.0007609648358567375,4.703278333642661e-5,0.2868401523740804,0.0,58.79680947597372,-3.326577982851729e-5,-31.883710923691726]
292.0,[-0.029604119216720695,-3.0374159967174395e-5,-0.00011097403856244088,-6.048306491518425e-7,0.5852123756821077,-3.703851475708659e-6,58.595496847644434,-8.316444957129323e-5,-37.218448854567725]
293.0,[-0.029532041997610187,-1.3017497128789027e-5,-0.00012682747264278958,-9.446878710562112e-6,0.026695330013345706,0.0,58.496255402887584,0.0,-39.84818960499488]
294.0,[-0.029542996818193598,1.952624569318354e-5,9.512060448209219e-5,2.941589061906739e-5,-0.07802142924278624,3.703851475708659e-6,58.64623042685782,0.0,-35.87392336177776]
295.0,[-0.02943727592415329,2.1695828547981712e-6,-3.1706868160697395e-5,3.7633907058336865e-5,0.36756972986527037,-7.407702951417318e-6,58.73036217692981,0.0,-33.64448916050835]
296.0,[-0.02940569487234589,-2.1695828547981712e-6,-3.1706868160697395e-5,3.961160727619845e-5,0.4614674453372853,0.0,58.74911528783097,-2.494933487138797e-5,-33.14757449667391]
297.0,[-0.029513867996098384,8.678331419192685e-6,0.00014268090672313826,3.184481370216923e-5,0.4849211269782453,1.4815405902834637e-5,58.71924607438996,2.494933487138797e-5,-33.93908835384949]
298.0,[-0.029398773625868506,-1.0847914273990855e-5,-0.00015853434080348696,4.0072430627933186e-5,0.3943954710200339,3.703851475708659e-6,58.74339574766187,8.316444957129323e-6,-33.29916845467453]
299.0,[-0.029253152433427118,-6.074831993434879e-5,-0.0004438961542497635,4.7954430039896083e-5,0.4883135103062958,-7.407702951417318e-6,58.78679716422536,1.6632889914258647e-5,-32.149150502686865]
300.0,[-0.02951102615979641,1.3017497128789027e-5,-7.926717040174348e-5,3.206562489154213e-5,0.5805616095219347,-1.4815405902834637e-5,58.73082001212464,-8.316444957129323e-6,-33.63250699148255]
301.0,[-0.029508986454708702,1.3017497128789027e-5,7.926717040174348e-5,3.22576346214316e-5,0.39747960983200586,-7.407702951417318e-6,58.711206760350024,-4.1582224785646615e-5,-34.15203462092207]
302.0,[-0.029518314094828888,1.952624569318354e-5,0.00011097403856244088,3.149919618836818e-5,0.40016235331260097,1.4815405902834637e-5,58.70828296133352,2.494933487138797e-5,-34.22972352134751]
303.0,[-0.029069441467325426,-0.0001128183084495049,-0.0010146197811423167,5.599003723577056e-5,0.38879287289262954,3.703851475708659e-6,58.809234488538394,-2.494933487138797e-5,-31.554396473724452]
304.0,[-0.027205242689301,-0.0003840161652992763,-0.0030597127775072986,7.066918108582084e-5,0.26399618516052836,7.407702951417318e-6,58.892653420943184,0.0,-29.343911517205115]
305.0,[-0.02716332560384691,-0.0004078815767020562,-0.003249953986471483,7.193644530309137e-5,0.2628021610735211,-3.703851475708659e-6,58.89762954554839,8.316444957129323e-6,-29.211897444429617]
306.0,[-0.025852826544013212,-0.0013972113584900222,-0.010780335174637114,0.00010249479381500112,0.23284655252473,0.0,59.023280374910065,0.0,-25.882476102192552]
307.0,[-0.02461144827681458,-0.0026100081743222,-0.019991180375319707,0.00012387507723819402,0.21168607459129887,-3.703851475708659e-6,59.1120437399357,0.0,-23.530367313278028]
308.0,[-0.026471842661079912,-0.0008765114733384612,-0.0068011232204695906,8.961094093941742e-5,0.2455743411968714,1.1111554427125979e-5,58.96990857704923,1.6632889914258647e-5,-27.296642321726463]
309.0,[-0.02790020917334138,-5.857873707955062e-5,-0.0005390167587318557,4.3643811603877395e-5,0.2901834198177008,-3.703851475708659e-6,58.78282850369987,2.494933487138797e-5,-32.254287279026045]
310.0,[-0.029150617146209184,3.688290853156891e-5,0.00015853434080348696,-3.160480153980739e-5,0.5476421113954659,3.703851475708659e-6,58.462295137334344,-3.326577982851729e-5,-40.747963410386035]
311.0,[-0.028335949766965567,0.0003731682510252854,0.002457282282454048,-5.842856080536688e-5,-0.3244680008010885,-3.703851475708659e-6,58.252630416465685,0.0,-46.303966056505416]
312.0,[-0.029482859895158312,-1.0847914273990855e-5,-0.00019024120896418437,-1.4026310768426061e-5,-0.637285375085123,0.0,58.40313580397845,2.494933487138797e-5,-42.315915814333806]
313.0,[-0.029643331974080974,6.508748564394514e-6,3.1706868160697395e-5,9.955704494769217e-6,-0.12732700260584423,0.0,58.55989562822457,-8.316444957129323e-6,-38.1617368527368]
314.0,[-0.02961227803707152,1.735666283838537e-5,0.00015853434080348696,2.0717849855074225e-5,0.14623831176261481,-3.703851475708659e-6,58.63514492221466,0.0,-36.167711731650996]
315.0,[-0.029603569183888054,1.952624569318354e-5,0.00011097403856244088,2.2004315045333698e-5,0.2690246355354569,0.0,58.65424820904453,8.316444957129323e-6,-35.661607735180226]
316.0,[-0.029599971052441203,2.169582854798171e-5,0.00011097403856244088,2.2570743748507645e-5,0.28364423258375027,-3.703851475708659e-6,58.65812054285824,0.0,-35.558873398745966]
317.0,[-0.029525602029861365,1.5187079983587198e-5,9.512060448209219e-5,3.0894365539216334e-5,0.28896568461407207,-1.1111554427125979e-5,58.693369319838524,8.316444957129323e-6,-34.62501497720372]
318.0,[-0.029523974849398137,1.5187079983587198e-5,6.341373632139479e-5,3.099997089065554e-5,0.384596005250638,3.703851475708659e-6,58.70455455095978,-8.316444957129323e-6,-34.328493831938644]
319.0,[-0.029595227019259686,2.169582854798171e-5,0.00017438777488383567,2.3117971478692646e-5,0.38661653111702055,-3.703851475708659e-6,58.67211624745271,-5.8215114699905265e-5,-35.1879066469271]
320.0,[-0.029596327084924965,1.3017497128789027e-5,0.00017438777488383567,2.3079569532714752e-5,0.2964838022342498,-3.703851475708659e-6,58.66169709700401,0.0,-35.46400705300034]
321.0,[-0.029413739102523245,-8.678331419192685e-6,-3.1706868160697395e-5,3.916038441095818e-5,0.2940330889663072,0.0,58.72843337618327,2.494933487138797e-5,-33.69563109998439]
322.0,[-0.029262159221061596,-5.423957136995428e-5,-0.00042804272016941483,4.754160912063372e-5,0.4781651523923275,-1.8519257378543296e-5,58.78385296661108,-1.6632889914258647e-5,-32.22713970810042]
323.0,[-0.02951150743852497,2.1695828547981712e-6,6.341373632139479e-5,3.2094426351025544e-5,0.5756144544039938,-1.1111554427125979e-5,58.73007093028359,-4.1582224785646615e-5,-33.65226705970054]
324.0,[-0.029392494084362532,-2.169582854798171e-5,-9.512060448209219e-5,4.045645008771213e-5,0.39609420316084,7.407702951417318e-6,58.745195357289084,-3.326577982851729e-5,-33.251570114058254]
325.0,[-0.02951700776685137,1.735666283838537e-5,4.756030224104609e-5,3.155679910733502e-5,0.49439541171969026,1.1111554427125979e-5,58.719191678129185,-8.316444957129323e-6,-33.94058987879007]
326.0,[-0.029591858068159765,2.3865411402779884e-5,9.512060448209219e-5,2.3665199208877646e-5,0.392933850045442,0.0,58.674798663062035,1.6632889914258647e-5,-35.11688451723782]
327.0,[-0.028613235068720103,0.00022780619975380797,0.0016011968421152183,-5.056576236639293e-5,0.3092573194884468,-1.1111554427125979e-5,58.35646154572518,8.316444957129323e-6,-43.55263181639037]
328.0,[-0.02883716718570858,0.0001280053884330921,0.0009512060448209218,-4.369181403634977e-5,-0.5441379470890573,3.703851475708659e-6,58.28941928757907,-1.6632889914258647e-5,-45.32899588209018]
329.0,[-0.02898592814890295,-0.00015620996554546832,-0.0013633953309099879,5.923500167090267e-5,-0.47498278181149534,1.8519257378543296e-5,58.726366318273925,0.0,-33.75028660782138]
330.0,[-0.027316738928084026,-0.0003210982625101293,-0.0025682563210164887,6.72130059478103e-5,0.2673191287899018,-3.703851475708659e-6,58.87871551237578,0.0,-29.713166530591728]
331.0,[-0.027806268149133444,-9.980081132071588e-5,-0.0007768182699370861,4.8472856310597665e-5,0.2854953933314084,0.0,58.80244855500708,8.316444957129323e-6,-31.734249131106726]
332.0,[-0.027802211656992724,-8.678331419192684e-5,-0.0007768182699370861,4.8684067013476084e-5,0.2852684440723176,0.0,58.80337555795108,0.0,-31.709684183078892]
333.0,[-0.027638760233559934,-0.00016271871410986283,-0.0012999815945885932,5.580762799237556e-5,0.2784074631127907,-7.407702951417318e-6,58.832191977095064,0.0,-30.946038628800412]
334.0,[-0.027636514266159987,-0.00016271871410986283,-0.0013475418968296393,5.587483139783688e-5,0.27833632976292644,0.0,58.83249115652931,2.494933487138797e-5,-30.938080546615357]
335.0,[-0.02762888256060711,-0.00016271871410986283,-0.0012841281605082443,5.616284599267109e-5,0.2780331662004097,2.5926960329960616e-5,58.83374907005966,5.8215114699905265e-5,-30.904956906426236]
336.0,[-0.027628561708121405,-0.00016922746267425734,-0.0013316884627492904,5.619164745215451e-5,0.2780297788980352,0.0,58.83376946865745,-8.316444957129323e-6,-30.90426620495357]
337.0,[-0.027628172101531616,-0.00016922746267425734,-0.0012999815945885932,5.623964988462688e-5,0.27801453603735,-1.1111554427125979e-5,58.83382839793995,0.0,-30.902764680012993]
338.0,[-0.027959200194642,-4.339165709596342e-5,-0.0004121892860890661,4.0293241817306076e-5,0.2933911951663416,0.0,58.76936316264793,8.316444957129323e-6,-32.610899452413]
339.0,[-0.029502317306612947,1.952624569318354e-5,-3.1706868160697395e-5,3.275685991914423e-5,0.5020676515979072,3.703851475708659e-6,58.72508007335776,-8.316444957129323e-6,-33.78446131546891]
340.0,[-0.02951290543864126,8.678331419192685e-6,7.926717040174348e-5,3.197922051309186e-5,0.4059919006990961,-3.703851475708659e-6,58.71080898769313,2.494933487138797e-5,-34.16269544800017]
341.0,[-0.02951799324234318,8.678331419192685e-6,0.0,3.149919618836818e-5,0.39640583497929294,-3.703851475708659e-6,58.70799624770904,8.316444957129323e-6,-34.23732123754683]
342.0,[-0.029518428685002353,1.3017497128789027e-5,9.512060448209219e-5,3.147039472888476e-5,0.3916382068872001,-1.1111554427125979e-5,58.70726643121035,0.0,-34.25624045179809]
343.0,[-0.029594952002843365,1.3017497128789027e-5,0.00019024120896418437,2.3194775370648436e-5,0.39193628949615505,-1.4815405902834637e-5,58.67286079627203,-2.494933487138797e-5,-35.16814657870911]
344.0,[-0.029520101701534966,1.5187079983587198e-5,7.926717040174348e-5,3.1393590836928965e-5,0.29604684022794076,-3.703851475708659e-6,58.69609933217602,0.0,-34.55234117007981]
345.0,[-0.028862147843524304,-0.0002104495369154226,-0.001728024314758008,6.36032230258882e-5,0.3866775025597613,-1.8519257378543296e-5,58.840842115813246,4.1582224785646615e-5,-30.716905922868413]
346.0,[-0.02783344893827973,-7.810498277273416e-5,-0.0007609648358567375,4.7147989174360295e-5,0.2867571634659054,3.703851475708659e-6,58.79717098445676,0.0,-31.874281347064905]
347.0,[-0.029581590788617156,3.905249138636708e-5,0.00015853434080348696,2.489406148017028e-5,0.5836796213576515,0.0,58.701324772976434,4.1582224785646615e-5,-34.414140814549135]
348.0,[-0.02950999484823521,1.3017497128789027e-5,3.1706868160697395e-5,3.219043121597028e-5,0.3150885605261292,3.703851475708659e-6,58.70170668005727,2.494933487138797e-5,-34.40384035345678]
349.0,[-0.029522347668934912,1.952624569318354e-5,-3.1706868160697395e-5,3.1172779647556075e-5,0.3994933610936394,-1.8519257378543296e-5,58.70674400045585,0.0,-34.27038481673833]
350.0,[-0.029404869823096928,-2.1695828547981712e-6,-7.926717040174348e-5,3.969801165464871e-5,0.38639296916030424,-7.407702951417318e-6,58.74096604801406,2.494933487138797e-5,-33.363463752630025]
351.0,[-0.02940404477384797,-6.508748564394514e-6,-0.00020609464304453305,3.97748155466045e-5,0.48489572221043664,7.407702951417318e-6,58.752167144711365,8.316444957129323e-6,-33.066882546367324]
352.0,[-0.029512492914016784,1.952624569318354e-5,-3.1706868160697395e-5,3.194081856711397e-5,0.48606942248319696,0.0,58.71979003699767,0.0,-33.92440343993065]
353.0,[-0.029513913832167768,1.3017497128789027e-5,3.1706868160697395e-5,3.1864014675158175e-5,0.39637026830436084,0.0,58.70940715072281,3.326577982851729e-5,-34.1997530835336]
354.0,[-0.029404938577201008,-8.678331419192685e-6,-7.926717040174348e-5,3.969801165464871e-5,0.3947121837920486,-3.703851475708659e-6,58.74187605212656,2.494933487138797e-5,-33.33931923158555]
355.0,[-0.02951721402916361,6.508748564394514e-6,6.341373632139479e-5,3.160480153980739e-5,0.4856612525470711,1.4815405902834637e-5,58.71815814917451,3.326577982851729e-5,-33.96821793769668]
356.0,[-0.02951400550430654,1.735666283838537e-5,0.0,3.1883215648147125e-5,0.3919667752175255,1.8519257378543296e-5,58.70888698647918,-1.6632889914258647e-5,-34.21341696049285]
357.0,[-0.02940535110182549,-1.0847914273990855e-5,-0.00017438777488383567,3.965000922217634e-5,0.39464105044218434,-1.1111554427125979e-5,58.741793324479964,-1.6632889914258647e-5,-33.34166161049285]
358.0,[-0.029403471822980635,-4.3391657095963424e-6,-0.00012682747264278958,3.976521506011002e-5,0.4846196570669158,-3.703851475708659e-6,58.75228047025464,4.1582224785646615e-5,-33.063789404989734]
359.0,[-0.029512653340259636,1.0847914273990855e-5,6.341373632139479e-5,3.1873615161652654e-5,0.4864640432098249,1.4815405902834637e-5,58.71983423395955,0.0,-33.923532555465115]
360.0,[-0.029632720924017964,1.3017497128789027e-5,0.00011097403856244088,1.537037887765238e-5,0.3980131099559879,-7.407702951417318e-6,58.6408281982099,8.316444957129323e-6,-36.01701868861472]
361.0,[-0.029596808363653526,1.5187079983587198e-5,0.00012682747264278958,2.3041167586736858e-5,0.20656955435463364,3.703851475708659e-6,58.651466066957134,0.0,-35.73518245726848]
362.0,[-0.029529314751481683,1.952624569318354e-5,9.512060448209219e-5,3.0577549484898706e-5,0.29452255415942086,-7.407702951417318e-6,58.69264290310613,8.316444957129323e-6,-34.64402428295142]
363.0,[-0.0295237685870859,1.5187079983587198e-5,6.341373632139479e-5,3.107677478261134e-5,0.38087335994107485,0.0,58.704220240607114,0.0,-34.337082554598744]
364.0,[-0.029406359495351996,-1.0847914273990855e-5,-0.00015853434080348696,3.962120776269292e-5,0.3852023323756715,1.4815405902834637e-5,58.74049914677576,0.0,-33.375866348639185]
365.0,[-0.029404159364021437,0.0,-1.5853434080348698e-5,3.972681311413213e-5,0.4839913124764481,-1.1111554427125979e-5,58.75203908684747,-3.326577982851729e-5,-33.07006577924135]
366.0,[-0.029512561668120864,2.169582854798171e-5,4.756030224104609e-5,3.196962002659739e-5,0.48599998278451995,1.1111554427125979e-5,58.71977303816618,-2.494933487138797e-5,-33.925304354895]
367.0,[-0.029398727789799118,-1.0847914273990855e-5,-0.00011097403856244088,4.010123208741661e-5,0.39550481254767894,-3.703851475708659e-6,58.743545337379,-4.1582224785646615e-5,-33.29520442883141]
368.0,[-0.029403196806564315,2.1695828547981712e-6,-0.00011097403856244088,3.975561457361555e-5,0.48919420892366283,-1.8519257378543296e-5,58.7528187665852,-6.653155965703459e-5,-33.04925464356495]
369.0,[-0.029512286651704543,6.508748564394514e-6,0.00011097403856244088,3.196962002659739e-5,0.4865555003739361,-1.1111554427125979e-5,58.71993056067134,8.316444957129323e-6,-33.92091990206851]
370.0,[-0.029592041412437313,1.3017497128789027e-5,0.00017438777488383567,2.36459982358887e-5,0.39741017013332885,1.4815405902834637e-5,58.67517943688744,2.494933487138797e-5,-35.10670417814072]
371.0,[-0.029595845806196404,2.169582854798171e-5,0.00014268090672313826,2.3108370992198174e-5,0.3015799986566681,1.1111554427125979e-5,58.66247790999717,-8.316444957129323e-6,-35.443406130815625]
372.0,[-0.029634783547140362,6.508748564394514e-6,3.1706868160697395e-5,6.144311356463162e-6,0.29791663113865857,0.0,58.591476057369036,-2.494933487138797e-5,-37.32478685085937]
373.0,[-0.029601002364002402,1.952624569318354e-5,0.00012682747264278958,2.250354034304633e-5,0.1014361569064396,3.703851475708659e-6,58.637490760960446,0.0,-36.10560866010874]
374.0,[-0.029282968796563134,-4.339165709596342e-5,-0.00038048241792836875,4.649515609273608e-5,0.2869197539798809,3.703851475708659e-6,58.75828785730365,2.494933487138797e-5,-32.90447760879455]
375.0,[-0.029260898729153464,-4.556123995076159e-5,-0.0003963358520087174,4.758961155310608e-5,0.5627613355439963,0.0,58.79355136660456,1.6632889914258647e-5,-31.970258821266565]
376.0,[-0.027642404201076172,-0.000164888296964661,-0.0012999815945885932,5.560601777599161e-5,0.2785531171148937,7.407702951417318e-6,58.83158795194941,2.494933487138797e-5,-30.961954793170523]
377.0,[-0.027966190195223464,-3.688290853156891e-5,-0.0003329221156873226,3.986121992505476e-5,0.2937976714512803,3.703851475708659e-6,58.767627015324955,0.0,-32.656816085095834]
378.0,[-0.02938378523117907,0.0,-0.00020609464304453305,4.1003677817897134e-5,0.4962194740483525,-7.407702951417318e-6,58.75852017466737,8.316444957129323e-6,-32.89808111254769]
379.0,[-0.029243985219549788,-4.773082280555977e-5,-0.0004597495883301122,4.837685144565293e-5,0.4984703364762002,1.1111554427125979e-5,58.789758360671144,-4.989866974277594e-5,-32.07083096178639]
380.0,[-0.029394304609103306,-1.0847914273990855e-5,-0.00012682747264278958,4.03220432767895e-5,0.5847737200246114,-7.407702951417318e-6,58.7657254127088,-3.326577982851729e-5,-32.70753759758851]
381.0,[-0.02938992726447688,-6.508748564394514e-6,-0.00026950837936592784,4.058125641214029e-5,0.4916703269594141,-1.1111554427125979e-5,58.75644745048086,-4.1582224785646615e-5,-32.95351741335379]
382.0,[-0.02939645890436448,-1.952624569318354e-5,-0.00015853434080348696,4.021643792535029e-5,0.49495939756504265,-3.703851475708659e-6,58.75517707114075,-3.326577982851729e-5,-32.98673114503934]
383.0,[-0.02951205747135761,8.678331419192685e-6,9.512060448209219e-5,3.2008021972575285e-5,0.49128756179109684,-2.2223108854251958e-5,58.72057878277887,-8.316444957129323e-6,-33.90380251774594]
384.0,[-0.029398315265174637,-1.5187079983587198e-5,-0.00015853434080348696,4.011083257391108e-5,0.39608404125371655,-3.703851475708659e-6,58.743705126395014,1.6632889914258647e-5,-33.290970128498984]
385.0,[-0.02940315097049493,-4.3391657095963424e-6,-0.00017438777488383567,3.9813217492582395e-5,0.4894601121600602,1.1111554427125979e-5,58.752862963547074,-1.6632889914258647e-5,-33.048383759099416]
386.0,[-0.029396894347023653,-1.0847914273990855e-5,-0.00022194807712488175,4.0178035979372395e-5,0.48574762875762056,1.1111554427125979e-5,58.75408461290358,0.0,-33.01607094237821]
387.0,[-0.029396894347023653,-1.0847914273990855e-5,-0.00011097403856244088,4.019723695236134e-5,0.49026290282281404,0.0,58.75454244809841,-8.316444957129323e-6,-33.00378846836429]
388.0,[-0.029512286651704543,1.952624569318354e-5,7.926717040174348e-5,3.199842148608081e-5,0.49094713790246075,-1.1111554427125979e-5,58.72045299142584,-3.326577982851729e-5,-33.90710587261521]
389.0,[-0.029513684651820835,2.3865411402779884e-5,9.512060448209219e-5,3.18544141886637e-5,0.39667512551806483,1.1111554427125979e-5,58.709530675564984,2.494933487138797e-5,-34.19632960666909]
390.0,[-0.029594745740531125,1.735666283838537e-5,-1.5853434080348698e-5,2.3242777803120805e-5,0.396614154075324,1.1111554427125979e-5,58.67348975303721,3.326577982851729e-5,-35.151419590871086]
391.0,[-0.029595983314404564,1.735666283838537e-5,9.512060448209219e-5,2.3108370992198174e-5,0.29716634366270933,-3.703851475708659e-6,58.66195547924267,8.316444957129323e-6,-35.457400343261796]
392.0,[-0.029599031413018777,1.952624569318354e-5,7.926717040174348e-5,2.2695550072935805e-5,0.29617555771817133,-3.703851475708659e-6,58.660074275224304,2.494933487138797e-5,-35.50716087979251]
393.0,[-0.02959905433105347,1.952624569318354e-5,0.00012682747264278958,2.2695550072935805e-5,0.29130461690365655,-1.8519257378543296e-5,58.65948951542101,8.316444957129323e-6,-35.52256652568283]
394.0,[-0.029599146003192245,1.952624569318354e-5,0.00011097403856244088,2.265714812695791e-5,0.29119283592529843,-7.407702951417318e-6,58.659394321964655,1.6632889914258647e-5,-35.52523924007705]
395.0,[-0.029599146003192245,1.5187079983587198e-5,6.341373632139479e-5,2.2647547640463436e-5,0.2909591120614587,7.407702951417318e-6,58.65936372406797,0.0,-35.52595997204853]
396.0,[-0.029525212423271576,1.735666283838537e-5,6.341373632139479e-5,3.0894365539216334e-5,0.29012922297970895,3.703851475708659e-6,58.693624302310894,8.316444957129323e-6,-34.61795780998301]
397.0,[-0.029598206363769818,2.8204577112376225e-5,0.00015853434080348696,2.2801155424375014e-5,0.3857832547328963,0.0,58.67035176874392,-1.6632889914258647e-5,-35.2347842555719]
398.0,[-0.029596350002959657,2.169582854798171e-5,0.00011097403856244088,2.3079569532714752e-5,0.291848278934762,-3.703851475708659e-6,58.661140668586526,-8.316444957129323e-6,-35.4787520279168]
399.0,[-0.02959912308515755,1.952624569318354e-5,0.00019024120896418437,2.265714812695791e-5,0.2955895544073848,7.407702951417318e-6,58.659916752719155,2.494933487138797e-5,-35.51148527162137]
400.0,[-0.02959912308515755,2.169582854798171e-5,0.00015853434080348696,2.2676349099946858e-5,0.29102177715538674,-7.407702951417318e-6,58.65944531845913,-8.316444957129323e-6,-35.523557532143606]
401.0,[-0.029525120751132804,1.3017497128789027e-5,7.926717040174348e-5,3.0894365539216334e-5,0.2903409293781145,-7.407702951417318e-6,58.693657166718445,8.316444957129323e-6,-34.61711695601629]
402.0,[-0.029523860259224672,2.169582854798171e-5,9.512060448209219e-5,3.1038372836633444e-5,0.38495675295352105,3.703851475708659e-6,58.70462254628574,-8.316444957129323e-6,-34.32669200200995]
403.0,[-0.02951923081621662,1.5187079983587198e-5,9.512060448209219e-5,3.146079424239028e-5,0.38586624364107125,-1.4815405902834637e-5,58.706400624059725,1.6632889914258647e-5,-34.279514088377034]
404.0,[-0.02951902455390438,1.3017497128789027e-5,1.5853434080348698e-5,3.144159326940134e-5,0.3904932986846229,3.703851475708659e-6,58.70695478596634,-1.6632889914258647e-5,-34.26482917445819]
405.0,[-0.029518841209626834,2.169582854798171e-5,9.512060448209219e-5,3.1393590836928965e-5,0.3905813685463596,-3.703851475708659e-6,58.70703751361293,-8.316444957129323e-6,-34.26242673455327]
406.0,[-0.029595181183190298,1.5187079983587198e-5,0.00011097403856244088,2.318517488415396e-5,0.39163651323601284,3.703851475708659e-6,58.67280866652213,1.6632889914258647e-5,-35.1696781341485]
407.0,[-0.02952012461956966,1.3017497128789027e-5,1.5853434080348698e-5,3.135518889095107e-5,0.2959977243435107,7.407702951417318e-6,58.69608913287713,-3.326577982851729e-5,-34.552761597063174]
408.0,[-0.02941199733188655,-6.508748564394514e-6,-0.00011097403856244088,3.9217987329925026e-5,0.38910789201345697,-1.4815405902834637e-5,58.7394588182885,0.0,-33.403524438044606]
409.0,[-0.029517603635753394,1.5187079983587198e-5,-4.756030224104609e-5,3.15663995938295e-5,0.4807174847315048,1.1111554427125979e-5,58.717481595681164,4.989866974277594e-5,-33.98581581000024]
410.0,[-0.029514303438757557,1.952624569318354e-5,0.00012682747264278958,3.184481370216923e-5,0.39163312593363836,1.8519257378543296e-5,58.70875892861528,1.6632889914258647e-5,-34.216870467856175]
411.0,[-0.029518703701418673,1.5187079983587198e-5,0.00017438777488383567,3.142239229641239e-5,0.3952219727994091,-3.703851475708659e-6,58.707608674351036,8.316444957129323e-6,-34.24765172913799]
412.0,[-0.029594952002843365,2.6034994257578055e-5,0.00011097403856244088,2.3213976343637383e-5,0.39173813230724747,-7.407702951417318e-6,58.672898193701315,-3.326577982851729e-5,-35.167245663744765]
413.0,[-0.029596097904578032,1.735666283838537e-5,6.341373632139479e-5,2.30987705057037e-5,0.2970562563355384,7.407702951417318e-6,58.661853486253726,0.0,-35.46016314915246]
414.0,[-0.02952486865275118,1.0847914273990855e-5,1.5853434080348698e-5,3.099037040416107e-5,0.2951170257261436,0.0,58.694314454869435,-1.6632889914258647e-5,-34.5996992667056]
415.0,[-0.029523676914947124,2.169582854798171e-5,4.756030224104609e-5,3.1028772350138965e-5,0.38529378953978266,-1.1111554427125979e-5,58.70474267136161,-2.494933487138797e-5,-34.323328586143056]
416.0,[-0.029519116226043154,1.3017497128789027e-5,6.341373632139479e-5,3.143199278290686e-5,0.38610674210965995,3.703851475708659e-6,58.70643008870098,-8.316444957129323e-6,-34.27855311241506]
417.0,[-0.029519047471939074,1.735666283838537e-5,4.756030224104609e-5,3.147999521537923e-5,0.3905068478941208,-7.407702951417318e-6,58.7069638520098,-3.326577982851729e-5,-34.26461896096651]
418.0,[-0.029518795373557446,2.169582854798171e-5,9.512060448209219e-5,3.145119375589581e-5,0.3905932241046703,-1.1111554427125979e-5,58.70704431314553,-2.494933487138797e-5,-34.26239670405446]
419.0,[-0.029518726619453366,6.508748564394514e-6,3.1706868160697395e-5,3.14895957018737e-5,0.3908117051078248,7.407702951417318e-6,58.707072644531344,-8.316444957129323e-6,-34.261766063579415]
420.0,[-0.02951874953748806,8.678331419192685e-6,0.00011097403856244088,3.1412791809917916e-5,0.3908015432007014,1.4815405902834637e-5,58.707081710574805,1.6632889914258647e-5,-34.26164594158417]
421.0,[-0.02940548861003365,-2.1695828547981712e-6,-9.512060448209219e-5,3.9678810681659764e-5,0.39001060809625826,-1.4815405902834637e-5,58.74122669676359,1.6632889914258647e-5,-33.356616798900994]
422.0,[-0.029403678085292876,-1.735666283838537e-5,-1.5853434080348698e-5,3.975561457361555e-5,0.48451634434449387,-2.5926960329960616e-5,58.752175077499395,-4.989866974277594e-5,-33.06640205838634]
423.0,[-0.029512492914016784,4.3391657095963424e-6,0.00011097403856244088,3.196001954010291e-5,0.4862337066483597,-3.703851475708659e-6,58.71980930234003,3.326577982851729e-5,-33.92425328743659]
424.0,[-0.029513845078063688,1.735666283838537e-5,6.341373632139479e-5,3.184481370216923e-5,0.39634825083892666,-7.407702951417318e-6,58.70940261770108,3.326577982851729e-5,-34.19972305303479]
425.0,[-0.029594906166773977,2.6034994257578055e-5,0.00011097403856244088,2.323317731662633e-5,0.3963634936996118,1.1111554427125979e-5,58.67346482141769,4.989866974277594e-5,-35.15244062783068]
426.0,[-0.029519872521188033,1.5187079983587198e-5,7.926717040174348e-5,3.1393590836928965e-5,0.29632967997621057,0.0,58.696209257953,-8.316444957129323e-6,-34.54945824219391]
427.0,[-0.029411882741713087,-6.508748564394514e-6,-7.926717040174348e-5,3.925638927590292e-5,0.3893450031796712,-7.407702951417318e-6,58.73948601641889,1.6632889914258647e-5,-33.40256346208264]
428.0,[-0.029517580717718702,4.3391657095963424e-6,0.0,3.150879667486265e-5,0.48073272759219,-2.2223108854251958e-5,58.717489528469194,-8.316444957129323e-6,-33.98578577950143]
429.0,[-0.02951432635679225,1.735666283838537e-5,6.341373632139479e-5,3.180641175619134e-5,0.39165344974788524,3.703851475708659e-6,58.70876686140331,-1.6632889914258647e-5,-34.21681040685855]
430.0,[-0.029518634947314593,0.0,6.341373632139479e-5,3.146079424239028e-5,0.39522874740415814,-1.1111554427125979e-5,58.707607541095605,8.316444957129323e-6,-34.247441515646315]
431.0,[-0.02951854327517582,8.678331419192685e-6,1.5853434080348698e-5,3.14895957018737e-5,0.39091163052787226,-7.407702951417318e-6,58.7071678379877,2.494933487138797e-5,-34.25909334918519]
432.0,[-0.029518795373557446,1.3017497128789027e-5,6.341373632139479e-5,3.146079424239028e-5,0.39103526706454106,-1.1111554427125979e-5,58.707105508938895,-8.316444957129323e-6,-34.26071499612101]
433.0,[-0.029518864127661526,6.508748564394514e-6,4.756030224104609e-5,3.147999521537923e-5,0.3908388035268207,0.0,58.707083977085674,-1.6632889914258647e-5,-34.26140569759368]
434.0,[-0.02951881829159214,1.0847914273990855e-5,4.756030224104609e-5,3.143199278290686e-5,0.39083541622444623,0.0,58.707085110341104,0.0,-34.2614657585913]
435.0,[-0.02951881829159214,1.5187079983587198e-5,6.341373632139479e-5,3.147039472888476e-5,0.390820173363761,3.703851475708659e-6,58.707077177553074,2.494933487138797e-5,-34.26137566709487]
436.0,[-0.029518955799800302,-2.1695828547981712e-6,0.00011097403856244088,3.146079424239028e-5,0.3908252543173228,-7.407702951417318e-6,58.70707944406394,-1.6632889914258647e-5,-34.261435728092486]
437.0,[-0.029518726619453366,6.508748564394514e-6,7.926717040174348e-5,3.145119375589581e-5,0.3908184797125738,-1.8519257378543296e-5,58.707077177553074,8.316444957129323e-6,-34.26149578909011]
438.0,[-0.029518772455522754,1.5187079983587198e-5,0.00011097403856244088,3.142239229641239e-5,0.3908303352708845,-1.4815405902834637e-5,58.707083977085674,-8.316444957129323e-6,-34.261585880586544]
439.0,[-0.029518795373557446,1.3017497128789027e-5,0.00014268090672313826,3.1403191323423444e-5,0.3908184797125738,3.703851475708659e-6,58.707081710574805,8.316444957129323e-6,-34.26149578909011]
440.0,[-0.029595112429086218,2.169582854798171e-5,0.00011097403856244088,2.3194775370648436e-5,0.3916619180038215,1.8519257378543296e-5,58.67281773256559,-8.316444957129323e-6,-35.16952798165444]
441.0,[-0.029596120822612725,1.3017497128789027e-5,0.00014268090672313826,2.3117971478692646e-5,0.29683608168119663,-3.703851475708659e-6,58.661824021612475,-8.316444957129323e-6,-35.46076375912869]
442.0,[-0.029524845734716483,1.735666283838537e-5,7.926717040174348e-5,3.0894365539216334e-5,0.29510008921427117,-3.703851475708659e-6,58.69431218835857,-8.316444957129323e-6,-34.59993951069609]
443.0,[-0.029412066085990632,-4.3391657095963424e-6,-0.00015853434080348696,3.927559024889187e-5,0.3844689814115947,3.703851475708659e-6,58.738904656381884,2.494933487138797e-5,-33.41823938246226]
444.0,[-0.029404296872229597,8.678331419192685e-6,-4.756030224104609e-5,3.9707612141143186e-5,0.47980460674158004,-3.703851475708659e-6,58.75154272096792,-3.326577982851729e-5,-33.08324916821961]
445.0,[-0.02951290543864126,4.3391657095963424e-6,0.00014268090672313826,3.1988820999586335e-5,0.48592715578346846,1.1111554427125979e-5,58.71969257703046,5.8215114699905265e-5,-33.9276467338023]
446.0,[-0.029513822160028996,1.735666283838537e-5,0.00011097403856244088,3.1864014675158175e-5,0.39611113967271244,-1.1111554427125979e-5,58.70937655282613,-8.316444957129323e-6,-34.200623967999135]
447.0,[-0.02951852035714113,6.508748564394514e-6,6.341373632139479e-5,3.149919618836818e-5,0.3955183617571769,-3.703851475708659e-6,58.70771633361715,-2.494933487138797e-5,-34.244528557261596]
448.0,[-0.029518589111245205,1.3017497128789027e-5,4.756030224104609e-5,3.14895957018737e-5,0.391131805182214,1.1111554427125979e-5,58.70719956913982,0.0,-34.2583425867149]
449.0,[-0.029518634947314593,1.0847914273990855e-5,7.926717040174348e-5,3.144159326940134e-5,0.39105389722760076,-3.703851475708659e-6,58.707110041960625,-1.6632889914258647e-5,-34.260594874125765]
450.0,[-0.029518726619453366,1.3017497128789027e-5,0.00014268090672313826,3.145119375589581e-5,0.3908421908291952,2.2223108854251958e-5,58.707083977085674,-8.316444957129323e-6,-34.26128557559843]
451.0,[-0.02951874953748806,6.508748564394514e-6,6.341373632139479e-5,3.143199278290686e-5,0.39083202892207175,-7.407702951417318e-6,58.70708284383024,-4.989866974277594e-5,-34.2614657585913]
452.0,[-0.02951881829159214,1.735666283838537e-5,9.512060448209219e-5,3.147999521537923e-5,0.390833722573259,-7.407702951417318e-6,58.707080577319374,4.1582224785646615e-5,-34.26161591108536]
453.0,[-0.029518795373557446,1.5187079983587198e-5,9.512060448209219e-5,3.146079424239028e-5,0.39082356066613555,7.407702951417318e-6,58.707077177553074,2.494933487138797e-5,-34.26155585008774]
454.0,[-0.02951874953748806,1.735666283838537e-5,0.00011097403856244088,3.146079424239028e-5,0.3908252543173228,3.703851475708659e-6,58.707076044297644,-8.316444957129323e-6,-34.26149578909011]
455.0,[-0.02951881829159214,1.735666283838537e-5,6.341373632139479e-5,3.142239229641239e-5,0.390820173363761,-7.407702951417318e-6,58.707077177553074,4.1582224785646615e-5,-34.26161591108536]
456.0,[-0.029518772455522754,8.678331419192685e-6,7.926717040174348e-5,3.1393590836928965e-5,0.39082864161969727,-7.407702951417318e-6,58.70707944406394,-3.326577982851729e-5,-34.26155585008774]
457.0,[-0.029595043674982138,2.169582854798171e-5,0.00015853434080348696,2.3146772938176068e-5,0.391651756096698,0.0,58.67281433279929,2.494933487138797e-5,-35.16949795115563]
458.0,[-0.029596166658682112,8.678331419192685e-6,0.00011097403856244088,2.30987705057037e-5,0.29683608168119663,7.407702951417318e-6,58.661825154867905,-1.6632889914258647e-5,-35.46067366763226]
459.0,[-0.029524845734716483,1.3017497128789027e-5,6.341373632139479e-5,3.0942367971688706e-5,0.29510347651664565,3.703851475708659e-6,58.69430652208141,0.0,-34.5999695411949]
460.0,[-0.029523539406738967,8.678331419192685e-6,0.00012682747264278958,3.1067174296116866e-5,0.3852785466790975,-7.407702951417318e-6,58.70474607112791,-8.316444957129323e-6,-34.323418677639495]
461.0,[-0.02959527285532907,2.169582854798171e-5,7.926717040174348e-5,2.3194775370648436e-5,0.38692646928428626,-3.703851475708659e-6,58.672166110691755,1.6632889914258647e-5,-35.186585304979396]
462.0,[-0.029596166658682112,1.952624569318354e-5,0.00014268090672313826,2.3079569532714752e-5,0.2965210625603692,-1.1111554427125979e-5,58.66170616304747,0.0,-35.46376680900985]
463.0,[-0.029524845734716483,1.5187079983587198e-5,4.756030224104609e-5,3.097116943117213e-5,0.2948765272575549,3.703851475708659e-6,58.69427592418472,1.6632889914258647e-5,-34.60084042566044]
464.0,[-0.02952349357066958,1.5187079983587198e-5,9.512060448209219e-5,3.1047973323127915e-5,0.385268384771974,0.0,58.70473813833988,1.6632889914258647e-5,-34.32353879963474]
465.0,[-0.029519184980147235,1.3017497128789027e-5,7.926717040174348e-5,3.1412791809917916e-5,0.38610166115609823,0.0,58.70642782219011,1.6632889914258647e-5,-34.278763325906745]
466.0,[-0.029518909963730914,6.508748564394514e-6,0.00012682747264278958,3.137438986394002e-5,0.3905051542429336,0.0,58.70696158549894,-4.1582224785646615e-5,-34.26473908296176]
467.0,[-0.02951881829159214,6.508748564394514e-6,0.00011097403856244088,3.147039472888476e-5,0.3905813685463596,3.703851475708659e-6,58.70704431314553,2.494933487138797e-5,-34.262276582059215]
468.0,[-0.029518703701418673,8.678331419192685e-6,7.926717040174348e-5,3.147999521537923e-5,0.3908100114566376,-1.8519257378543296e-5,58.707072644531344,1.6632889914258647e-5,-34.26179609407823]
469.0,[-0.029595112429086218,2.3865411402779884e-5,0.00011097403856244088,2.3194775370648436e-5,0.39165006244551076,7.407702951417318e-6,58.67281546605472,-4.1582224785646615e-5,-35.16952798165444]
470.0,[-0.029520078783500273,1.5187079983587198e-5,9.512060448209219e-5,3.13455884044566e-5,0.2960078862506342,0.0,58.69609139938799,1.6632889914258647e-5,-34.552611444569116]
471.0,[-0.029411882741713087,0.0,-0.00011097403856244088,3.926598976239739e-5,0.38911805392058046,0.0,58.739456551777636,-2.494933487138797e-5,-33.40334425505174]
472.0,[-0.029517603635753394,1.5187079983587198e-5,1.5853434080348698e-5,3.15279976478516e-5,0.4807174847315048,-1.1111554427125979e-5,58.717483862192026,0.0,-33.985995992993104]
473.0,[-0.02951418884858409,1.0847914273990855e-5,7.926717040174348e-5,3.184481370216923e-5,0.3916382068872001,7.407702951417318e-6,58.708765728147874,1.6632889914258647e-5,-34.21690049835499]
474.0,[-0.029405259429686716,-6.508748564394514e-6,-0.00011097403856244088,3.9678810681659764e-5,0.3944022456247829,1.8519257378543296e-5,58.74175139402895,8.316444957129323e-6,-33.342532494958384]
475.0,[-0.02940342598691125,-1.5187079983587198e-5,-0.00011097403856244088,3.9794016519593445e-5,0.4846061078574178,-1.1111554427125979e-5,58.75227593723291,3.326577982851729e-5,-33.06393955748379]
476.0,[-0.029512630422224944,2.8204577112376225e-5,7.926717040174348e-5,3.19312180806195e-5,0.4864555749538887,2.5926960329960616e-5,58.71982970093782,1.6632889914258647e-5,-33.92368270795917]
477.0,[-0.029513982586271848,2.169582854798171e-5,1.5853434080348698e-5,3.1873615161652654e-5,0.39634825083892666,-3.703851475708659e-6,58.70941055048911,-8.316444957129323e-6,-34.199632961538356]
478.0,[-0.029404892741131623,-1.5187079983587198e-5,-0.00015853434080348696,3.9678810681659764e-5,0.39473758855985724,3.703851475708659e-6,58.74187605212656,-1.6632889914258647e-5,-33.33931923158555]
479.0,[-0.029403517659050023,-8.678331419192685e-6,-3.1706868160697395e-5,3.972681311413213e-5,0.4848364444188831,-3.703851475708659e-6,58.75229860234156,8.316444957129323e-6,-33.06315876451469]
480.0,[-0.029512538750086168,8.678331419192685e-6,4.756030224104609e-5,3.194081856711397e-5,0.48647251146576115,-7.407702951417318e-6,58.71983876698128,-1.6632889914258647e-5,-33.92335237247225]
481.0,[-0.029632766760087352,1.3017497128789027e-5,1.5853434080348698e-5,1.5255173039718693e-5,0.39803004646786033,-7.407702951417318e-6,58.640823665188165,8.316444957129323e-6,-36.017318993602835]
482.0,[-0.029635150235695455,6.508748564394514e-6,7.926717040174348e-5,1.4727146282522641e-5,0.2073994434363834,7.407702951417318e-6,58.61713182711108,-8.316444957129323e-6,-36.6450164797615]
483.0,[-0.02953059816142451,1.5187079983587198e-5,9.512060448209219e-5,3.046234364696502e-5,0.1995087225550119,0.0,58.68163445983239,-8.316444957129323e-6,-34.93577057890547]
484.0,[-0.029528375112059257,6.508748564394514e-6,7.926717040174348e-5,3.0577549484898706e-5,0.3799621756023374,1.1111554427125979e-5,58.70243876306683,1.6632889914258647e-5,-34.384560773219775]
485.0,[-0.0295192995703207,1.735666283838537e-5,6.341373632139479e-5,3.1403191323423444e-5,0.38137976164606097,-7.407702951417318e-6,58.70579093263691,-1.6632889914258647e-5,-34.29564046623882]
486.0,[-0.0295192995703207,1.952624569318354e-5,7.926717040174348e-5,3.143199278290686e-5,0.3902002970292296,-7.407702951417318e-6,58.70683466089047,2.494933487138797e-5,-34.267772163341725]
487.0,[-0.029518795373557446,1.5187079983587198e-5,9.512060448209219e-5,3.147039472888476e-5,0.3903645811943923,-3.703851475708659e-6,58.70701484850428,-8.316444957129323e-6,-34.26323755802118]
488.0,[-0.029518772455522754,1.952624569318354e-5,0.00017438777488383567,3.145119375589581e-5,0.3907879939912034,-7.407702951417318e-6,58.707068111509614,-1.6632889914258647e-5,-34.261706002581796]
489.0,[-0.029595158265155606,1.735666283838537e-5,6.341373632139479e-5,2.318517488415396e-5,0.39164159418957456,1.8519257378543296e-5,58.67280866652213,-1.6632889914258647e-5,-35.16952798165444]
490.0,[-0.02952012461956966,1.5187079983587198e-5,6.341373632139479e-5,3.13455884044566e-5,0.2960095799018214,1.1111554427125979e-5,58.696092532643426,0.0,-34.55270153606555]
491.0,[-0.029411951495817167,-1.5187079983587198e-5,-4.756030224104609e-5,3.926598976239739e-5,0.38909942375752077,-1.4815405902834637e-5,58.739453152011336,-1.6632889914258647e-5,-33.403614529541045]
492.0,[-0.02959403528145563,2.169582854798171e-5,0.00014268090672313826,2.3329182181571068e-5,0.48153890555731826,-3.703851475708659e-6,58.68321421790564,8.316444957129323e-6,-34.89387803306338]
493.0,[-0.029593210232206672,1.3017497128789027e-5,9.512060448209219e-5,2.349239045197712e-5,0.2976405659951377,0.0,58.66351597197357,-1.6632889914258647e-5,-35.415838132906636]
494.0,[-0.029413464086106927,0.0,-9.512060448209219e-5,3.9189185870441604e-5,0.2986940170336037,-1.4815405902834637e-5,58.72899207111161,-8.316444957129323e-6,-33.68070594207506]
495.0,[-0.029410095135007006,-6.508748564394514e-6,1.5853434080348698e-5,3.938119560033108e-5,0.4790780303822522,-2.5926960329960616e-5,58.74994256429687,-1.6632889914258647e-5,-33.12565223254149]
496.0,[-0.02951290543864126,1.0847914273990855e-5,6.341373632139479e-5,3.194081856711397e-5,0.48173706274622585,-1.4815405902834637e-5,58.71919394464005,0.0,-33.94083012278056]
497.0,[-0.02951418884858409,1.0847914273990855e-5,9.512060448209219e-5,3.1864014675158175e-5,0.39603831267166095,-7.407702951417318e-6,58.709298358201266,8.316444957129323e-6,-34.202786163913565]
498.0,[-0.029594883248739285,1.5187079983587198e-5,9.512060448209219e-5,2.3261978776109752e-5,0.3961467063476446,3.703851475708659e-6,58.67342855724384,2.494933487138797e-5,-35.15322142079978]
499.0,[-0.02963455436679343,6.508748564394514e-6,4.756030224104609e-5,1.4823151147467377e-5,0.29795727876715244,3.703851475708659e-6,58.627608773586864,8.316444957129323e-6,-36.36741454874769]
500.0,[-0.02963634197349951,1.5187079983587198e-5,0.00011097403856244088,1.4333526336249219e-5,0.20197298503245245,3.703851475708659e-6,58.61472479257192,8.316444957129323e-6,-36.70874119823958]
501.0,[-0.029602881642847256,1.735666283838537e-5,9.512060448209219e-5,2.216752331573975e-5,0.1953779073093229,-3.703851475708659e-6,58.64668712879722,-8.316444957129323e-6,-35.861851101255525]
502.0,[-0.029420683267035324,-1.0847914273990855e-5,-7.926717040174348e-5,3.8718762032212394e-5,0.28397788186763745,0.0,58.725486912058116,0.0,-33.773770457892]
503.0,[-0.02941108061049882,-2.1695828547981712e-6,0.0,3.925638927590292e-5,0.4739581228432125,-1.1111554427125979e-5,58.74908695644515,1.6632889914258647e-5,-33.1483252591442]
504.0,[-0.02939790274055016,-8.678331419192685e-6,-7.926717040174348e-5,4.0168435492877924e-5,0.4801501115837779,3.703851475708659e-6,58.753161009725886,-2.494933487138797e-5,-33.04039564641555]
505.0,[-0.02939749021592568,-8.678331419192685e-6,-6.341373632139479e-5,4.0168435492877924e-5,0.48945333755531123,-7.407702951417318e-6,58.754347528163976,-3.326577982851729e-5,-33.009223988649175]
506.0,[-0.029396642248642024,-1.0847914273990855e-5,-0.00017438777488383567,4.0178035979372395e-5,0.4898530392355009,-1.1111554427125979e-5,58.754553780652735,0.0,-33.00357825487261]
507.0,[-0.029396642248642024,-8.678331419192685e-6,-0.00012682747264278958,4.0158835006383445e-5,0.49030355045130786,-1.8519257378543296e-5,58.754613843190675,-1.6632889914258647e-5,-33.00195660793678]
508.0,[-0.02951226373366985,-4.3391657095963424e-6,1.5853434080348698e-5,3.199842148608081e-5,0.4911486823937428,0.0,58.72047678978992,-2.494933487138797e-5,-33.90647523214017]
509.0,[-0.029398338183209333,-1.3017497128789027e-5,-0.00022194807712488175,4.009163160092213e-5,0.3958553983434385,-3.703851475708659e-6,58.74367679500919,0.0,-33.2915407079764]
510.0,[-0.02951714527505953,1.3017497128789027e-5,-1.5853434080348698e-5,3.157600008032397e-5,0.4902815329858737,1.1111554427125979e-5,58.718703245037666,8.316444957129323e-6,-33.95329277978735]
511.0,[-0.029513776323959608,1.735666283838537e-5,3.1706868160697395e-5,3.182561272918028e-5,0.3920582323816367,-3.703851475708659e-6,58.70898217993553,2.494933487138797e-5,-34.21122473407961]
512.0,[-0.029405396937894877,-2.1695828547981712e-6,-0.00014268090672313826,3.969801165464871e-5,0.39488662986433476,0.0,58.741815989588616,0.0,-33.340970909020186]
513.0,[-0.029517328619337074,1.3017497128789027e-5,9.512060448209219e-5,3.15279976478516e-5,0.4854563207534145,-1.1111554427125979e-5,58.71813321755499,8.316444957129323e-6,-33.96899873066578]
514.0,[-0.029632720924017964,-2.1695828547981712e-6,0.00026950837936592784,1.5389579850641326e-5,0.3936096168691525,-1.8519257378543296e-5,58.64028876862391,-8.316444957129323e-6,-36.03131320604901]
515.0,[-0.02963572318656279,2.1695828547981712e-6,-6.341373632139479e-5,6.4707278972752675e-6,0.20812771344689845,0.0,58.58269446102065,2.494933487138797e-5,-37.55773343014043]
516.0,[-0.02960352334781867,1.5187079983587198e-5,0.00015853434080348696,2.2129121369761857e-5,0.1050588767959553,0.0,58.63631557507669,-8.316444957129323e-6,-36.13663016538106]
517.0,[-0.02953424212894075,1.5187079983587198e-5,7.926717040174348e-5,3.00687237006916e-5,0.28420821842910265,1.4815405902834637e-5,58.68965450852997,-6.653155965703459e-5,-34.72330479981387]
518.0,[-0.029524295701883845,6.508748564394514e-6,0.0,3.0913566512205284e-5,0.3758195047983377,0.0,58.70345302667914,-8.316444957129323e-5,-34.357503293790586]
519.0,[-0.02951971209494518,1.735666283838537e-5,9.512060448209219e-5,3.133598791796213e-5,0.3854665419608816,-1.8519257378543296e-5,58.7061887052938,3.326577982851729e-5,-34.28503970015836]
520.0,[-0.029519070389973767,3.254374282197257e-5,0.00015853434080348696,3.144159326940134e-5,0.3900478684223776,-1.1111554427125979e-5,58.706889057151244,-4.1582224785646615e-5,-34.266510882391636]
521.0,[-0.02940569487234589,1.3017497128789027e-5,-0.00012682747264278958,3.969801165464871e-5,0.3897463985110481,-2.2223108854251958e-5,58.74118816607888,4.989866974277594e-5,-33.35772792735702]
522.0,[-0.029403815593501036,-1.0847914273990855e-5,1.5853434080348698e-5,3.9707612141143186e-5,0.4844723094136255,-4.4446217708503915e-5,58.752171677733095,-8.316444957129323e-6,-33.066191844894654]
523.0,[-0.029512492914016784,2.169582854798171e-5,-9.512060448209219e-5,3.181601224268581e-5,0.4862354002995469,0.0,58.7198081690846,0.0,-33.92407310444373]
524.0,[-0.029513661733786143,1.5187079983587198e-5,-3.1706868160697395e-5,3.1864014675158175e-5,0.3963533317924884,-1.1111554427125979e-5,58.70940941723368,1.6632889914258647e-5,-34.199693022535975]
525.0,[-0.0295186120292799,0.0,1.5853434080348698e-5,3.143199278290686e-5,0.3955454601761728,-4.0742366232795254e-5,58.70772086663888,1.6632889914258647e-5,-34.24446849626397]
526.0,[-0.029518864127661526,2.1695828547981712e-6,3.1706868160697395e-5,3.154719862084055e-5,0.39113688613577574,3.703851475708659e-6,58.70718823658549,0.0,-34.25813237322322]
527.0,[-0.02951845160303705,1.5187079983587198e-5,0.00011097403856244088,3.147039472888476e-5,0.39105728452997524,-1.8519257378543296e-5,58.707114574982356,-2.494933487138797e-5,-34.260414691132894]
528.0,[-0.029595089511051526,2.3865411402779884e-5,0.0002853618134462765,2.3242777803120805e-5,0.39168224181806843,3.703851475708659e-6,58.67281659931015,-5.8215114699905265e-5,-35.16949795115563]
529.0,[-0.029596212494751497,1.0847914273990855e-5,0.00019024120896418437,2.3117971478692646e-5,0.29684793723950736,-3.703851475708659e-6,58.661825154867905,-1.6632889914258647e-5,-35.46055354563701]
530.0,[-0.02952486865275118,1.952624569318354e-5,0.00017438777488383567,3.0923166998699756e-5,0.2951153320749564,1.4815405902834637e-5,58.694309921847704,1.6632889914258647e-5,-34.59972929720441]
531.0,[-0.029412157758129408,0.0,-3.1706868160697395e-5,3.926598976239739e-5,0.38446051315565843,-3.333466328137793e-5,58.738896723593854,0.0,-33.418269412961074]
532.0,[-0.02940425103616021,0.0,-0.00011097403856244088,3.9678810681659764e-5,0.4797876702297076,-3.333466328137793e-5,58.75155065375595,9.979733948555189e-5,-33.08342935121247]
533.0,[-0.02951290543864126,2.6034994257578055e-5,0.00025365494528557916,3.18928161346416e-5,0.4859288494346557,-1.4815405902834637e-5,58.719682377731566,1.6632889914258647e-5,-33.92710618482369]
534.0,[-0.029513959668237156,4.3391657095963424e-6,7.926717040174348e-5,3.1864014675158175e-5,0.3961128333238997,-7.407702951417318e-6,58.70938561886959,-1.6632889914258647e-5,-34.200684028996754]
535.0,[-0.029518634947314593,1.952624569318354e-5,0.0,3.149919618836818e-5,0.3955132808036152,3.703851475708659e-6,58.70772313314975,1.6632889914258647e-5,-34.24470874025447]
536.0,[-0.029518497439106433,4.3391657095963424e-6,3.1706868160697395e-5,3.147039472888476e-5,0.3911216432750905,-2.2223108854251958e-5,58.70718823658549,-2.494933487138797e-5,-34.25840264771252]
537.0,[-0.029405328183790796,-6.508748564394514e-6,-0.00022194807712488175,3.971721262763766e-5,0.3902307827506,0.0,58.74126409419287,-2.494933487138797e-5,-33.3555957619414]
538.0,[-0.029403861429570424,1.3017497128789027e-5,-0.00019024120896418437,3.963080824918739e-5,0.4845231189492429,-1.8519257378543296e-5,58.752184143542856,4.1582224785646615e-5,-33.06598163140298]
539.0,[-0.029512401241878008,-4.3391657095963424e-6,0.00026950837936592784,3.1902416621136076e-5,0.4862472558578576,-1.8519257378543296e-5,58.71981950163892,-8.316444957129323e-6,-33.92425328743659]
540.0,[-0.029513890914133076,1.5187079983587198e-5,6.341373632139479e-5,3.1864014675158175e-5,0.39633808893180317,-7.407702951417318e-6,58.70940375095651,-1.6632889914258647e-5,-34.19990323602766]
541.0,[-0.029518497439106433,2.6034994257578055e-5,-4.756030224104609e-5,3.143199278290686e-5,0.39553360461786213,-3.703851475708659e-6,58.70771746687258,-4.989866974277594e-5,-34.24437840476754]
542.0,[-0.02951854327517582,1.735666283838537e-5,-6.341373632139479e-5,3.146079424239028e-5,0.3911504353452737,-1.1111554427125979e-5,58.70719503611809,0.0,-34.25813237322322]
543.0,[-0.029518841209626834,1.3017497128789027e-5,3.1706868160697395e-5,3.147039472888476e-5,0.39104542897166455,-1.8519257378543296e-5,58.707105508938895,-3.326577982851729e-5,-34.260534813128146]
544.0,[-0.02940558028217242,-8.678331419192685e-6,-0.00019024120896418437,3.9678810681659764e-5,0.39001907635219446,2.2223108854251958e-5,58.74124256233965,3.326577982851729e-5,-33.35640658540931]
545.0,[-0.029403609331188796,-2.1695828547981712e-6,-0.00014268090672313826,3.9794016519593445e-5,0.4845248126004301,1.4815405902834637e-5,58.752190943075455,6.653155965703459e-5,-33.06658224137921]
546.0,[-0.029512722094363716,4.3391657095963424e-6,4.756030224104609e-5,3.2008021972575285e-5,0.4862472558578576,-3.333466328137793e-5,58.71980930234003,6.653155965703459e-5,-33.92416319594016]
547.0,[-0.029513845078063688,1.0847914273990855e-5,0.00014268090672313826,3.183521321567476e-5,0.39634147623417765,3.703851475708659e-6,58.70940715072281,5.8215114699905265e-5,-34.19957290054073]
548.0,[-0.02951833701286358,8.678331419192685e-6,0.00012682747264278958,3.158560056681844e-5,0.3955488474785473,3.703851475708659e-6,58.70771520036172,0.0,-34.24446849626397]
549.0,[-0.0295186120292799,1.735666283838537e-5,3.1706868160697395e-5,3.149919618836818e-5,0.391131805182214,1.8519257378543296e-5,58.70719616937352,-4.989866974277594e-5,-34.25831255621609]
550.0,[-0.029518795373557446,1.735666283838537e-5,1.5853434080348698e-5,3.147999521537923e-5,0.39103526706454106,1.4815405902834637e-5,58.707113441726925,2.494933487138797e-5,-34.26062490462458]
551.0,[-0.029518841209626834,1.0847914273990855e-5,6.341373632139479e-5,3.1364789377445543e-5,0.3908438844803825,-1.8519257378543296e-5,58.707076044297644,-1.6632889914258647e-5,-34.26164594158417]
552.0,[-0.02951888704569622,2.6034994257578055e-5,3.1706868160697395e-5,3.147999521537923e-5,0.3908540463875059,-2.9630811805669273e-5,58.707080577319374,0.0,-34.26137566709487]
553.0,[-0.02951881829159214,0.0,-3.1706868160697395e-5,3.1403191323423444e-5,0.3908184797125738,0.0,58.707068111509614,-2.494933487138797e-5,-34.26161591108536]
554.0,[-0.029519047471939074,1.5187079983587198e-5,9.512060448209219e-5,3.1383990350434494e-5,0.39083541622444623,-2.2223108854251958e-5,58.707072644531344,-0.00011643022939981053,-34.261585880586544]
555.0,[-0.02951868078338398,2.1695828547981712e-6,0.00020609464304453305,3.157600008032397e-5,0.39082864161969727,-4.815006918421257e-5,58.70708624359654,5.8215114699905265e-5,-34.26155585008774]
556.0,[-0.029518566193210513,3.471332567677074e-5,0.00017438777488383567,3.143199278290686e-5,0.39083202892207175,1.1111554427125979e-5,58.70706697825418,3.326577982851729e-5,-34.261345636596054]
557.0,[-0.02963386682575263,1.952624569318354e-5,0.0,1.4890354552928695e-5,0.39248164517844775,3.703851475708659e-6,58.63848689248584,-9.148089452842257e-5,-36.07942206514509]
558.0,[-0.02963531066193831,1.735666283838537e-5,9.512060448209219e-5,1.4659942877061326e-5,0.2026623010656609,-1.1111554427125979e-5,58.616487004769844,1.6632889914258647e-5,-36.6621939250817]
559.0,[-0.029530873177840828,1.735666283838537e-5,6.341373632139479e-5,3.0452743160470546e-5,0.19919031613180996,-2.2223108854251958e-5,58.68151546801195,0.0,-34.93895381177949]
560.0,[-0.029528352194024565,1.735666283838537e-5,0.00026950837936592784,3.06159514308766e-5,0.37973522634324663,-7.407702951417318e-6,58.70239116633865,-4.989866974277594e-5,-34.385311535690064]
561.0,[-0.02951950583263294,-2.1695828547981712e-6,9.512060448209219e-5,3.1364789377445543e-5,0.38135435687825225,0.0,58.70577733357171,4.1582224785646615e-5,-34.295850679730506]
562.0,[-0.029519184980147235,-2.1695828547981712e-6,0.00012682747264278958,3.1403191323423444e-5,0.39020199068041683,2.5926960329960616e-5,58.706838060656764,0.0,-34.26786225483816]
563.0,[-0.02951868078338398,1.952624569318354e-5,-1.5853434080348698e-5,3.147999521537923e-5,0.3903628875432051,1.4815405902834637e-5,58.70701484850428,-2.494933487138797e-5,-34.26329761901881]
564.0,[-0.029595135347120913,2.6034994257578055e-5,4.756030224104609e-5,2.323317731662633e-5,0.39161788307295314,1.8519257378543296e-5,58.67279620071237,0.0,-35.17000846963543]
565.0,[-0.029596052068508644,1.3017497128789027e-5,0.00015853434080348696,2.30987705057037e-5,0.29680559595982625,-3.703851475708659e-6,58.661825154867905,1.6632889914258647e-5,-35.46058357613582]
566.0,[-0.02952493740685526,1.735666283838537e-5,4.756030224104609e-5,3.0913566512205284e-5,0.2951068638190202,-1.4815405902834637e-5,58.69430652208141,-4.989866974277594e-5,-34.59984941919966]
567.0,[-0.02952351648870427,2.6034994257578055e-5,0.00014268090672313826,3.096156894467765e-5,0.385281933981472,4.0742366232795254e-5,58.704747204383345,-2.494933487138797e-5,-34.323088342152566]
568.0,[-0.029519322488355395,2.1695828547981712e-6,-3.1706868160697395e-5,3.150879667486265e-5,0.38609319290016203,1.4815405902834637e-5,58.70643008870098,8.316444957129323e-6,-34.278763325906745]
569.0,[-0.029519139144077847,1.5187079983587198e-5,1.5853434080348698e-5,3.1412791809917916e-5,0.39051870345243156,-1.4815405902834637e-5,58.70695931898807,-4.1582224785646615e-5,-34.26470905246295]
570.0,[-0.02951854327517582,1.5187079983587198e-5,1.5853434080348698e-5,3.1412791809917916e-5,0.39058644949992133,-1.4815405902834637e-5,58.70704657965639,-7.484800461416391e-5,-34.26236667355565]
571.0,[-0.029518703701418673,6.508748564394514e-6,7.926717040174348e-5,3.144159326940134e-5,0.3908252543173228,-3.703851475708659e-5,58.70707377778678,-0.00014969600922832782,-34.26191621607347]
572.0,[-0.02951874953748806,6.508748564394514e-6,3.1706868160697395e-5,3.1393590836928965e-5,0.3908184797125738,-1.4815405902834637e-5,58.70708284383024,3.326577982851729e-5,-34.261585880586544]
573.0,[-0.02951874953748806,-8.678331419192685e-6,0.0,3.147039472888476e-5,0.3908218670149483,-1.8519257378543296e-5,58.70707037802048,2.494933487138797e-5,-34.26155585008774]
574.0,[-0.02951868078338398,1.3017497128789027e-5,1.5853434080348698e-5,3.133598791796213e-5,0.39081339875901205,3.703851475708659e-6,58.70708284383024,-5.8215114699905265e-5,-34.26125554509962]
575.0,[-0.02940537401986018,-4.3391657095963424e-6,-0.00011097403856244088,3.973641360062661e-5,0.39002246365456894,-2.5926960329960616e-5,58.74124142908421,6.653155965703459e-5,-33.356376554910504]
576.0,[-0.029403701003327568,-1.735666283838537e-5,-0.00012682747264278958,3.982281797907687e-5,0.4845248126004301,2.9630811805669273e-5,58.752179610521125,1.6632889914258647e-5,-33.06625190589228]
577.0,[-0.029512149143496383,-2.1695828547981712e-6,9.512060448209219e-5,3.182561272918028e-5,0.48623709395073417,3.703851475708659e-6,58.71981043559546,1.6632889914258647e-5,-33.92407310444373]
578.0,[-0.029513776323959608,4.3391657095963424e-6,-3.1706868160697395e-5,3.19312180806195e-5,0.3963550254436756,1.1111554427125979e-5,58.70940941723368,5.8215114699905265e-5,-34.199693022535975]
579.0,[-0.029518314094828888,4.3391657095963424e-6,0.00012682747264278958,3.1537598134346075e-5,0.3955437665249856,1.4815405902834637e-5,58.70772539966061,8.316444957129323e-6,-34.24455858776041]
580.0,[-0.029594974920878057,1.735666283838537e-5,0.0,2.3194775370648436e-5,0.39196508156633825,-1.1111554427125979e-5,58.672940124152326,8.316444957129323e-6,-35.16622462678517]
581.0,[-0.029407161626566262,-1.735666283838537e-5,-7.926717040174348e-5,3.962120776269292e-5,0.2954134146839114,0.0,58.73027604951692,-3.326577982851729e-5,-33.64668138692159]
582.0,[-0.029261723778402422,-1.952624569318354e-5,-0.0004597495883301122,4.7368800363733186e-5,0.4828209995060623,-5.185392065992123e-5,58.784417327816584,0.0,-32.211974306200595]
583.0,[-0.029590414231974088,8.678331419192685e-6,0.00011097403856244088,2.3742003100833437e-5,0.5765544308129145,-1.8519257378543296e-5,58.69591914456221,7.484800461416391e-5,-34.55738629388015]
584.0,[-0.029590116297523075,1.5187079983587198e-5,0.00019024120896418437,2.390521137123949e-5,0.3031686434703033,1.1111554427125979e-5,58.6658459451433,-8.316444957129323e-6,-35.354455793335866]
585.0,[-0.029524387374022618,2.3865411402779884e-5,0.00011097403856244088,3.099997089065554e-5,0.3042322564158928,-1.1111554427125979e-5,58.69547377517714,0.0,-34.56882791392734]
586.0,[-0.02941169939743554,6.508748564394514e-6,-9.512060448209219e-5,3.930439170837529e-5,0.3848602148358481,1.8519257378543296e-5,58.73911090887064,4.1582224785646615e-5,-33.41265370968331]
587.0,[-0.02940406769188266,0.0,-0.00017438777488383567,3.9813217492582395e-5,0.4802517306550126,2.9630811805669273e-5,58.7515869179298,1.6632889914258647e-5,-33.081807704276656]
588.0,[-0.02939751313396037,-2.8204577112376225e-5,-0.00011097403856244088,4.0072430627933186e-5,0.4851091222600294,-1.1111554427125979e-5,58.753851162284434,0.00014969600922832782,-33.02219716413576]
589.0,[-0.029590895510702646,4.3391657095963424e-6,0.0002853618134462765,2.3626797262899752e-5,0.49146031421219577,2.5926960329960616e-5,58.68607908763964,-8.316444957129323e-6,-34.81847145054762]
590.0,[-0.029636181547256658,0.0,4.756030224104609e-5,6.979553681482373e-6,0.30408660241378976,3.703851475708659e-6,58.595565976225835,1.6632889914258647e-5,-37.21625662815449]
591.0,[-0.029527183374255205,1.5187079983587198e-5,0.00012682747264278958,3.0788760187777124e-5,0.10997723984371294,-3.703851475708659e-6,58.672955989728386,0.0,-35.16568407780657]
592.0,[-0.029424579332933187,-1.3017497128789027e-5,-4.756030224104609e-5,3.844034792387266e-5,0.3829802620180069,3.703851475708659e-6,58.73546182637718,3.326577982851729e-5,-33.509081641367146]
593.0,[-0.029594722822496432,1.0847914273990855e-5,0.0003963358520087174,2.323317731662633e-5,0.4724202875651946,1.1111554427125979e-5,58.68205489759794,-0.00010811378444268121,-34.924809446839255]
594.0,[-0.0295934623305883,1.0847914273990855e-5,0.00015853434080348696,2.3473189478988174e-5,0.2972645754315695,3.703851475708659e-6,58.663307452973946,-8.316444957129323e-6,-35.421483866683204]
595.0,[-0.02952473114454302,2.1695828547981712e-6,0.00012682747264278958,3.096156894467765e-5,0.29908016950429545,-7.407702951417318e-6,58.694775689830564,-8.316444957129323e-6,-34.58738676219287]
596.0,[-0.02952351648870427,1.5187079983587198e-5,0.00020609464304453305,3.107677478261134e-5,0.38535476098252347,7.407702951417318e-6,58.70481633296474,-1.6632889914258647e-5,-34.321166390228626]
597.0,[-0.029518909963730914,1.3017497128789027e-5,-4.756030224104609e-5,3.133598791796213e-5,0.38629304374025686,4.815006918421257e-5,58.70645048729877,-8.316444957129323e-6,-34.27789244144121]
598.0,[-0.029518932881765606,8.678331419192685e-6,0.0,3.150879667486265e-5,0.3905102351964953,-2.5926960329960616e-5,58.7069672517761,6.653155965703459e-5,-34.2645889304677]
599.0,[-0.029518726619453366,6.508748564394514e-6,-7.926717040174348e-5,3.145119375589581e-5,0.3906033860117938,-2.2223108854251958e-5,58.70704657965639,4.1582224785646615e-5,-34.2622465515604]
