0.0,[-0.012585984192026974,-0.00334275128984393,-0.03564415087735664,5.391544447495106e-5,-0.03849913506020019,0.0017770737423353261,68.2593738578068,80.08671157312469,-18.62874298615976]
1.0,[-0.022768110595000876,-0.006112212073502191,-0.06530097970781036,0.00010057563007829125,-0.03850060253247235,0.0018202256433633363,67.43194557251421,72.67269112281456,-18.62874298615976]
2.0,[-0.005099487846848818,0.02651685090544589,0.32081600998981386,-0.00019247821598145816,0.6368213322833753,0.0027538758656057375,64.50258141068701,61.45869182165849,-64.69146203491809]
3.0,[-0.042460058749011514,-0.00031868716960170107,-0.002238251232487073,3.786041201561129e-5,-5.8507561851681285,0.0023184339552321806,64.12944779203755,54.799101462969524,-54.53096230678996]
4.0,[-0.04616962116305321,-6.754782399166491e-5,-0.00035438977847711994,1.6379776579138943e-5,0.29745369462292576,0.0024439667582227555,63.963487612291345,45.376327495921174,-30.216764216283423]
5.0,[-0.05627750297448189,-0.0003273471470365299,-0.0024434242621317217,4.683443854567146e-5,0.3114665873498117,0.0024439667582227555,63.077177669895654,37.11512935173599,-29.237575556161694]
6.0,[-0.06114071606419559,-0.00034813109288011913,-0.0028164661342129005,4.9622485622971706e-5,0.2793054650330841,0.002514578959904954,62.11745782863122,28.233646921938394,-28.373257619259984]
7.0,[-0.06810691041515284,-0.00039835896200212637,-0.0034879415039590226,5.621241507840865e-5,0.27877864248737755,0.0025694995612133304,61.13782203152615,19.438312231764783,-28.319743673893708]
8.0,[-0.0749152292201507,-0.00042780288528054437,-0.0038982875632483194,6.076675334388491e-5,0.2793377494230717,0.002632265962708618,60.1473362318642,10.581584426909258,-28.37593489139426]
9.0,[-0.08170813489923537,-0.0004537828175850309,-0.004308633622537616,6.528940925621002e-5,0.27980587307789173,0.0026950323642039053,59.15669898879129,1.7208576398683229,-28.42403129785353]
10.0,[-0.02494369511657759,-0.00021996342684465236,-0.002238251232487073,2.4680553104737403e-5,0.2723848657975627,0.0,58.99212015652086,0.0,-27.669764994330148]
11.0,[-0.024946695675199627,-0.0002182314313576866,-0.002238251232487073,2.4633029575010693e-5,0.27246851171707603,0.0,58.99181038590753,0.0,-27.678269270521373]
12.0,[-0.025376160245153462,-7.620780142649374e-5,-0.0007833879313704756,1.5025355981927745e-5,0.2880912215265249,0.0,58.934002600264,0.0,-29.26529319708125]
13.0,[-0.02748504004044032,-2.59799323044865e-5,-0.00024247721685276627,1.0273003009256872e-5,0.4844463489033149,3.922900093455466e-6,58.887293780966594,-1.0280159859664048e-5,-30.547580560122153]
14.0,[-0.027317572965210504,-5.71558510698703e-5,-0.0005409107145177093,1.4859023627884266e-5,0.3339688071711614,0.0,58.89341002963221,-1.0280159859664048e-5,-30.379636854005035]
15.0,[-0.0268649502376866,-0.0001922514990532001,-0.0019211656412180711,2.4767679575903036e-5,0.4626309061053375,0.0,58.975317968993586,0.0,-28.131043234406146]
16.0,[-0.024961313781306976,-0.0002130354448967893,-0.0021822949516748964,2.4332047220074873e-5,0.2729513100946177,0.0,58.99003322042581,0.0,-27.727027120684408]
17.0,[-0.0251720709672547,-0.00013682764347029556,-0.0013802549267003619,1.992820013206653e-5,0.280122847088679,0.0,58.96346981668261,0.0,-28.456284552741742]
18.0,[-0.025172481300057715,-0.00013855963895726133,-0.0013989070203044207,1.9896517778915393e-5,0.2801580664232109,0.0,58.9633344354516,0.0,-28.460032733729726]
19.0,[-0.025181688142325326,-0.00013336365249636405,-0.001342950739492244,1.9690582483432987e-5,0.2804970525180806,0.0,58.962090763803964,0.0,-28.494175827771542]
20.0,[-0.025181816371326268,-0.00013509564798332981,-0.001342950739492244,1.9690582483432987e-5,0.2805014549348971,0.0,58.96207355432545,1.0280159859664048e-5,-28.494648287559944]
21.0,[-0.02518222670412928,-0.00013336365249636405,-0.0013616028330963028,1.9682661895145202e-5,0.28051612965761874,0.0,58.962015042098486,0.0,-28.49622315352128]
22.0,[-0.02518225234992947,-0.00013336365249636405,-0.0013616028330963028,1.9674741306857416e-5,0.28051612965761874,3.922900093455466e-6,58.962015042098486,0.0,-28.496286148159736]
23.0,[-0.02518222670412928,-0.00013336365249636405,-0.001342950739492244,1.9674741306857416e-5,0.2805175971298909,0.0,58.96201274750135,0.0,-28.496380640117415]
24.0,[-0.025182277995729658,-0.00013336365249636405,-0.0013616028330963028,1.9674741306857416e-5,0.2805175971298909,0.0,58.96201160020278,0.0,-28.49634914279819]
25.0,[-0.02518225234992947,-0.00013336365249636405,-0.001342950739492244,1.9674741306857416e-5,0.2805175971298909,0.0,58.96201160020278,0.0,-28.49634914279819]
26.0,[-0.02518225234992947,-0.00013336365249636405,-0.001342950739492244,1.9682661895145202e-5,0.2805175971298909,0.0,58.96201045290421,0.0,-28.496380640117415]
27.0,[-0.025182277995729658,-0.00013163165700939828,-0.0013616028330963028,1.9674741306857416e-5,0.28051612965761874,0.0,58.96201045290421,0.0,-28.496317645478964]
28.0,[-0.02518225234992947,-0.00013336365249636405,-0.0013616028330963028,1.9682661895145202e-5,0.2805175971298909,0.0,58.96201160020278,0.0,-28.49634914279819]
29.0,[-0.02518225234992947,-0.00013509564798332981,-0.0013616028330963028,1.9674741306857416e-5,0.2805175971298909,-3.922900093455466e-6,58.96201160020278,1.0280159859664048e-5,-28.49634914279819]
30.0,[-0.02518225234992947,-0.00013336365249636405,-0.001342950739492244,1.9674741306857416e-5,0.2805175971298909,0.0,58.96201160020278,0.0,-28.49634914279819]
31.0,[-0.02518222670412928,-0.00013509564798332981,-0.0013616028330963028,1.9682661895145202e-5,0.2805175971298909,0.0,58.96201274750135,0.0,-28.496380640117415]
32.0,[-0.02518225234992947,-0.00013336365249636405,-0.001342950739492244,1.9690582483432987e-5,0.2805175971298909,0.0,58.96201160020278,0.0,-28.496380640117415]
33.0,[-0.025182277995729658,-0.00013336365249636405,-0.001342950739492244,1.9682661895145202e-5,0.28051612965761874,0.0,58.96201045290421,0.0,-28.496380640117415]
34.0,[-0.02518225234992947,-0.00013336365249636405,-0.0013616028330963028,1.9682661895145202e-5,0.2805175971298909,-3.922900093455466e-6,58.96201160020278,0.0,-28.496380640117415]
35.0,[-0.02518225234992947,-0.00013336365249636405,-0.0013616028330963028,1.9674741306857416e-5,0.2805175971298909,0.0,58.96201160020278,0.0,-28.496380640117415]
36.0,[-0.02518225234992947,-0.00013336365249636405,-0.0013616028330963028,1.9682661895145202e-5,0.280519064602163,0.0,58.96201045290421,0.0,-28.496380640117415]
37.0,[-0.0253861877530271,-7.447580593952797e-5,-0.0007460837441623577,1.4740214803567494e-5,0.28854613793089545,0.0,58.93232180786199,0.0,-29.31143676974846]
38.0,[-0.02730669914593065,-6.0619842043801836e-5,-0.0005595628081217683,1.5167926571107872e-5,0.4749840876924069,3.922900093455466e-6,58.91667953918689,0.0,-29.740871220086202]
39.0,[-0.027099788830011174,-0.0001143117021397406,-0.0011191256162435366,2.000740601494438e-5,0.4725069944969955,3.922900093455466e-6,58.946711226500916,-1.0280159859664048e-5,-28.91642888932558]
40.0,[-0.025193536502012337,-0.0001298996615224325,-0.001324298645888185,1.941336189336052e-5,0.28094463156109034,0.0,58.96043177007475,0.0,-28.539657956734995]
41.0,[-0.02495000398342392,-0.00021649943587072085,-0.002219599138883014,2.4553823692132846e-5,0.2725976492770264,0.0,58.99133081510613,0.0,-27.691403652638936]
42.0,[-0.024948413943812246,-0.00021649943587072085,-0.002219599138883014,2.460926781014734e-5,0.27252280819114605,0.0,58.99160960865814,0.0,-27.683812798705286]
43.0,[-0.02517086561464585,-0.00013682764347029556,-0.0013802549267003619,1.995988248521767e-5,0.2800758879759698,0.0,58.963639616870665,0.0,-28.451654446815407]
44.0,[-0.02517191709245357,-0.00013855963895726133,-0.0013802549267003619,1.9904438367203175e-5,0.2801389892836728,0.0,58.963409009858516,0.0,-28.457953910660763]
45.0,[-0.02494849088121281,-0.00021649943587072085,-0.002238251232487073,2.4577585456996202e-5,0.2725477552197728,0.0,58.99151897207127,0.0,-27.6863010869242]
46.0,[-0.024947182945403205,-0.0002182314313576866,-0.002256903326091132,2.462510898672291e-5,0.2724875888566141,0.0,58.991749579083425,0.0,-27.67997012575962]
47.0,[-0.025170788677245284,-0.00013682764347029556,-0.0013989070203044207,1.9951961896929884e-5,0.28007442050369763,3.922900093455466e-6,58.96364879525921,-1.0280159859664048e-5,-28.45143396558082]
48.0,[-0.025171840155053006,-0.00013682764347029556,-0.0014175591139084797,1.9920279543778746e-5,0.28013605433912847,3.922900093455466e-6,58.96341589364992,1.0280159859664048e-5,-28.457796424064625]
49.0,[-0.02518161120492476,-0.00013336365249636405,-0.0013802549267003619,1.9698503071720773e-5,0.2804926501012641,-3.922900093455466e-6,58.96209994219251,0.0,-28.493892351898502]
50.0,[-0.02518176507972589,-0.00013509564798332981,-0.0013802549267003619,1.9682661895145202e-5,0.28049851999035275,0.0,58.96207699622115,0.0,-28.494522298283037]
51.0,[-0.02518222670412928,-0.00013336365249636405,-0.0013616028330963028,1.9682661895145202e-5,0.28051612965761874,0.0,58.962015042098486,0.0,-28.49625465084051]
52.0,[-0.02518225234992947,-0.00013336365249636405,-0.0013616028330963028,1.9674741306857416e-5,0.28051612965761874,3.922900093455466e-6,58.96201389479992,1.0280159859664048e-5,-28.49625465084051]
53.0,[-0.02494920896361808,-0.0002182314313576866,-0.0022009470452789555,2.456174428042063e-5,0.2725727022483996,3.922900093455466e-6,58.99143063008154,0.0,-27.688663385866207]
54.0,[-0.024947772798807537,-0.0002182314313576866,-0.002219599138883014,2.460926781014734e-5,0.27250226357933577,0.0,58.991683035766485,0.0,-27.68173397563632]
55.0,[-0.02537633976575478,-7.620780142649374e-5,-0.0007833879313704756,1.501743539363996e-5,0.28810002636015786,0.0,58.93396818130696,0.0,-29.266206619338824]
56.0,[-0.027297081970860025,-6.23518375307676e-5,-0.0005968669953298862,1.5421385396316985e-5,0.48300675860432285,0.0,58.9194227300628,1.0280159859664048e-5,-29.665561129815003]
57.0,[-0.027099045101805712,-0.00011777569311367213,-0.0011191256162435366,2.0023247191519947e-5,0.4794422684552386,0.0,58.9478745872488,0.0,-28.884396115671958]
58.0,[-0.02519299794020838,-0.0001298996615224325,-0.001286994458680067,1.9429203069936087e-5,0.2809226194770079,0.0,58.9605120809745,0.0,-28.537484641708346]
59.0,[-0.025182919140734367,-0.00013336365249636405,-0.0013802549267003619,1.966682071856963e-5,0.28054254415851765,-3.922900093455466e-6,58.96191637442164,0.0,-28.49896342029401]
60.0,[-0.025182790911733425,-0.00013163165700939828,-0.001342950739492244,1.9674741306857416e-5,0.280536674269429,0.0,58.961939320393,0.0,-28.498333473909476]
61.0,[-0.025182303641529846,-0.00013336365249636405,-0.0013616028330963028,1.9682661895145202e-5,0.2805205320744352,0.0,58.96200471641137,-1.0280159859664048e-5,-28.496506629394325]
62.0,[-0.025182303641529846,-0.00013509564798332981,-0.0013616028330963028,1.9682661895145202e-5,0.2805175971298909,0.0,58.96200815830708,1.0280159859664048e-5,-28.49644363475587]
63.0,[-0.025182277995729658,-0.00013336365249636405,-0.0013616028330963028,1.9674741306857416e-5,0.2805175971298909,0.0,58.96201160020278,0.0,-28.49634914279819]
64.0,[-0.02518225234992947,-0.00013509564798332981,-0.0013616028330963028,1.9682661895145202e-5,0.280519064602163,0.0,58.96201045290421,0.0,-28.496380640117415]
65.0,[-0.02518225234992947,-0.00013336365249636405,-0.001342950739492244,1.9682661895145202e-5,0.28051612965761874,3.922900093455466e-6,58.96201160020278,-1.0280159859664048e-5,-28.49634914279819]
66.0,[-0.02518222670412928,-0.0001298996615224325,-0.0013802549267003619,1.9674741306857416e-5,0.28051466218534654,0.0,58.96201160020278,0.0,-28.496317645478964]
67.0,[-0.02538616210722691,-7.447580593952797e-5,-0.0007460837441623577,1.4740214803567494e-5,0.28854613793089545,0.0,58.93232180786199,0.0,-29.31146826706769]
68.0,[-0.02730669914593065,-6.0619842043801836e-5,-0.0005409107145177093,1.5175847159395656e-5,0.4749840876924069,-3.922900093455466e-6,58.91667839188832,2.0560319719328096e-5,-29.74090271740543]
69.0,[-0.027099788830011174,-0.00011604369762670638,-0.0011004735226394777,1.9999485426656594e-5,0.47250552702472337,7.845800186910932e-6,58.94671007920235,-1.0280159859664048e-5,-28.916365894687125]
70.0,[-0.025193562147812525,-0.0001298996615224325,-0.0013056465522841261,1.9421282481648305e-5,0.28094463156109034,0.0,58.96043291737331,0.0,-28.539657956734995]
71.0,[-0.025182919140734367,-0.00013336365249636405,-0.001342950739492244,1.966682071856963e-5,0.28054254415851765,0.0,58.96191293252594,1.0280159859664048e-5,-28.499089409570917]
72.0,[-0.025182790911733425,-0.00013336365249636405,-0.0013616028330963028,1.965890013028185e-5,0.28053814174170116,0.0,58.96193702579586,0.0,-28.498364971228703]
73.0,[-0.025182277995729658,-0.00013336365249636405,-0.0013802549267003619,1.9682661895145202e-5,0.2805205320744352,-3.922900093455466e-6,58.96200471641137,0.0,-28.496506629394325]
74.0,[-0.025182277995729658,-0.00013163165700939828,-0.0013802549267003619,1.9682661895145202e-5,0.2805175971298909,3.922900093455466e-6,58.96200701100851,0.0,-28.49644363475587]
75.0,[-0.025182277995729658,-0.00013509564798332981,-0.0013616028330963028,1.9682661895145202e-5,0.2805175971298909,0.0,58.96201045290421,0.0,-28.496380640117415]
76.0,[-0.02518222670412928,-0.00013336365249636405,-0.0013616028330963028,1.9674741306857416e-5,0.2805175971298909,0.0,58.96201045290421,0.0,-28.496380640117415]
77.0,[-0.024949183317817893,-0.0002182314313576866,-0.002238251232487073,2.456174428042063e-5,0.2725741697206718,0.0,58.99142948278297,1.0280159859664048e-5,-27.688694883185434]
78.0,[-0.024947772798807537,-0.0002182314313576866,-0.002219599138883014,2.4617188398435126e-5,0.2725037310516079,0.0,58.991681888467916,0.0,-27.681765472955544]
79.0,[-0.025170788677245284,-0.00013855963895726133,-0.0013802549267003619,1.9951961896929884e-5,0.2800773554482419,0.0,58.96364420606494,0.0,-28.4515284575385]
80.0,[-0.024937463187131827,-0.00021996342684465236,-0.002256903326091132,2.4799361929054175e-5,0.27219702934672585,0.0,58.99281886134873,0.0,-27.650614624240273]
81.0,[-0.024947054716402264,-0.0002182314313576866,-0.002256903326091132,2.462510898672291e-5,0.27248025149525334,0.0,58.991771377756216,0.0,-27.67937167669431]
82.0,[-0.025170327052841897,-0.00013682764347029556,-0.0014175591139084797,1.9967803073505455e-5,0.280059745780976,0.0,58.96370960208331,0.0,-28.449733110342574]
83.0,[-0.025171891446653383,-0.00013682764347029556,-0.0013802549267003619,1.9920279543778746e-5,0.2801389892836728,0.0,58.96341704094849,0.0,-28.4577649267454]
84.0,[-0.02518161120492476,-0.00013336365249636405,-0.001342950739492244,1.9690582483432987e-5,0.28049411757353626,0.0,58.96210223678965,0.0,-28.493829357260047]
85.0,[-0.025181739433925703,-0.00013163165700939828,-0.0013802549267003619,1.9698503071720773e-5,0.28049851999035275,3.922900093455466e-6,58.96207814351972,1.0280159859664048e-5,-28.494522298283037]
86.0,[-0.025182201058329093,-0.00013336365249636405,-0.0013616028330963028,1.9674741306857416e-5,0.28051612965761874,0.0,58.962016189397055,-1.0280159859664048e-5,-28.49622315352128]
87.0,[-0.02518222670412928,-0.00013336365249636405,-0.0013616028330963028,1.9674741306857416e-5,0.2805175971298909,0.0,58.96201389479992,0.0,-28.49622315352128]
88.0,[-0.02518222670412928,-0.00013163165700939828,-0.001342950739492244,1.9674741306857416e-5,0.2805175971298909,0.0,58.96201045290421,1.0280159859664048e-5,-28.49634914279819]
89.0,[-0.025386136461426723,-7.620780142649374e-5,-0.0007647358377664167,1.4732294215279708e-5,0.2885446704586233,-3.922900093455466e-6,58.93231951326485,0.0,-29.311405272429237]
90.0,[-0.02730669914593065,-6.0619842043801836e-5,-0.0005782149017258272,1.5175847159395656e-5,0.4749855551646791,0.0,58.91668183378402,2.0560319719328096e-5,-29.74090271740543]
91.0,[-0.027099814475811362,-0.00011257970665277484,-0.0011377777098475956,1.9999485426656594e-5,0.4725084619692677,0.0,58.94671007920235,-1.0280159859664048e-5,-28.91642888932558]
92.0,[-0.02519351085621215,-0.00013163165700939828,-0.001324298645888185,1.9421282481648305e-5,0.28094463156109034,0.0,58.96043177007475,0.0,-28.539657956734995]
93.0,[-0.025386777606431432,-7.447580593952797e-5,-0.0007460837441623577,1.4724373626991923e-5,0.2885725524317944,-3.922900093455466e-6,58.93222199288658,1.0280159859664048e-5,-29.31417703652119]
94.0,[-0.027307212061934417,-5.8887846556836066e-5,-0.0005782149017258272,1.5160005982820087e-5,0.47449688689804875,0.0,58.91652350658165,-1.0280159859664048e-5,-29.74518635282027]
95.0,[-0.02709986576741174,-0.00011604369762670638,-0.0011564298034516544,1.9991564838368808e-5,0.4721386589566826,0.0,58.946645830482545,0.0,-28.918161241883052]
96.0,[-0.025193562147812525,-0.00012816766603546674,-0.001324298645888185,1.9421282481648305e-5,0.28094463156109034,-3.922900093455466e-6,58.96042718088047,0.0,-28.5397839460119]
97.0,[-0.025182970432334743,-0.00013336365249636405,-0.0013616028330963028,1.966682071856963e-5,0.2805440116307898,0.0,58.9619106379288,-1.0280159859664048e-5,-28.499120906890145]
98.0,[-0.025182816557533613,-0.00013336365249636405,-0.001342950739492244,1.966682071856963e-5,0.28053814174170116,0.0,58.96193587849729,1.0280159859664048e-5,-28.498459463186382]
99.0,[-0.025182303641529846,-0.00013163165700939828,-0.001324298645888185,1.9674741306857416e-5,0.2805175971298909,0.0,58.96200701100851,0.0,-28.496506629394325]
100.0,[-0.0253861877530271,-7.27438104525622e-5,-0.0007274316505582988,1.4740214803567494e-5,0.2885490728754398,0.0,58.93231721866772,-1.0280159859664048e-5,-29.311531261706143]
101.0,[-0.02730669914593065,-5.8887846556836066e-5,-0.0005968669953298862,1.5183767747683441e-5,0.4749679454974131,0.0,58.91667494999261,1.0280159859664048e-5,-29.740934214724657]
102.0,[-0.02709984012161155,-0.0001143117021397406,-0.0011191256162435366,1.9991564838368808e-5,0.47250259208017903,0.0,58.946712373799485,-1.0280159859664048e-5,-28.916365894687125]
103.0,[-0.02496203186371225,-0.0002130354448967893,-0.0021822949516748964,2.430828545521152e-5,0.27299680173505475,-3.922900093455466e-6,58.989866862133454,2.0560319719328096e-5,-27.731657226610743]
104.0,[-0.02494859346441356,-0.0002182314313576866,-0.002238251232487073,2.459342663357177e-5,0.2725301455525069,0.0,58.99158436808964,0.0,-27.68444274508982]
105.0,[-0.025171352884849427,-0.00013682764347029556,-0.0014175591139084797,1.99440413086421e-5,0.2800949651155079,0.0,58.963570778956594,0.0,-28.45357578328824]
106.0,[-0.02517194273825376,-0.00013855963895726133,-0.0014175591139084797,1.991235895549096e-5,0.28014045675594496,0.0,58.96340671526138,0.0,-28.458016905299214]
107.0,[-0.02518163685072495,-0.00013336365249636405,-0.001342950739492244,1.9698503071720773e-5,0.28049411757353626,-3.922900093455466e-6,58.96209650029681,-1.0280159859664048e-5,-28.49401834117541]
108.0,[-0.02518179072552608,-0.00013682764347029556,-0.0013616028330963028,1.9690582483432987e-5,0.28049998746262494,0.0,58.96207584892258,-1.0280159859664048e-5,-28.494585292921492]
109.0,[-0.025182201058329093,-0.00013336365249636405,-0.0013802549267003619,1.966682071856963e-5,0.2805175971298909,0.0,58.962016189397055,0.0,-28.496191656202054]
110.0,[-0.02518225234992947,-0.00013163165700939828,-0.0013616028330963028,1.9682661895145202e-5,0.280519064602163,0.0,58.96201274750135,0.0,-28.49622315352128]
111.0,[-0.025182277995729658,-0.00013336365249636405,-0.0013989070203044207,1.9690582483432987e-5,0.28051612965761874,-3.922900093455466e-6,58.96201160020278,0.0,-28.49634914279819]
112.0,[-0.02518225234992947,-0.00013336365249636405,-0.0013989070203044207,1.9682661895145202e-5,0.28051612965761874,0.0,58.96201045290421,0.0,-28.49634914279819]
113.0,[-0.02518225234992947,-0.00013336365249636405,-0.0013616028330963028,1.9682661895145202e-5,0.2805175971298909,-3.922900093455466e-6,58.96201274750135,1.0280159859664048e-5,-28.496380640117415]
114.0,[-0.02494920896361808,-0.00021649943587072085,-0.002219599138883014,2.4569664868708416e-5,0.2725727022483996,3.922900093455466e-6,58.99143063008154,-1.0280159859664048e-5,-27.688694883185434]
115.0,[-0.024947772798807537,-0.00021649943587072085,-0.002219599138883014,2.4617188398435126e-5,0.2725037310516079,0.0,58.991683035766485,0.0,-27.68173397563632]
116.0,[-0.025170788677245284,-0.00013682764347029556,-0.0013989070203044207,1.9967803073505455e-5,0.2800758879759698,0.0,58.96364420606494,0.0,-28.45155995485773]
117.0,[-0.025171865800853194,-0.00013682764347029556,-0.0013989070203044207,1.991235895549096e-5,0.28014045675594496,0.0,58.963412451754216,-1.0280159859664048e-5,-28.45785941870308]
118.0,[-0.025181662496525137,-0.00013509564798332981,-0.0013616028330963028,1.9690582483432987e-5,0.28049411757353626,0.0,58.96209879489394,0.0,-28.49392384921773]
119.0,[-0.02518176507972589,-0.00013163165700939828,-0.0013802549267003619,1.9690582483432987e-5,0.28049998746262494,0.0,58.96207699622115,-1.0280159859664048e-5,-28.494553795602265]
120.0,[-0.02518222670412928,-0.00013163165700939828,-0.0013616028330963028,1.9682661895145202e-5,0.28051612965761874,3.922900093455466e-6,58.962015042098486,0.0,-28.496286148159736]
121.0,[-0.025182303641529846,-0.00013163165700939828,-0.0013616028330963028,1.966682071856963e-5,0.2805205320744352,-3.922900093455466e-6,58.96201274750135,0.0,-28.496286148159736]
122.0,[-0.025182277995729658,-0.00013336365249636405,-0.0013616028330963028,1.966682071856963e-5,0.280519064602163,0.0,58.96201160020278,-1.0280159859664048e-5,-28.49634914279819]
123.0,[-0.02538616210722691,-7.447580593952797e-5,-0.0007647358377664167,1.4740214803567494e-5,0.28854613793089545,3.922900093455466e-6,58.93231951326485,0.0,-29.31143676974846]
124.0,[-0.027306724791730838,-6.23518375307676e-5,-0.0005595628081217683,1.5175847159395656e-5,0.4749840876924069,-7.845800186910932e-6,58.91667953918689,0.0,-29.740871220086202]
125.0,[-0.027099788830011174,-0.00011257970665277484,-0.0011191256162435366,1.9999485426656594e-5,0.4725084619692677,3.922900093455466e-6,58.94671007920235,0.0,-28.91642888932558]
126.0,[-0.025193536502012337,-0.0001298996615224325,-0.0013056465522841261,1.941336189336052e-5,0.28094463156109034,-3.922900093455466e-6,58.96043291737331,1.0280159859664048e-5,-28.53968945405422]
127.0,[-0.025182944786534555,-0.00013336365249636405,-0.001324298645888185,1.966682071856963e-5,0.2805440116307898,-3.922900093455466e-6,58.961909490630234,0.0,-28.499089409570917]
128.0,[-0.025182765265933237,-0.00013509564798332981,-0.0013616028330963028,1.9674741306857416e-5,0.280536674269429,3.922900093455466e-6,58.96193702579586,1.0280159859664048e-5,-28.49839646854793]
129.0,[-0.025182303641529846,-0.00013509564798332981,-0.0013802549267003619,1.966682071856963e-5,0.28051612965761874,-3.922900093455466e-6,58.96200471641137,-2.0560319719328096e-5,-28.49653812671355]
130.0,[-0.025182277995729658,-0.00013509564798332981,-0.001342950739492244,1.966682071856963e-5,0.280519064602163,0.0,58.96200815830708,2.0560319719328096e-5,-28.49644363475587]
131.0,[-0.025182277995729658,-0.00013682764347029556,-0.0013616028330963028,1.9682661895145202e-5,0.28051612965761874,1.17687002803664e-5,58.96201274750135,1.0280159859664048e-5,-28.496380640117415]
132.0,[-0.025182175412528904,-0.00013163165700939828,-0.0013616028330963028,1.9682661895145202e-5,0.28051612965761874,0.0,58.96201045290421,0.0,-28.496317645478964]
133.0,[-0.02518225234992947,-0.00013509564798332981,-0.0013989070203044207,1.9674741306857416e-5,0.280519064602163,0.0,58.96200930560564,2.0560319719328096e-5,-28.496380640117415]
134.0,[-0.025182303641529846,-0.00013163165700939828,-0.001324298645888185,1.9706423660008555e-5,0.2805175971298909,7.845800186910932e-6,58.96201045290421,-2.0560319719328096e-5,-28.496286148159736]
135.0,[-0.02538621339882729,-7.447580593952797e-5,-0.0007647358377664167,1.4740214803567494e-5,0.2885446704586233,-3.922900093455466e-6,58.93232066056342,0.0,-29.311499764386916]
136.0,[-0.027087709658122468,-0.00012123968408760367,-0.0011377777098475956,2.027670601672906e-5,0.47371325670471365,7.845800186910932e-6,58.94859853264516,0.0,-28.864615799197548]
137.0,[-0.02496187798891112,-0.0002130354448967893,-0.0021822949516748964,2.4300364866923734e-5,0.2729909318459661,3.922900093455466e-6,58.98989783919479,-1.0280159859664048e-5,-27.730838296310846]
138.0,[-0.02518114958052137,-0.00012816766603546674,-0.0013616028330963028,1.973018542487191e-5,0.2804530283499157,-3.922900093455466e-6,58.962241059916366,0.0,-28.49001818163361]
139.0,[-0.025172583883258468,-0.00013163165700939828,-0.0013802549267003619,1.9880676602339822e-5,0.2801639363122996,3.922900093455466e-6,58.96331837327165,1.0280159859664048e-5,-28.460473696198903]
140.0,[-0.02518209847512834,-0.00013336365249636405,-0.001342950739492244,1.9682661895145202e-5,0.28051025976853006,-3.922900093455466e-6,58.962032251577,-1.0280159859664048e-5,-28.49575069373288]
141.0,[-0.02518179072552608,-0.00013509564798332981,-0.0013802549267003619,1.9698503071720773e-5,0.28050292240716923,0.0,58.96207240702688,-1.0280159859664048e-5,-28.494648287559944]
142.0,[-0.025182303641529846,-0.00013163165700939828,-0.001324298645888185,1.966682071856963e-5,0.28051466218534654,0.0,58.96201389479992,1.0280159859664048e-5,-28.496380640117415]
143.0,[-0.024949183317817893,-0.0002182314313576866,-0.002256903326091132,2.4553823692132846e-5,0.2725741697206718,3.922900093455466e-6,58.991434071977245,2.0560319719328096e-5,-27.688600391227755]
144.0,[-0.024947772798807537,-0.00022169542233161813,-0.002219599138883014,2.4601347221859555e-5,0.27250226357933577,0.0,58.991683035766485,0.0,-27.681765472955544]
145.0,[-0.025170763031445095,-0.00013682764347029556,-0.0013989070203044207,1.99440413086421e-5,0.2800788229205141,0.0,58.9636453533635,3.084047957899214e-5,-28.4515284575385]
146.0,[-0.025171891446653383,-0.00013509564798332981,-0.0013616028330963028,1.9920279543778746e-5,0.2801389892836728,-3.922900093455466e-6,58.963413599052785,1.0280159859664048e-5,-28.458016905299214]
147.0,[-0.025181662496525137,-0.00013336365249636405,-0.0013802549267003619,1.9682661895145202e-5,0.2804926501012641,-7.845800186910932e-6,58.96209994219251,1.0280159859664048e-5,-28.49392384921773]
148.0,[-0.025181739433925703,-0.00013682764347029556,-0.0013989070203044207,1.9698503071720773e-5,0.28049851999035275,0.0,58.96207355432545,0.0,-28.494553795602265]
149.0,[-0.025182175412528904,-0.00013855963895726133,-0.001342950739492244,1.9674741306857416e-5,0.28051172724080226,7.845800186910932e-6,58.962016189397055,0.0,-28.49622315352128]
150.0,[-0.02518222670412928,-0.00013163165700939828,-0.001342950739492244,1.9698503071720773e-5,0.28051466218534654,0.0,58.962015042098486,-2.0560319719328096e-5,-28.496412137436643]
151.0,[-0.025182201058329093,-0.00013509564798332981,-0.0013616028330963028,1.9682661895145202e-5,0.280519064602163,0.0,58.96201160020278,-1.0280159859664048e-5,-28.49634914279819]
152.0,[-0.025182277995729658,-0.0001298996615224325,-0.001342950739492244,1.9690582483432987e-5,0.2805175971298909,0.0,58.96201274750135,-3.084047957899214e-5,-28.49634914279819]
153.0,[-0.02518225234992947,-0.00013336365249636405,-0.001324298645888185,1.9674741306857416e-5,0.28051466218534654,3.922900093455466e-6,58.96201045290421,0.0,-28.49634914279819]
154.0,[-0.025182277995729658,-0.00013509564798332981,-0.0013989070203044207,1.9690582483432987e-5,0.2805175971298909,7.845800186910932e-6,58.96201160020278,-2.0560319719328096e-5,-28.496412137436643]
155.0,[-0.025182201058329093,-0.00013163165700939828,-0.0013802549267003619,1.9682661895145202e-5,0.28051612965761874,3.922900093455466e-6,58.96200815830708,-1.0280159859664048e-5,-28.496380640117415]
156.0,[-0.025386136461426723,-7.620780142649374e-5,-0.0007460837441623577,1.4748135391855278e-5,0.2885446704586233,-3.922900093455466e-6,58.93232066056342,0.0,-29.311405272429237]
157.0,[-0.027306596562729896,-6.581582850469914e-5,-0.0005968669953298862,1.5167926571107872e-5,0.47498262022013477,-3.922900093455466e-6,58.91667839188832,-3.084047957899214e-5,-29.740871220086202]
158.0,[-0.02709984012161155,-0.0001143117021397406,-0.0011191256162435366,2.000740601494438e-5,0.4725128643860842,3.922900093455466e-6,58.94670893190378,0.0,-28.91642888932558]
159.0,[-0.025193536502012337,-0.00013163165700939828,-0.0013056465522841261,1.9405441305072734e-5,0.28094609903336254,3.922900093455466e-6,58.96043291737331,-2.0560319719328096e-5,-28.539657956734995]
160.0,[-0.025182944786534555,-0.00013509564798332981,-0.0013616028330963028,1.966682071856963e-5,0.28054254415851765,0.0,58.9619106379288,0.0,-28.49905791225169]
161.0,[-0.0251828422033338,-0.00013682764347029556,-0.0013989070203044207,1.965890013028185e-5,0.280536674269429,-3.922900093455466e-6,58.96193817309443,0.0,-28.49849096050561]
162.0,[-0.02494923460941827,-0.0002182314313576866,-0.002238251232487073,2.456174428042063e-5,0.2725741697206718,-3.922900093455466e-6,58.99142833548441,0.0,-27.688789375143113]
163.0,[-0.024947824090407914,-0.00021649943587072085,-0.002238251232487073,2.462510898672291e-5,0.27250226357933577,3.922900093455466e-6,58.99168074116935,-1.0280159859664048e-5,-27.681922959551677]
164.0,[-0.025170814323045472,-0.00013509564798332981,-0.0014362112075125386,1.9951961896929884e-5,0.2800758879759698,7.845800186910932e-6,58.96364305876637,-2.0560319719328096e-5,-28.4515284575385]
165.0,[-0.02517194273825376,-0.0001402916344442271,-0.0014175591139084797,1.992820013206653e-5,0.2801375218114006,3.922900093455466e-6,58.963412451754216,-3.084047957899214e-5,-28.457890916022308]
166.0,[-0.02518161120492476,-0.00013509564798332981,-0.001342950739492244,1.9698503071720773e-5,0.28049558504580846,0.0,58.96210108949108,0.0,-28.493892351898502]
167.0,[-0.02518179072552608,-0.00013682764347029556,-0.001342950739492244,1.9698503071720773e-5,0.2805014549348971,7.845800186910932e-6,58.96207814351972,-1.0280159859664048e-5,-28.494553795602265]
168.0,[-0.025182175412528904,-0.00013336365249636405,-0.001342950739492244,1.9674741306857416e-5,0.2805131947130744,7.845800186910932e-6,58.96201733669562,-1.0280159859664048e-5,-28.49616015888283]
169.0,[-0.02518225234992947,-0.00013682764347029556,-0.001324298645888185,1.966682071856963e-5,0.28051612965761874,0.0,58.962015042098486,-1.0280159859664048e-5,-28.49625465084051]
170.0,[-0.02518222670412928,-0.00013682764347029556,-0.0013802549267003619,1.9674741306857416e-5,0.2805175971298909,-3.922900093455466e-6,58.96201160020278,1.0280159859664048e-5,-28.496380640117415]
171.0,[-0.025182277995729658,-0.00013336365249636405,-0.0014175591139084797,1.966682071856963e-5,0.28051025976853006,-7.845800186910932e-6,58.96200930560564,1.0280159859664048e-5,-28.496317645478964]
172.0,[-0.025182277995729658,-0.00013336365249636405,-0.0013616028330963028,1.9698503071720773e-5,0.28051612965761874,-3.922900093455466e-6,58.96200930560564,0.0,-28.496380640117415]
173.0,[-0.02518225234992947,-0.00013336365249636405,-0.0013802549267003619,1.9682661895145202e-5,0.2805175971298909,3.922900093455466e-6,58.96201274750135,2.0560319719328096e-5,-28.49634914279819]
174.0,[-0.025182277995729658,-0.00013336365249636405,-0.0013989070203044207,1.9674741306857416e-5,0.2805175971298909,3.922900093455466e-6,58.96201274750135,0.0,-28.49634914279819]
175.0,[-0.025182303641529846,-0.00013163165700939828,-0.0013056465522841261,1.9674741306857416e-5,0.28051612965761874,0.0,58.96201045290421,-2.0560319719328096e-5,-28.496412137436643]
176.0,[-0.02518225234992947,-0.00013509564798332981,-0.001342950739492244,1.9690582483432987e-5,0.28051466218534654,-3.922900093455466e-6,58.96201045290421,1.0280159859664048e-5,-28.496317645478964]
177.0,[-0.025182277995729658,-0.00013855963895726133,-0.001324298645888185,1.9682661895145202e-5,0.2805131947130744,7.845800186910932e-6,58.96201274750135,1.0280159859664048e-5,-28.496380640117415]
178.0,[-0.025386264690427665,-7.447580593952797e-5,-0.0008020400249745346,1.4756055980143063e-5,0.2885432029863511,-7.845800186910932e-6,58.93232066056342,0.0,-29.311531261706143]
179.0,[-0.02730669914593065,-5.71558510698703e-5,-0.0005782149017258272,1.5183767747683441e-5,0.47498262022013477,3.922900093455466e-6,58.91667494999261,0.0,-29.740934214724657]
180.0,[-0.027099763184210986,-0.00012297167957456943,-0.0011564298034516544,1.9999485426656594e-5,0.47250552702472337,-3.922900093455466e-6,58.94671007920235,-2.0560319719328096e-5,-28.91642888932558]
181.0,[-0.025193562147812525,-0.00013336365249636405,-0.001324298645888185,1.9405441305072734e-5,0.2809475665056347,-3.922900093455466e-6,58.96043177007475,2.0560319719328096e-5,-28.539626459415768]
182.0,[-0.02518299607813493,-0.00013163165700939828,-0.0013989070203044207,1.9674741306857416e-5,0.280545479103062,-7.845800186910932e-6,58.961909490630234,1.0280159859664048e-5,-28.499089409570917]
183.0,[-0.025182765265933237,-0.00013163165700939828,-0.001342950739492244,1.965890013028185e-5,0.280536674269429,7.845800186910932e-6,58.96193473119873,0.0,-28.49839646854793]
184.0,[-0.025182354933130223,-0.00013336365249636405,-0.0013802549267003619,1.9682661895145202e-5,0.28051612965761874,0.0,58.96200471641137,0.0,-28.496475132075098]
185.0,[-0.025182329287330035,-0.00013509564798332981,-0.001342950739492244,1.9682661895145202e-5,0.2805175971298909,-3.922900093455466e-6,58.96200701100851,0.0,-28.496475132075098]
186.0,[-0.02518222670412928,-0.00013163165700939828,-0.001342950739492244,1.9674741306857416e-5,0.280519064602163,3.922900093455466e-6,58.96200930560564,3.084047957899214e-5,-28.496380640117415]
187.0,[-0.02518225234992947,-0.00013509564798332981,-0.0013802549267003619,1.9682661895145202e-5,0.2805175971298909,0.0,58.96201160020278,-1.0280159859664048e-5,-28.496317645478964]
188.0,[-0.025182277995729658,-0.00013682764347029556,-0.001342950739492244,1.9706423660008555e-5,0.28051612965761874,7.845800186910932e-6,58.96201045290421,1.0280159859664048e-5,-28.496412137436643]
189.0,[-0.02518225234992947,-0.00013163165700939828,-0.0013616028330963028,1.966682071856963e-5,0.28051466218534654,-3.922900093455466e-6,58.96201160020278,-1.0280159859664048e-5,-28.496380640117415]
190.0,[-0.02518225234992947,-0.00013682764347029556,-0.0013616028330963028,1.9674741306857416e-5,0.28051466218534654,0.0,58.96201045290421,-2.0560319719328096e-5,-28.496380640117415]
191.0,[-0.02518222670412928,-0.00013509564798332981,-0.001342950739492244,1.9682661895145202e-5,0.280519064602163,3.922900093455466e-6,58.96201160020278,-1.0280159859664048e-5,-28.496380640117415]
192.0,[-0.025182277995729658,-0.00013509564798332981,-0.0013616028330963028,1.9690582483432987e-5,0.28051612965761874,-3.922900093455466e-6,58.96201045290421,0.0,-28.49634914279819]
193.0,[-0.025182277995729658,-0.00013509564798332981,-0.0013802549267003619,1.9674741306857416e-5,0.2805205320744352,3.922900093455466e-6,58.96200815830708,0.0,-28.496286148159736]
194.0,[-0.025182277995729658,-0.00013509564798332981,-0.0013616028330963028,1.9690582483432987e-5,0.28051612965761874,-3.922900093455466e-6,58.96201160020278,0.0,-28.496286148159736]
195.0,[-0.025182201058329093,-0.00013336365249636405,-0.0013616028330963028,1.9690582483432987e-5,0.28051466218534654,-3.922900093455466e-6,58.96201045290421,1.0280159859664048e-5,-28.496380640117415]
196.0,[-0.02518225234992947,-0.00013163165700939828,-0.001342950739492244,1.9690582483432987e-5,0.2805175971298909,3.922900093455466e-6,58.96201274750135,-3.084047957899214e-5,-28.496380640117415]
197.0,[-0.025182277995729658,-0.00013163165700939828,-0.001324298645888185,1.9690582483432987e-5,0.280519064602163,0.0,58.96201160020278,-1.0280159859664048e-5,-28.49644363475587]
198.0,[-0.02518222670412928,-0.00013509564798332981,-0.0013616028330963028,1.966682071856963e-5,0.28051466218534654,0.0,58.96201274750135,2.0560319719328096e-5,-28.49634914279819]
199.0,[-0.025182303641529846,-0.00013163165700939828,-0.0013616028330963028,1.9690582483432987e-5,0.280519064602163,-3.922900093455466e-6,58.96200930560564,1.0280159859664048e-5,-28.496380640117415]
200.0,[-0.025182201058329093,-0.00013682764347029556,-0.001342950739492244,1.966682071856963e-5,0.28051466218534654,0.0,58.96201045290421,-1.0280159859664048e-5,-28.496286148159736]
201.0,[-0.02518225234992947,-0.00013509564798332981,-0.001342950739492244,1.9682661895145202e-5,0.2805175971298909,7.845800186910932e-6,58.96201045290421,0.0,-28.496286148159736]
202.0,[-0.02518222670412928,-0.00013336365249636405,-0.001342950739492244,1.9682661895145202e-5,0.28051612965761874,0.0,58.96201045290421,0.0,-28.496412137436643]
203.0,[-0.025182201058329093,-0.00013682764347029556,-0.0013616028330963028,1.9674741306857416e-5,0.28051466218534654,3.922900093455466e-6,58.96201045290421,1.0280159859664048e-5,-28.496380640117415]
204.0,[-0.025182277995729658,-0.00013336365249636405,-0.001342950739492244,1.9682661895145202e-5,0.28051612965761874,-1.17687002803664e-5,58.96201045290421,-2.0560319719328096e-5,-28.496317645478964]
205.0,[-0.02518222670412928,-0.00013163165700939828,-0.0013616028330963028,1.9674741306857416e-5,0.2805175971298909,-3.922900093455466e-6,58.96201160020278,0.0,-28.496286148159736]
206.0,[-0.02518222670412928,-0.00013509564798332981,-0.001342950739492244,1.9674741306857416e-5,0.28051466218534654,0.0,58.96201160020278,0.0,-28.496412137436643]
207.0,[-0.025182277995729658,-0.00013163165700939828,-0.0013616028330963028,1.9690582483432987e-5,0.2805205320744352,0.0,58.96201160020278,-1.0280159859664048e-5,-28.496475132075098]
208.0,[-0.02518225234992947,-0.00013336365249636405,-0.001342950739492244,1.9682661895145202e-5,0.2805175971298909,0.0,58.96201045290421,0.0,-28.496380640117415]
209.0,[-0.02494926025521846,-0.0002130354448967893,-0.002219599138883014,2.4569664868708416e-5,0.2725727022483996,0.0,58.99143177738011,-1.0280159859664048e-5,-27.688663385866207]
210.0,[-0.025181046997320617,-0.00013509564798332981,-0.0013802549267003619,1.9722264836584126e-5,0.2804471584608271,0.0,58.962265153186294,-2.0560319719328096e-5,-28.489325240610622]
211.0,[-0.025377314306161934,-7.447580593952797e-5,-0.0007833879313704756,1.4993673628776607e-5,0.2881689975569495,0.0,58.93371118642775,-1.0280159859664048e-5,-29.273230521526393]
212.0,[-0.026837227127683015,-0.00020437546746196046,-0.002014426109238366,2.5314200167760187e-5,0.47927204167166765,-7.845800186910932e-6,58.981286216143936,-1.0280159859664048e-5,-27.967288671746186]
213.0,[-0.02519148483799727,-0.0001298996615224325,-0.0013056465522841261,1.9484647187950582e-5,0.28083750608522245,0.0,58.96082299888641,0.0,-28.529011862836345]
214.0,[-0.025377468180963064,-7.79397969134595e-5,-0.0007833879313704756,1.4969911863913252e-5,0.288173399973766,0.0,58.93368824045639,0.0,-29.27386046791093]
215.0,[-0.0273070325413331,-6.23518375307676e-5,-0.0005782149017258272,1.5167926571107872e-5,0.48169337092073683,-3.922900093455466e-6,58.91764900647678,1.0280159859664048e-5,-29.714413471935718]
216.0,[-0.02709922462240703,-0.00011257970665277484,-0.0011377777098475956,2.0023247191519947e-5,0.4722883411284432,7.845800186910932e-6,58.94676285493647,3.084047957899214e-5,-28.91494851532192]
217.0,[-0.024702342491005183,-0.00032561515154956415,-0.003301420567918433,2.91081619576091e-5,0.2651179431058108,3.922900093455466e-6,59.01899792007167,1.0280159859664048e-5,-26.931814302166227]
218.0,[-0.02494710600800264,-0.00021996342684465236,-0.002219599138883014,2.464095016329848e-5,0.27246410930025955,0.0,58.991837921073156,0.0,-27.67745034022148]
219.0,[-0.02516117150217466,-0.00013682764347029556,-0.0013989070203044207,2.0165817780700075e-5,0.27972662957519495,7.845800186910932e-6,58.96493262235672,0.0,-28.41615696804684]
220.0,[-0.025171814509252818,-0.00013682764347029556,-0.0013989070203044207,1.9920279543778746e-5,0.28013311939458413,-3.922900093455466e-6,58.96343310312844,0.0,-28.45735546159545]
221.0,[-0.02518114958052137,-0.00013509564798332981,-0.0014175591139084797,1.9706423660008555e-5,0.2804765079062703,-7.845800186910932e-6,58.96215960171804,-1.0280159859664048e-5,-28.49222299397948]
222.0,[-0.025181739433925703,-0.00013509564798332981,-0.0013802549267003619,1.9698503071720773e-5,0.2805014549348971,1.17687002803664e-5,58.96207929081829,-2.0560319719328096e-5,-28.49442780632536]
223.0,[-0.025182201058329093,-0.0001298996615224325,-0.001342950739492244,1.9682661895145202e-5,0.28051466218534654,0.0,58.96201733669562,1.0280159859664048e-5,-28.49622315352128]
224.0,[-0.025182277995729658,-0.00013163165700939828,-0.0013989070203044207,1.9682661895145202e-5,0.2805175971298909,-3.922900093455466e-6,58.96201274750135,2.0560319719328096e-5,-28.49625465084051]
225.0,[-0.02518225234992947,-0.00013509564798332981,-0.0013616028330963028,1.9706423660008555e-5,0.28051466218534654,-3.922900093455466e-6,58.96201274750135,1.0280159859664048e-5,-28.49634914279819]
226.0,[-0.02518225234992947,-0.00013336365249636405,-0.0013616028330963028,1.9674741306857416e-5,0.2805175971298909,0.0,58.96201160020278,0.0,-28.49634914279819]
227.0,[-0.025182303641529846,-0.00013682764347029556,-0.001342950739492244,1.9682661895145202e-5,0.28051612965761874,-3.922900093455466e-6,58.96201160020278,0.0,-28.49634914279819]
228.0,[-0.02518222670412928,-0.00013682764347029556,-0.0013616028330963028,1.9690582483432987e-5,0.2805175971298909,0.0,58.96201045290421,-1.0280159859664048e-5,-28.496380640117415]
229.0,[-0.02518222670412928,-0.00013509564798332981,-0.0013802549267003619,1.966682071856963e-5,0.2805131947130744,-3.922900093455466e-6,58.96201045290421,0.0,-28.496286148159736]
230.0,[-0.02518225234992947,-0.0001298996615224325,-0.0013989070203044207,1.9698503071720773e-5,0.2805175971298909,0.0,58.96200930560564,1.0280159859664048e-5,-28.496380640117415]
231.0,[-0.02518225234992947,-0.00013336365249636405,-0.0013802549267003619,1.9674741306857416e-5,0.280519064602163,1.17687002803664e-5,58.96200930560564,0.0,-28.496317645478964]
232.0,[-0.025386136461426723,-7.101181496559643e-5,-0.0007087795569542399,1.4740214803567494e-5,0.28854760540316765,-3.922900093455466e-6,58.93231951326485,-1.0280159859664048e-5,-29.31143676974846]
233.0,[-0.027087709658122468,-0.0001143117021397406,-0.0011564298034516544,2.0300467781592415e-5,0.4737147241769858,-3.922900093455466e-6,58.948600827242295,-1.0280159859664048e-5,-28.864615799197548]
234.0,[-0.02496185234311093,-0.00021649943587072085,-0.0021636428580708374,2.430828545521152e-5,0.27299239931823827,-3.922900093455466e-6,58.98989669189622,0.0,-27.730743804353168]
235.0,[-0.025385315795820696,-7.27438104525622e-5,-0.0007460837441623577,1.4779817745006418e-5,0.2884845040954646,0.0,58.932551267575576,0.0,-29.305105808583882]
236.0,[-0.027297671824264357,-6.23518375307676e-5,-0.0006155190889339451,1.5405544219741414e-5,0.47607148464607985,1.17687002803664e-5,58.91826740040489,1.0280159859664048e-5,-29.697310427595582]
237.0,[-0.026850896339183396,-0.00019917948100106318,-0.001977121922030248,2.505282075426329e-5,0.4777121186463582,3.922900093455466e-6,58.97936219644553,-3.084047957899214e-5,-28.01998368681257]
238.0,[-0.024959800679095864,-0.00021130344940982354,-0.0022009470452789555,2.4387491338089367e-5,0.27289848109281983,0.0,58.990220230092376,0.0,-27.7219560522889]
239.0,[-0.025171532405450746,-0.00013509564798332981,-0.0013989070203044207,1.99440413086421e-5,0.2801037699491409,0.0,58.963546685686666,0.0,-28.45414273503432]
240.0,[-0.025172430008457338,-0.0001402916344442271,-0.0014175591139084797,1.991235895549096e-5,0.2801595338954831,3.922900093455466e-6,58.96334476113871,1.0280159859664048e-5,-28.459749257856686]
241.0,[-0.025181688142325326,-0.00013682764347029556,-0.001342950739492244,1.9690582483432987e-5,0.2804926501012641,7.845800186910932e-6,58.96209420569967,0.0,-28.493955346536957]
242.0,[-0.025181842017126456,-0.00013509564798332981,-0.001342950739492244,1.9722264836584126e-5,0.28050292240716923,0.0,58.96207355432545,3.084047957899214e-5,-28.49467978487917]
243.0,[-0.025182303641529846,-0.00013336365249636405,-0.001342950739492244,1.9682661895145202e-5,0.2805175971298909,0.0,58.962015042098486,1.0280159859664048e-5,-28.49622315352128]
244.0,[-0.02518222670412928,-0.00013163165700939828,-0.001324298645888185,1.9690582483432987e-5,0.28051612965761874,3.922900093455466e-6,58.96201389479992,-1.0280159859664048e-5,-28.496191656202054]
245.0,[-0.02518225234992947,-0.00013336365249636405,-0.001342950739492244,1.9682661895145202e-5,0.280519064602163,0.0,58.96201045290421,0.0,-28.49634914279819]
246.0,[-0.025182277995729658,-0.00013682764347029556,-0.0013989070203044207,1.9682661895145202e-5,0.28051612965761874,0.0,58.96201045290421,-1.0280159859664048e-5,-28.496412137436643]
247.0,[-0.025182329287330035,-0.00013336365249636405,-0.0013802549267003619,1.9674741306857416e-5,0.280519064602163,-3.922900093455466e-6,58.96200930560564,0.0,-28.496380640117415]
248.0,[-0.025182201058329093,-0.00013509564798332981,-0.0013616028330963028,1.9706423660008555e-5,0.2805205320744352,-1.17687002803664e-5,58.96200930560564,2.0560319719328096e-5,-28.49644363475587]
249.0,[-0.02518222670412928,-0.00013163165700939828,-0.0013802549267003619,1.9690582483432987e-5,0.280519064602163,0.0,58.96201160020278,0.0,-28.496412137436643]
250.0,[-0.02518225234992947,-0.0001298996615224325,-0.0013616028330963028,1.9682661895145202e-5,0.280519064602163,0.0,58.96201045290421,-2.0560319719328096e-5,-28.49634914279819]
251.0,[-0.02518225234992947,-0.00013336365249636405,-0.001324298645888185,1.9674741306857416e-5,0.2805175971298909,-1.17687002803664e-5,58.96201045290421,0.0,-28.49634914279819]
252.0,[-0.02518225234992947,-0.00013336365249636405,-0.0013616028330963028,1.9690582483432987e-5,0.2805175971298909,3.922900093455466e-6,58.96200930560564,0.0,-28.496286148159736]
253.0,[-0.02518222670412928,-0.00013336365249636405,-0.0013989070203044207,1.9674741306857416e-5,0.2805175971298909,-7.845800186910932e-6,58.96200815830708,-1.0280159859664048e-5,-28.496380640117415]
254.0,[-0.02518225234992947,-0.00013336365249636405,-0.0013802549267003619,1.9690582483432987e-5,0.28051612965761874,-3.922900093455466e-6,58.96200815830708,1.0280159859664048e-5,-28.49634914279819]
255.0,[-0.02518222670412928,-0.00013163165700939828,-0.0013616028330963028,1.9682661895145202e-5,0.2805175971298909,0.0,58.96201274750135,-1.0280159859664048e-5,-28.496317645478964]
256.0,[-0.025182201058329093,-0.00013163165700939828,-0.001342950739492244,1.965890013028185e-5,0.2805175971298909,-3.922900093455466e-6,58.96200930560564,-1.0280159859664048e-5,-28.49634914279819]
257.0,[-0.025182303641529846,-0.0001298996615224325,-0.0014175591139084797,1.9690582483432987e-5,0.2805175971298909,-3.922900093455466e-6,58.96201160020278,-3.084047957899214e-5,-28.496317645478964]
258.0,[-0.02538616210722691,-7.27438104525622e-5,-0.0008206921185785935,1.4763976568430847e-5,0.28855054034771194,-3.922900093455466e-6,58.93232295516056,-5.140079929832024e-5,-29.31146826706769]
259.0,[-0.027306776083331215,-6.581582850469914e-5,-0.0006155190889339451,1.519960892425901e-5,0.4749840876924069,-1.17687002803664e-5,58.91667953918689,-3.084047957899214e-5,-29.741028706682336]
260.0,[-0.02709984012161155,-0.0001143117021397406,-0.0010818214290354187,2.001532660323216e-5,0.4725128643860842,1.17687002803664e-5,58.946716962993754,1.0280159859664048e-5,-28.916365894687125]
261.0,[-0.025193562147812525,-0.0001298996615224325,-0.001286994458680067,1.9389600128497163e-5,0.2809431640888182,1.9614500467277333e-5,58.96043291737331,-3.084047957899214e-5,-28.539752448692674]
262.0,[-0.025182944786534555,-0.00013509564798332981,-0.0013989070203044207,1.9650979541994063e-5,0.2805410766862455,3.922900093455466e-6,58.96191637442164,2.0560319719328096e-5,-28.499152404209372]
263.0,[-0.025182739620133048,-0.0001298996615224325,-0.0012683423650760083,1.9698503071720773e-5,0.2805410766862455,0.0,58.96193473119873,-1.0280159859664048e-5,-28.498459463186382]
264.0,[-0.025182277995729658,-0.00013163165700939828,-0.0013989070203044207,1.9706423660008555e-5,0.28051466218534654,-1.9614500467277333e-5,58.96200586370994,4.112063943865619e-5,-28.496412137436643]
265.0,[-0.024949311546818835,-0.00021476744038375508,-0.002219599138883014,2.4569664868708416e-5,0.27257123477612744,0.0,58.9914248935887,-1.0280159859664048e-5,-27.688789375143113]
266.0,[-0.024947824090407914,-0.0002182314313576866,-0.0022942075132992503,2.459342663357177e-5,0.2725037310516079,-3.922900093455466e-6,58.99167844657221,1.0280159859664048e-5,-27.68179697027477]
267.0,[-0.025170814323045472,-0.00014375562541815864,-0.0013989070203044207,1.992820013206653e-5,0.28007001808688115,7.845800186910932e-6,58.96364764796064,3.084047957899214e-5,-28.451654446815407]
268.0,[-0.02517178886345263,-0.00014375562541815864,-0.0013616028330963028,1.99440413086421e-5,0.28013605433912847,-1.5691600373821864e-5,58.96341015715708,-2.0560319719328096e-5,-28.457827921383853]
269.0,[-0.025181585559124572,-0.0001402916344442271,-0.0014362112075125386,1.9698503071720773e-5,0.28049558504580846,0.0,58.96209879489394,-5.140079929832024e-5,-28.493955346536957]
270.0,[-0.025181816371326268,-0.00013163165700939828,-0.001324298645888185,1.9690582483432987e-5,0.2804970525180806,1.17687002803664e-5,58.96207929081829,1.0280159859664048e-5,-28.49442780632536]
271.0,[-0.02518222670412928,-0.0001298996615224325,-0.0013802549267003619,1.9650979541994063e-5,0.28051612965761874,7.845800186910932e-6,58.96201389479992,0.0,-28.496191656202054]
272.0,[-0.025182277995729658,-0.00013336365249636405,-0.0013989070203044207,1.9690582483432987e-5,0.28051466218534654,-1.17687002803664e-5,58.962015042098486,-2.0560319719328096e-5,-28.49625465084051]
273.0,[-0.02494923460941827,-0.00022169542233161813,-0.002275555419695191,2.4585506045283987e-5,0.2725800396097604,7.845800186910932e-6,58.991435219275814,-1.0280159859664048e-5,-27.68875787782389]
274.0,[-0.02494772150720716,-0.00021996342684465236,-0.002275555419695191,2.459342663357177e-5,0.27250666599615225,-7.845800186910932e-6,58.991684183065054,2.0560319719328096e-5,-27.68173397563632]
275.0,[-0.02537636541155497,-7.79397969134595e-5,-0.0008393442121826524,1.506495892336667e-5,0.28810442877697434,0.0,58.93396818130696,0.0,-29.266206619338824]
276.0,[-0.027076476797639977,-0.00012816766603546674,-0.0012496902714719492,2.050640307707482e-5,0.48173299267208525,2.35374005607328e-5,58.95131992484828,0.0,-28.789557687480162]
277.0,[-0.024961031677504904,-0.00021130344940982354,-0.0021076865772586607,2.4339967808362658e-5,0.2729615824005228,-3.922900093455466e-6,58.99000224336447,0.0,-27.72809802953812]
278.0,[-0.025384879817217494,-6.581582850469914e-5,-0.0007274316505582988,1.4843182451308695e-5,0.2884624920113822,0.0,58.93261895819108,0.0,-29.303058482834142]
279.0,[-0.027297723115864734,-6.754782399166491e-5,-0.0005968669953298862,1.54134648080292e-5,0.47639139360141136,-3.922900093455466e-6,58.91831329234761,0.0,-29.695641069676565]
280.0,[-0.027099660601010232,-0.0001195076886006379,-0.0011191256162435366,1.9999485426656594e-5,0.47900936413495043,3.922900093455466e-6,58.947726585733534,-5.140079929832024e-5,-28.888522264490664]
281.0,[-0.025193074877608947,-0.00013336365249636405,-0.0013056465522841261,1.9452964834799443e-5,0.28092848936609655,1.5691600373821864e-5,58.9605120809745,0.0,-28.53764212830448]
282.0,[-0.025182944786534555,-0.00013509564798332981,-0.0013802549267003619,1.9674741306857416e-5,0.2805440116307898,1.5691600373821864e-5,58.96191866901878,1.0280159859664048e-5,-28.499120906890145]
283.0,[-0.025182739620133048,-0.0001298996615224325,-0.001342950739492244,1.9674741306857416e-5,0.2805337393248847,-1.9614500467277333e-5,58.961939320393,-2.0560319719328096e-5,-28.49839646854793]
284.0,[-0.025182303641529846,-0.00012816766603546674,-0.0013802549267003619,1.9650979541994063e-5,0.2805175971298909,-1.5691600373821864e-5,58.96200471641137,5.140079929832024e-5,-28.496506629394325]
285.0,[-0.025386110815626535,-7.620780142649374e-5,-0.0007833879313704756,1.4763976568430847e-5,0.2885446704586233,1.17687002803664e-5,58.93231607136915,-1.0280159859664048e-5,-29.311594256344595]
286.0,[-0.02730667350013046,-5.71558510698703e-5,-0.0006341711825380041,1.5191688335971227e-5,0.47497088044195745,-3.5306100841099194e-5,58.91667724458975,-1.0280159859664048e-5,-29.74077672812852]
287.0,[-0.027099788830011174,-0.00012297167957456943,-0.0011191256162435366,2.001532660323216e-5,0.47250552702472337,0.0,58.94670663730665,-5.140079929832024e-5,-28.91620840809099]
288.0,[-0.025193408273011395,-0.00013163165700939828,-0.0013616028330963028,1.939752071678495e-5,0.28094169661654605,-3.922900093455466e-6,58.96042718088047,-3.084047957899214e-5,-28.5397839460119]
289.0,[-0.02518289349493418,-0.00013336365249636405,-0.0012683423650760083,1.9674741306857416e-5,0.2805440116307898,0.0,58.96191178522737,0.0,-28.499120906890145]
290.0,[-0.025182790911733425,-0.0001247036750615352,-0.001342950739492244,1.9650979541994063e-5,0.28053814174170116,3.922900093455466e-6,58.96193702579586,0.0,-28.498459463186382]
291.0,[-0.025182149766728716,-0.00013682764347029556,-0.0014548633011165976,1.9674741306857416e-5,0.28051612965761874,3.922900093455466e-6,58.96200586370994,5.140079929832024e-5,-28.49644363475587]
292.0,[-0.02518222670412928,-0.00013682764347029556,-0.001342950739492244,1.9690582483432987e-5,0.2805234670189795,0.0,58.96200815830708,2.0560319719328096e-5,-28.49634914279819]
293.0,[-0.024949337192619023,-0.00021649943587072085,-0.002238251232487073,2.4569664868708416e-5,0.2725727022483996,1.17687002803664e-5,58.99143177738011,-5.140079929832024e-5,-27.688789375143113]
294.0,[-0.024947772798807537,-0.0002182314313576866,-0.002238251232487073,2.459342663357177e-5,0.27250226357933577,1.17687002803664e-5,58.991681888467916,0.0,-27.681639483678637]
295.0,[-0.025170814323045472,-0.0001402916344442271,-0.0013616028330963028,1.995988248521767e-5,0.2800817578650584,-7.845800186910932e-6,58.96364420606494,2.0560319719328096e-5,-28.45155995485773]
296.0,[-0.025171865800853194,-0.00013855963895726133,-0.0014735153947206564,1.9848994249188683e-5,0.2801389892836728,7.845800186910932e-6,58.96341015715708,3.084047957899214e-5,-28.457827921383853]
297.0,[-0.025181559913324384,-0.00013855963895726133,-0.001324298645888185,1.966682071856963e-5,0.2804911826289919,2.35374005607328e-5,58.96210223678965,-4.112063943865619e-5,-28.49392384921773]
298.0,[-0.02518176507972589,-0.00013682764347029556,-0.0013989070203044207,1.9674741306857416e-5,0.28049851999035275,1.17687002803664e-5,58.96207470162402,-4.112063943865619e-5,-28.4947112821984]
299.0,[-0.025182175412528904,-0.00013509564798332981,-0.001286994458680067,1.966682071856963e-5,0.28051172724080226,1.9614500467277333e-5,58.96201045290421,0.0,-28.496317645478964]
300.0,[-0.025182303641529846,-0.00013682764347029556,-0.0013989070203044207,1.9706423660008555e-5,0.28051612965761874,0.0,58.96201274750135,-2.0560319719328096e-5,-28.49622315352128]
301.0,[-0.024949285901018647,-0.00021996342684465236,-0.0021636428580708374,2.4553823692132846e-5,0.2725741697206718,1.17687002803664e-5,58.99142604088727,-3.084047957899214e-5,-27.68872638050466]
302.0,[-0.024947849736208103,-0.00021649943587072085,-0.0021822949516748964,2.460926781014734e-5,0.27250666599615225,-3.922900093455466e-6,58.991684183065054,-1.0280159859664048e-5,-27.68173397563632]
303.0,[-0.025170788677245284,-0.0001454876209051244,-0.0013802549267003619,1.9920279543778746e-5,0.2800788229205141,-3.922900093455466e-6,58.9636453533635,2.0560319719328096e-5,-28.451465462900046]
304.0,[-0.025171865800853194,-0.00013682764347029556,-0.0013989070203044207,1.9888597190627607e-5,0.2801345868668563,0.0,58.963412451754216,0.0,-28.45785941870308]
305.0,[-0.02518163685072495,-0.00013509564798332981,-0.0014175591139084797,1.971434424829634e-5,0.2804926501012641,-1.9614500467277333e-5,58.962103384088216,1.0280159859664048e-5,-28.493829357260047]
306.0,[-0.025181739433925703,-0.00013682764347029556,-0.001342950739492244,1.9706423660008555e-5,0.28049998746262494,2.7460300654188264e-5,58.96207584892258,-4.112063943865619e-5,-28.494585292921492]
307.0,[-0.025386136461426723,-7.79397969134595e-5,-0.0007460837441623577,1.4756055980143063e-5,0.28854613793089545,0.0,58.93232066056342,-2.0560319719328096e-5,-29.311279283152327]
308.0,[-0.027306801729131403,-5.022786912200723e-5,-0.0005968669953298862,1.5239211865697935e-5,0.4750046323042172,0.0,58.91669215947113,-5.140079929832024e-5,-29.74090271740543]
309.0,[-0.02709984012161155,-0.000103919729217946,-0.0011004735226394777,1.9967803073505455e-5,0.4725231366919893,0.0,58.946713521098054,-4.112063943865619e-5,-28.91649188396403]
310.0,[-0.025193562147812525,-0.00013509564798332981,-0.001342950739492244,1.9429203069936087e-5,0.2809431640888182,7.845800186910932e-6,58.96042718088047,-1.0280159859664048e-5,-28.53968945405422]
311.0,[-0.025182944786534555,-0.00012816766603546674,-0.001324298645888185,1.966682071856963e-5,0.280545479103062,3.138320074764373e-5,58.9619140798245,0.0,-28.499089409570917]
312.0,[-0.025182919140734367,-0.0001298996615224325,-0.001342950739492244,1.966682071856963e-5,0.28053814174170116,-7.845800186910932e-6,58.96193702579586,0.0,-28.498364971228703]
313.0,[-0.025182303641529846,-0.00013163165700939828,-0.001342950739492244,1.9674741306857416e-5,0.2805234670189795,-3.922900093455466e-6,58.96200471641137,2.0560319719328096e-5,-28.496506629394325]
314.0,[-0.025182354933130223,-0.0001298996615224325,-0.001342950739492244,1.9674741306857416e-5,0.28052199954670737,-1.17687002803664e-5,58.96200471641137,1.0280159859664048e-5,-28.49653812671355]
315.0,[-0.0253861877530271,-7.967179240042527e-5,-0.0007460837441623577,1.4748135391855278e-5,0.2885534752922563,3.922900093455466e-6,58.93232180786199,0.0,-29.31156275902537]
316.0,[-0.02730669914593065,-6.408383301773337e-5,-0.0005409107145177093,1.5223370689122365e-5,0.47498262022013477,-3.922900093455466e-6,58.91667724458975,2.0560319719328096e-5,-29.74090271740543]
317.0,[-0.02709971189261061,-0.00012643567054850097,-0.0011191256162435366,1.9983644250081023e-5,0.4725069944969955,-1.5691600373821864e-5,58.946707784605216,2.0560319719328096e-5,-28.916460386644808]
318.0,[-0.025193536502012337,-0.00012643567054850097,-0.0014175591139084797,1.9421282481648305e-5,0.2809534363947233,3.922900093455466e-6,58.96043062277618,0.0,-28.539657956734995]
319.0,[-0.025182919140734367,-0.00013163165700939828,-0.0014362112075125386,1.9650979541994063e-5,0.2805410766862455,1.17687002803664e-5,58.961909490630234,1.0280159859664048e-5,-28.49899491761324]
320.0,[-0.025182739620133048,-0.00014202362993119287,-0.001342950739492244,1.9698503071720773e-5,0.2805440116307898,-3.922900093455466e-6,58.96194046769157,0.0,-28.498427965867155]
321.0,[-0.025182329287330035,-0.0001298996615224325,-0.0013989070203044207,1.966682071856963e-5,0.2805234670189795,1.17687002803664e-5,58.96200242181423,0.0,-28.496569624032777]
322.0,[-0.025182149766728716,-0.00013336365249636405,-0.0013802549267003619,1.9690582483432987e-5,0.28051466218534654,-3.922900093455466e-6,58.96200471641137,-3.084047957899214e-5,-28.49663261867123]
323.0,[-0.025182201058329093,-0.00014375562541815864,-0.0013989070203044207,1.9650979541994063e-5,0.2805205320744352,-3.922900093455466e-6,58.962015042098486,-3.084047957899214e-5,-28.496412137436643]
324.0,[-0.02494926025521846,-0.00021130344940982354,-0.002219599138883014,2.456174428042063e-5,0.2725800396097604,3.922900093455466e-6,58.991432924678676,1.0280159859664048e-5,-27.688789375143113]
325.0,[-0.024947670215606784,-0.0002182314313576866,-0.002219599138883014,2.4569664868708416e-5,0.2725051985238801,3.922900093455466e-6,58.99167959387078,-3.084047957899214e-5,-27.681765472955544]
326.0,[-0.025170814323045472,-0.0001298996615224325,-0.0014175591139084797,1.9975723661793237e-5,0.2800758879759698,-7.845800186910932e-6,58.963638469572096,1.0280159859664048e-5,-28.45162294949618]
327.0,[-0.02493756577033258,-0.00021996342684465236,-0.002219599138883014,2.479144134076639e-5,0.27219702934672585,3.922900093455466e-6,58.9928200086473,1.0280159859664048e-5,-27.650583126921045]
328.0,[-0.024947054716402264,-0.00022169542233161813,-0.002275555419695191,2.460926781014734e-5,0.27248025149525334,7.845800186910932e-6,58.991771377756216,0.0,-27.679308682055858]
329.0,[-0.02517027576124152,-0.00013336365249636405,-0.0014735153947206564,1.9967803073505455e-5,0.28005681083643164,0.0,58.96370501288904,1.0280159859664048e-5,-28.449733110342574]
330.0,[-0.02493743754133164,-0.00021996342684465236,-0.002368815887715486,2.479144134076639e-5,0.27219262692990936,0.0,58.99282230324444,3.084047957899214e-5,-27.650614624240273]
331.0,[-0.024947029070602075,-0.00021476744038375508,-0.002238251232487073,2.4633029575010693e-5,0.2724817189675255,-7.845800186910932e-6,58.991774819651916,0.0,-27.67927718473663]
332.0,[-0.02517027576124152,-0.00013855963895726133,-0.001286994458680067,1.9951961896929884e-5,0.280050940947343,0.0,58.96370501288904,0.0,-28.449701613023347]
333.0,[-0.025171840155053006,-0.00013855963895726133,-0.0014175591139084797,1.9920279543778746e-5,0.2801375218114006,1.17687002803664e-5,58.96341589364992,0.0,-28.457796424064625]
334.0,[-0.02518161120492476,-0.00012643567054850097,-0.0013056465522841261,1.9698503071720773e-5,0.2804926501012641,-3.922900093455466e-6,58.96210108949108,-2.0560319719328096e-5,-28.493797859940823]
335.0,[-0.025181713788125514,-0.00013163165700939828,-0.0013616028330963028,1.9674741306857416e-5,0.28049998746262494,1.5691600373821864e-5,58.96207240702688,1.0280159859664048e-5,-28.494648287559944]
336.0,[-0.02518222670412928,-0.00013163165700939828,-0.0013802549267003619,1.9698503071720773e-5,0.28052199954670737,-7.845800186910932e-6,58.96201389479992,-3.084047957899214e-5,-28.49625465084051]
337.0,[-0.02538616210722691,-8.486777886132256e-5,-0.0007274316505582988,1.4763976568430847e-5,0.2885388005695346,-7.845800186910932e-6,58.93232180786199,-4.112063943865619e-5,-29.31156275902537]
338.0,[-0.02730654527112952,-5.369186009593877e-5,-0.0005036065273095915,1.5175847159395656e-5,0.4750002298874007,-1.17687002803664e-5,58.91667724458975,-2.0560319719328096e-5,-29.74077672812852]
339.0,[-0.02709986576741174,-0.00010045573824401446,-0.0010631693354313599,2.001532660323216e-5,0.4724967221910904,-1.5691600373821864e-5,58.94671581569519,4.112063943865619e-5,-28.91623990541022]
340.0,[-0.0253958562196981,-6.581582850469914e-5,-0.0007274316505582988,1.448675597835838e-5,0.28898197719572793,-1.9614500467277333e-5,58.93072935744971,1.0280159859664048e-5,-29.35531253543135]
341.0,[-0.02730734029093536,-5.1959864608973e-5,-0.0005222586209136504,1.5160005982820087e-5,0.46717420025995465,-3.922900093455466e-6,58.9153876809994,-1.0280159859664048e-5,-29.77624270957786]
342.0,[-0.02731762425681088,-4.67638781480757e-5,-0.0005409107145177093,1.4859023627884266e-5,0.47327888491215336,1.9614500467277333e-5,58.91460292877894,1.0280159859664048e-5,-29.797912865205877]
343.0,[-0.02731747038200975,-5.022786912200723e-5,-0.0006155190889339451,1.4898626569323188e-5,0.46553503373194843,3.922900093455466e-6,58.91348545997378,2.0560319719328096e-5,-29.82846526485584]
344.0,[-0.027100532558216636,-0.0001195076886006379,-0.0011377777098475956,1.9936120720354317e-5,0.46453421764233316,-7.845800186910932e-6,58.94537003447501,5.140079929832024e-5,-28.953312250140122]
345.0,[-0.025194177647017046,-0.00012297167957456943,-0.001286994458680067,1.9405441305072734e-5,0.28096811111744496,1.9614500467277333e-5,58.96033998618931,1.0280159859664048e-5,-28.542177742273136]
346.0,[-0.025182970432334743,-0.00012643567054850097,-0.0013056465522841261,1.9650979541994063e-5,0.280545479103062,3.922900093455466e-6,58.961907196033096,-4.112063943865619e-5,-28.49924689616705]
347.0,[-0.02538667502323068,-7.27438104525622e-5,-0.0007274316505582988,1.4779817745006418e-5,0.2885725524317944,-3.922900093455466e-6,58.932236907767965,1.0280159859664048e-5,-29.313578587455883]
348.0,[-0.027306647854330273,-6.23518375307676e-5,-0.0005222586209136504,1.5160005982820087e-5,0.4745864027066507,-7.845800186910932e-6,58.91660611207854,0.0,-29.74254057800522]
349.0,[-0.027099814475811362,-0.00012643567054850097,-0.0011564298034516544,1.9999485426656594e-5,0.4724732426347358,7.845800186910932e-6,58.94670549000808,2.0560319719328096e-5,-28.916775359837075]
350.0,[-0.024962083155312627,-0.0002182314313576866,-0.002219599138883014,2.429244427863595e-5,0.27299239931823827,-1.17687002803664e-5,58.98986571483489,2.0560319719328096e-5,-27.731562734653064]
351.0,[-0.024948567818613373,-0.00021130344940982354,-0.0021822949516748964,2.464095016329848e-5,0.27252721060796253,1.17687002803664e-5,58.99158322079107,0.0,-27.684505739728273]
352.0,[-0.024936847687927307,-0.00022515941330554967,-0.002275555419695191,2.482312369391753e-5,0.2721559401231053,0.0,58.99297145205826,0.0,-27.646204999548527]
353.0,[-0.024936078313921656,-0.0002182314313576866,-0.002256903326091132,2.4846885458780884e-5,0.272126590677662,1.17687002803664e-5,58.99306897243654,0.0,-27.643748208648837]
354.0,[-0.024935488460517324,-0.00021996342684465236,-0.002238251232487073,2.4831044282205313e-5,0.27210898101039604,0.0,58.9931309265592,0.0,-27.641826872176004]
355.0,[-0.024935488460517324,-0.00022515941330554967,-0.002219599138883014,2.482312369391753e-5,0.272117785844029,0.0,58.99313551575348,0.0,-27.641984358772138]
356.0,[-0.024935462814717136,-0.0002234274178185839,-0.002275555419695191,2.482312369391753e-5,0.27210898101039604,0.0,58.99313551575348,4.112063943865619e-5,-27.641826872176004]
357.0,[-0.024935488460517324,-0.00022515941330554967,-0.002219599138883014,2.4862726635356455e-5,0.27210898101039604,7.845800186910932e-6,58.99313551575348,0.0,-27.641795374856777]
358.0,[-0.025170198823840955,-0.0001402916344442271,-0.0013989070203044207,1.9975723661793237e-5,0.2800436035859822,1.17687002803664e-5,58.96373713724894,0.0,-28.448977174681133]
359.0,[-0.025171275947448862,-0.0001402916344442271,-0.0014362112075125386,1.9896517778915393e-5,0.2801213796164068,1.5691600373821864e-5,58.963480142369725,0.0,-28.456001076868702]
360.0,[-0.02518161120492476,-0.00013163165700939828,-0.001324298645888185,1.965890013028185e-5,0.2804926501012641,7.845800186910932e-6,58.96210567868535,0.0,-28.493797859940823]
361.0,[-0.02518176507972589,-0.00013509564798332981,-0.001324298645888185,1.9722264836584126e-5,0.28049998746262494,0.0,58.96208043811686,5.140079929832024e-5,-28.494459303644582]
362.0,[-0.02518222670412928,-0.00013682764347029556,-0.0013989070203044207,1.9682661895145202e-5,0.2805131947130744,1.17687002803664e-5,58.96201733669562,0.0,-28.496286148159736]
363.0,[-0.02518225234992947,-0.00013509564798332981,-0.0014735153947206564,1.9674741306857416e-5,0.28051466218534654,-3.922900093455466e-6,58.96201389479992,0.0,-28.49622315352128]
364.0,[-0.025182175412528904,-0.0001298996615224325,-0.0013989070203044207,1.9690582483432987e-5,0.2805249344912517,3.922900093455466e-6,58.96201160020278,0.0,-28.49634914279819]
365.0,[-0.02518225234992947,-0.00013509564798332981,-0.0013989070203044207,1.9674741306857416e-5,0.2805175971298909,-3.922900093455466e-6,58.96201274750135,0.0,-28.49634914279819]
366.0,[-0.02518222670412928,-0.00013509564798332981,-0.001342950739492244,1.9690582483432987e-5,0.2805175971298909,3.922900093455466e-6,58.96200930560564,-1.0280159859664048e-5,-28.496412137436643]
367.0,[-0.025182201058329093,-0.00013509564798332981,-0.0013802549267003619,1.966682071856963e-5,0.28051172724080226,-1.17687002803664e-5,58.96200815830708,0.0,-28.496286148159736]
368.0,[-0.025386239044627477,-7.447580593952797e-5,-0.0007274316505582988,1.4708532450416354e-5,0.28854760540316765,0.0,58.93232754435483,1.0280159859664048e-5,-29.311405272429237]
369.0,[-0.02730669914593065,-5.8887846556836066e-5,-0.0006341711825380041,1.5144164806244517e-5,0.47498262022013477,-1.9614500467277333e-5,58.91667150809691,2.0560319719328096e-5,-29.74068223617084]
370.0,[-0.027099737538410797,-0.00012297167957456943,-0.0011004735226394777,2.001532660323216e-5,0.47249818966336254,-3.922900093455466e-6,58.94671581569519,2.0560319719328096e-5,-28.916271402729446]
371.0,[-0.02519348521041196,-0.00013509564798332981,-0.001286994458680067,1.9421282481648305e-5,0.2809431640888182,0.0,58.96043177007475,1.0280159859664048e-5,-28.539752448692674]
372.0,[-0.025386777606431432,-7.620780142649374e-5,-0.0007833879313704756,1.4716453038704139e-5,0.2885725524317944,-3.922900093455466e-6,58.93222428748371,-3.084047957899214e-5,-29.314240031159645]
373.0,[-0.027307109478733663,-6.23518375307676e-5,-0.0005036065273095915,1.5152085394532303e-5,0.4744895495366879,3.922900093455466e-6,58.91652694847735,-3.084047957899214e-5,-29.745280844777948]
374.0,[-0.027099942704812304,-0.00011257970665277484,-0.001025865148223242,1.995988248521767e-5,0.4721415939012269,1.17687002803664e-5,58.94663894669114,-3.084047957899214e-5,-28.918035252606145]
375.0,[-0.025193459564611772,-0.00013163165700939828,-0.0013989070203044207,1.9405441305072734e-5,0.28094609903336254,0.0,58.96043177007475,-2.0560319719328096e-5,-28.53987843796958]
376.0,[-0.025183073015535497,-0.00013163165700939828,-0.001342950739492244,1.966682071856963e-5,0.280545479103062,2.35374005607328e-5,58.96191522712307,4.112063943865619e-5,-28.499120906890145]
377.0,[-0.02518286784913399,-0.00013509564798332981,-0.0014548633011165976,1.9674741306857416e-5,0.2805410766862455,0.0,58.96193702579586,2.0560319719328096e-5,-28.49849096050561]
378.0,[-0.02518222670412928,-0.00013855963895726133,-0.001342950739492244,1.9690582483432987e-5,0.280519064602163,-7.845800186910932e-6,58.96200930560564,0.0,-28.496475132075098]
379.0,[-0.025182303641529846,-0.00013163165700939828,-0.0014548633011165976,1.9682661895145202e-5,0.28051025976853006,1.17687002803664e-5,58.96201045290421,1.0280159859664048e-5,-28.496506629394325]
380.0,[-0.025182329287330035,-0.00013509564798332981,-0.001286994458680067,1.9650979541994063e-5,0.2805175971298909,-7.845800186910932e-6,58.96201389479992,4.112063943865619e-5,-28.496412137436643]
381.0,[-0.025182329287330035,-0.00013336365249636405,-0.0013616028330963028,1.9690582483432987e-5,0.2805234670189795,3.922900093455466e-6,58.96201733669562,3.084047957899214e-5,-28.49634914279819]
382.0,[-0.024949132026217517,-0.00021649943587072085,-0.0022009470452789555,2.4585506045283987e-5,0.2725727022483996,7.845800186910932e-6,58.99143063008154,-3.084047957899214e-5,-27.68863188854698]
383.0,[-0.024947695861406972,-0.00022169542233161813,-0.002219599138883014,2.464095016329848e-5,0.2725096009406966,0.0,58.991681888467916,-5.140079929832024e-5,-27.68179697027477]
384.0,[-0.02517083996884566,-0.00013682764347029556,-0.0013802549267003619,1.9936120720354317e-5,0.2800788229205141,0.0,58.96364305876637,-4.112063943865619e-5,-28.451496960219274]
385.0,[-0.02517178886345263,-0.00013855963895726133,-0.0014175591139084797,1.9904438367203175e-5,0.28013605433912847,-7.845800186910932e-6,58.963412451754216,1.0280159859664048e-5,-28.457922413341535]
386.0,[-0.02518161120492476,-0.00013509564798332981,-0.0014362112075125386,1.9682661895145202e-5,0.28049558504580846,2.35374005607328e-5,58.96209994219251,1.0280159859664048e-5,-28.493860854579275]
387.0,[-0.025181739433925703,-0.00013509564798332981,-0.0013056465522841261,1.9706423660008555e-5,0.2804970525180806,3.922900093455466e-6,58.96208043811686,1.0280159859664048e-5,-28.49467978487917]
388.0,[-0.025182329287330035,-0.0001402916344442271,-0.0013056465522841261,1.966682071856963e-5,0.28051612965761874,7.845800186910932e-6,58.962019631292755,2.0560319719328096e-5,-28.496286148159736]
389.0,[-0.025182277995729658,-0.00013855963895726133,-0.001342950739492244,1.965890013028185e-5,0.28051466218534654,7.845800186910932e-6,58.96201389479992,-5.140079929832024e-5,-28.496286148159736]
390.0,[-0.025386136461426723,-7.27438104525622e-5,-0.0006341711825380041,1.4763976568430847e-5,0.2885446704586233,-3.922900093455466e-6,58.93232295516056,-1.0280159859664048e-5,-29.311499764386916]
391.0,[-0.02730669914593065,-6.23518375307676e-5,-0.00041034605928929674,1.5144164806244517e-5,0.4749738153865018,1.17687002803664e-5,58.916688717575425,5.140079929832024e-5,-29.740808225447747]
392.0,[-0.026851101505584903,-0.000207839458435892,-0.002014426109238366,2.503697957768772e-5,0.4712493707597517,0.0,58.978359457497156,-5.140079929832024e-5,-28.047669830412897]
393.0,[-0.024960518761501137,-0.00021130344940982354,-0.002238251232487073,2.4379570749801582e-5,0.2729190257046301,0.0,58.990152539476874,-1.0280159859664048e-5,-27.72400337803864]
394.0,[-0.025171506759650557,-0.00013163165700939828,-0.0014175591139084797,1.99440413086421e-5,0.2801037699491409,1.17687002803664e-5,58.963547832985235,0.0,-28.45426872431123]
395.0,[-0.025172353071056773,-0.00013855963895726133,-0.0013989070203044207,1.9920279543778746e-5,0.28015072906185007,1.17687002803664e-5,58.96333902464587,0.0,-28.45990674445282]
396.0,[-0.025181662496525137,-0.00012643567054850097,-0.001324298645888185,1.9682661895145202e-5,0.2804970525180806,-3.922900093455466e-6,58.9620896165054,1.0280159859664048e-5,-28.49411283313309]
397.0,[-0.025385905649225028,-7.101181496559643e-5,-0.0007087795569542399,1.4763976568430847e-5,0.288532930680446,1.5691600373821864e-5,58.93238605658179,-3.084047957899214e-5,-29.309672919871762]
398.0,[-0.027306750437531026,-5.1959864608973e-5,-0.0005409107145177093,1.5144164806244517e-5,0.4752878544527447,-7.845800186910932e-6,58.9167219892339,-1.0280159859664048e-5,-29.739485338040225]
399.0,[-0.027099660601010232,-0.00011604369762670638,-0.0010818214290354187,2.001532660323216e-5,0.47253194152562233,-1.9614500467277333e-5,58.946716962993754,-5.140079929832024e-5,-28.91620840809099]
400.0,[-0.02519351085621215,-0.00013336365249636405,-0.0013056465522841261,1.9405441305072734e-5,0.28094609903336254,3.922900093455466e-6,58.96043177007475,-1.0280159859664048e-5,-28.539657956734995]
401.0,[-0.025182919140734367,-0.00012643567054850097,-0.001286994458680067,1.966682071856963e-5,0.2805440116307898,-7.845800186910932e-6,58.96191293252594,3.084047957899214e-5,-28.499089409570917]
402.0,[-0.025182816557533613,-0.00013163165700939828,-0.0013989070203044207,1.965890013028185e-5,0.2805337393248847,-3.922900093455466e-6,58.96193358390016,-2.0560319719328096e-5,-28.498333473909476]
403.0,[-0.025182175412528904,-0.00013336365249636405,-0.001286994458680067,1.9635138365418492e-5,0.2805249344912517,-1.17687002803664e-5,58.96200701100851,1.0280159859664048e-5,-28.496475132075098]
404.0,[-0.025182431870530788,-0.00012816766603546674,-0.0013616028330963028,1.966682071856963e-5,0.28052199954670737,-1.5691600373821864e-5,58.96200930560564,-1.0280159859664048e-5,-28.496475132075098]
405.0,[-0.025182303641529846,-0.00012643567054850097,-0.0013802549267003619,1.9682661895145202e-5,0.2805234670189795,-3.922900093455466e-6,58.96201045290421,-1.0280159859664048e-5,-28.496286148159736]
406.0,[-0.025386239044627477,-7.27438104525622e-5,-0.0008206921185785935,1.4771897156718632e-5,0.28854613793089545,3.922900093455466e-6,58.93231836596628,-3.084047957899214e-5,-29.31143676974846]
407.0,[-0.027306493979529143,-6.581582850469914e-5,-0.0005222586209136504,1.5120403041381163e-5,0.47498702263695125,1.5691600373821864e-5,58.91667839188832,-3.084047957899214e-5,-29.740871220086202]
408.0,[-0.027099814475811362,-0.00012123968408760367,-0.0010818214290354187,1.9999485426656594e-5,0.47250552702472337,2.35374005607328e-5,58.94670663730665,0.0,-28.91652338128326]
409.0,[-0.025193382627211207,-0.00012816766603546674,-0.001324298645888185,1.941336189336052e-5,0.28094169661654605,2.7460300654188264e-5,58.96043177007475,-1.0280159859664048e-5,-28.539657956734995]
410.0,[-0.025182970432334743,-0.0001402916344442271,-0.0012683423650760083,1.9706423660008555e-5,0.280545479103062,3.922900093455466e-6,58.96191178522737,-1.0280159859664048e-5,-28.499152404209372]
411.0,[-0.025182790911733425,-0.00013509564798332981,-0.0013056465522841261,1.9674741306857416e-5,0.28053814174170116,-3.922900093455466e-6,58.96193473119873,-2.0560319719328096e-5,-28.49849096050561]
412.0,[-0.025182149766728716,-0.00013509564798332981,-0.0013056465522841261,1.966682071856963e-5,0.2805131947130744,0.0,58.96200242181423,2.0560319719328096e-5,-28.49663261867123]
413.0,[-0.02518225234992947,-0.00013336365249636405,-0.001342950739492244,1.9674741306857416e-5,0.28051612965761874,3.922900093455466e-6,58.96200701100851,-4.112063943865619e-5,-28.496601121352004]
414.0,[-0.025182201058329093,-0.0001298996615224325,-0.001324298645888185,1.9706423660008555e-5,0.28051612965761874,-3.922900093455466e-6,58.96200815830708,0.0,-28.49634914279819]
415.0,[-0.025182303641529846,-0.00012816766603546674,-0.0013802549267003619,1.966682071856963e-5,0.2805205320744352,1.17687002803664e-5,58.96201274750135,1.0280159859664048e-5,-28.49653812671355]
416.0,[-0.025182329287330035,-0.00013682764347029556,-0.0013616028330963028,1.9682661895145202e-5,0.28051612965761874,-1.17687002803664e-5,58.96201045290421,0.0,-28.496380640117415]
417.0,[-0.02494926025521846,-0.0002182314313576866,-0.002219599138883014,2.4577585456996202e-5,0.2725697673038553,0.0,58.99142948278297,0.0,-27.688600391227755]
418.0,[-0.024947772798807537,-0.00022169542233161813,-0.002275555419695191,2.4585506045283987e-5,0.2725037310516079,1.5691600373821864e-5,58.991684183065054,3.084047957899214e-5,-27.681765472955544]
419.0,[-0.02517083996884566,-0.00013509564798332981,-0.0014175591139084797,1.995988248521767e-5,0.2800758879759698,0.0,58.96364650066207,1.0280159859664048e-5,-28.45143396558082]
420.0,[-0.02517194273825376,-0.0001402916344442271,-0.0013616028330963028,1.9880676602339822e-5,0.2801389892836728,3.922900093455466e-6,58.96341933554562,-3.084047957899214e-5,-28.457922413341535]
421.0,[-0.025181739433925703,-0.00013509564798332981,-0.001324298645888185,1.9698503071720773e-5,0.28048824768444763,1.17687002803664e-5,58.96210453138678,-2.0560319719328096e-5,-28.493892351898502]
422.0,[-0.025181739433925703,-0.00013163165700939828,-0.001286994458680067,1.9674741306857416e-5,0.2804970525180806,0.0,58.96207699622115,1.0280159859664048e-5,-28.49449080096381]
423.0,[-0.024949132026217517,-0.00022169542233161813,-0.002256903326091132,2.4585506045283987e-5,0.27257123477612744,0.0,58.991435219275814,5.140079929832024e-5,-27.688411407312394]
424.0,[-0.024947798444607726,-0.00021996342684465236,-0.0022009470452789555,2.462510898672291e-5,0.2725037310516079,0.0,58.991686477662185,-1.0280159859664048e-5,-27.68173397563632]
425.0,[-0.02537649364055591,-7.27438104525622e-5,-0.0007833879313704756,1.5009514805352176e-5,0.28810149383243006,0.0,58.93396818130696,-4.112063943865619e-5,-29.26623811665805]
426.0,[-0.027297081970860025,-5.5423855582904534e-5,-0.0006155190889339451,1.5405544219741414e-5,0.48300822607659505,-7.845800186910932e-6,58.91942158276423,-5.140079929832024e-5,-29.665529632495776]
427.0,[-0.0270990707476059,-0.00011604369762670638,-0.0011750818970557135,1.9991564838368808e-5,0.4794378660384221,-1.5691600373821864e-5,58.94787917644307,2.0560319719328096e-5,-28.884490607629637]
428.0,[-0.025192921002807817,-0.0001247036750615352,-0.001342950739492244,1.9437123658223872e-5,0.2809270218938244,3.922900093455466e-6,58.9605155228702,-3.084047957899214e-5,-28.537453144389122]
429.0,[-0.025182919140734367,-0.0001298996615224325,-0.0012496902714719492,1.966682071856963e-5,0.28054254415851765,3.922900093455466e-6,58.96191637442164,-2.0560319719328096e-5,-28.498837431017105]
430.0,[-0.025386572440029925,-7.101181496559643e-5,-0.0007087795569542399,1.4748135391855278e-5,0.28856815001497793,7.845800186910932e-6,58.93224952805221,0.0,-29.313358106221294]
431.0,[-0.027306750437531026,-5.8887846556836066e-5,-0.0006155190889339451,1.5144164806244517e-5,0.4746348292916321,0.0,58.91662791075133,1.0280159859664048e-5,-29.742383091409085]
432.0,[-0.02685115279718528,-0.0002026434719749947,-0.001995774015634307,2.5076582519126643e-5,0.4712112164806755,7.845800186910932e-6,58.97835257370575,-2.0560319719328096e-5,-28.047764322370575]
433.0,[-0.025192202920402543,-0.00013163165700939828,-0.0013056465522841261,1.9445044246511658e-5,0.2808668555306657,-1.17687002803664e-5,58.960714005522455,3.084047957899214e-5,-28.531783626928302]
434.0,[-0.025378109325967773,-7.620780142649374e-5,-0.0008206921185785935,1.4930308922474328e-5,0.28820421689148146,3.922900093455466e-6,58.93361596064661,-4.112063943865619e-5,-29.276128274895257]
435.0,[-0.027088248219926423,-0.00012816766603546674,-0.0011564298034516544,2.021334131042678e-5,0.48004539955909764,-1.5691600373821864e-5,58.949502603916685,6.168095915798428e-5,-28.839890403604535]
436.0,[-0.025192818419607063,-0.0001298996615224325,-0.0012310381778678902,1.9452964834799443e-5,0.2809196845324636,3.922900093455466e-6,58.960531585050155,3.084047957899214e-5,-28.536980684600717]
437.0,[-0.025386315982028042,-7.79397969134595e-5,-0.0007647358377664167,1.4756055980143063e-5,0.2885564102368006,3.922900093455466e-6,58.93229656729349,0.0,-29.312066716132996]
438.0,[-0.027307263353534793,-5.1959864608973e-5,-0.0006528232761420631,1.5136244217956732e-5,0.47485201518791226,1.17687002803664e-5,58.91659004989859,-3.084047957899214e-5,-29.743454000262798]
439.0,[-0.027099814475811362,-0.00011257970665277484,-0.001286994458680067,1.9991564838368808e-5,0.4721650734575815,-7.845800186910932e-6,58.94666303996107,2.0560319719328096e-5,-28.91778327405233]
440.0,[-0.025193613439412902,-0.00014202362993119287,-0.001324298645888185,1.941336189336052e-5,0.2809475665056347,-1.5691600373821864e-5,58.9604260335819,-3.084047957899214e-5,-28.539752448692674]
441.0,[-0.024949952691823544,-0.0002234274178185839,-0.0021822949516748964,2.4553823692132846e-5,0.2725976492770264,0.0,58.99133310970327,-1.0280159859664048e-5,-27.69137215531971]
442.0,[-0.025181534267524196,-0.00013163165700939828,-0.0013989070203044207,1.971434424829634e-5,0.28046623560036515,0.0,58.96219402067508,0.0,-28.491561550275723]
443.0,[-0.025377416889362688,-7.447580593952797e-5,-0.0008766483993907704,1.4977832452201036e-5,0.2881689975569495,3.922900093455466e-6,58.933700860740636,1.0280159859664048e-5,-29.273513997399434]
444.0,[-0.026837227127683015,-0.00020610746294892623,-0.0019025135476140123,2.5330041344335758e-5,0.4792382898094079,-3.9229000934554666e-5,58.98127933235253,-5.140079929832024e-5,-27.967414661023096]
445.0,[-0.024699572744584845,-0.00032041916508866687,-0.0032641163807103153,2.9195288428774734e-5,0.2650108176299429,-1.9614500467277333e-5,59.01937652859908,3.084047957899214e-5,-26.921420186821393]
446.0,[-0.024934898607112992,-0.00022169542233161813,-0.002331511700507368,2.490232957679538e-5,0.27207669662040845,-7.845800186910932e-6,58.99327204428306,0.0,-27.638110188507245]
447.0,[-0.02516101762737353,-0.00013855963895726133,-0.0014362112075125386,2.0189579545563428e-5,0.2797192922138341,0.0,58.96496130482092,5.140079929832024e-5,-28.415086059193133]
448.0,[-0.02517130159324905,-0.0001402916344442271,-0.0014175591139084797,1.991235895549096e-5,0.2801155097273182,7.845800186910932e-6,58.96350079374395,1.0280159859664048e-5,-28.455497119761073]
449.0,[-0.025181200872121747,-0.0001298996615224325,-0.001324298645888185,1.9706423660008555e-5,0.28047210548945384,-1.5691600373821864e-5,58.96216189631518,2.0560319719328096e-5,-28.49225449129871]
450.0,[-0.025181662496525137,-0.00013855963895726133,-0.0013056465522841261,1.9706423660008555e-5,0.28049851999035275,7.845800186910932e-6,58.96208273271399,-4.112063943865619e-5,-28.494585292921492]
451.0,[-0.025182329287330035,-0.00013509564798332981,-0.0013616028330963028,1.9698503071720773e-5,0.2805131947130744,3.922900093455466e-6,58.96202307318846,-2.0560319719328096e-5,-28.49622315352128]
452.0,[-0.025182277995729658,-0.00013336365249636405,-0.0014362112075125386,1.9682661895145202e-5,0.2805205320744352,-3.922900093455466e-6,58.96201733669562,0.0,-28.49625465084051]
453.0,[-0.02518222670412928,-0.0001298996615224325,-0.001286994458680067,1.9690582483432987e-5,0.280519064602163,0.0,58.96201160020278,3.084047957899214e-5,-28.496380640117415]
454.0,[-0.02538621339882729,-6.408383301773337e-5,-0.0007087795569542399,1.4732294215279708e-5,0.2885549427645284,0.0,58.93232180786199,1.0280159859664048e-5,-29.311405272429237]
455.0,[-0.027306724791730838,-6.408383301773337e-5,-0.0005409107145177093,1.5152085394532303e-5,0.47497675033104614,7.845800186910932e-6,58.91667380269404,4.112063943865619e-5,-29.74118619327847]
456.0,[-0.027317085695006925,-6.408383301773337e-5,-0.0005968669953298862,1.4859023627884266e-5,0.47377195559560015,-2.7460300654188264e-5,58.91477846545983,2.0560319719328096e-5,-29.793156770002636]
457.0,[-0.02731729086140843,-6.23518375307676e-5,-0.0005036065273095915,1.4954070687337683e-5,0.46597967783041383,-1.9614500467277333e-5,58.91356921276924,1.0280159859664048e-5,-29.82632344714842]
458.0,[-0.026851999108591495,-0.00019917948100106318,-0.001995774015634307,2.505282075426329e-5,0.4632986059891718,1.17687002803664e-5,58.9770308857555,1.0280159859664048e-5,-28.08417522339672]
459.0,[-0.024961211198106223,-0.00022169542233161813,-0.0021449907644667783,2.4371650161513797e-5,0.2729439727332569,-1.5691600373821864e-5,58.99005616639717,0.0,-27.726460168938328]
460.0,[-0.025171583697051123,-0.0001454876209051244,-0.0013616028330963028,1.9920279543778746e-5,0.2801096398382295,-1.5691600373821864e-5,58.96353635999955,0.0,-28.454300221630454]
461.0,[-0.024938206915337286,-0.00023208739525341275,-0.0022942075132992503,2.4775600164190822e-5,0.2722146390139918,-1.17687002803664e-5,58.99273740315041,0.0,-27.652661949990012]
462.0,[-0.024947080362202452,-0.0002182314313576866,-0.0022942075132992503,2.462510898672291e-5,0.27247438160616466,-7.845800186910932e-6,58.99176793586051,0.0,-27.679592157928898]
463.0,[-0.02517042963604265,-0.00013682764347029556,-0.0013056465522841261,1.9983644250081023e-5,0.28005681083643164,3.922900093455466e-6,58.963702718291906,0.0,-28.449764607661802]
464.0,[-0.02517194273825376,-0.00012297167957456943,-0.0014175591139084797,1.9904438367203175e-5,0.28014045675594496,-3.922900093455466e-6,58.963414746351354,-1.0280159859664048e-5,-28.4577649267454]
465.0,[-0.024948465235412623,-0.00021996342684465236,-0.002238251232487073,2.462510898672291e-5,0.27255069016431716,-3.922900093455466e-6,58.991525855862676,-3.084047957899214e-5,-27.686238092285745]
466.0,[-0.02494713165380283,-0.00022169542233161813,-0.0021822949516748964,2.460926781014734e-5,0.2724890563288863,0.0,58.99174384259059,-1.0280159859664048e-5,-27.679875633801938]
467.0,[-0.025170788677245284,-0.00014202362993119287,-0.0014735153947206564,1.9991564838368808e-5,0.2800788229205141,0.0,58.96365108985635,2.0560319719328096e-5,-28.451370970942367]
468.0,[-0.025171814509252818,-0.0001454876209051244,-0.0013616028330963028,1.992820013206653e-5,0.2801345868668563,3.922900093455466e-6,58.96341130445565,0.0,-28.457827921383853]
469.0,[-0.025181662496525137,-0.0001298996615224325,-0.0013616028330963028,1.9682661895145202e-5,0.28049998746262494,-3.922900093455466e-6,58.96209650029681,2.0560319719328096e-5,-28.49401834117541]
470.0,[-0.025181816371326268,-0.00013855963895726133,-0.0014175591139084797,1.9690582483432987e-5,0.28050292240716923,-3.922900093455466e-6,58.96207814351972,0.0,-28.494364811686903]
471.0,[-0.025182277995729658,-0.00013163165700939828,-0.0013989070203044207,1.9690582483432987e-5,0.28051612965761874,-3.922900093455466e-6,58.96201389479992,-2.0560319719328096e-5,-28.49622315352128]
472.0,[-0.02518222670412928,-0.00013855963895726133,-0.0014548633011165976,1.9674741306857416e-5,0.28052640196352385,1.17687002803664e-5,58.96201274750135,-1.0280159859664048e-5,-28.49622315352128]
473.0,[-0.02538621339882729,-7.447580593952797e-5,-0.0007460837441623577,1.4732294215279708e-5,0.2885373330972625,-7.845800186910932e-6,58.93232524975769,3.084047957899214e-5,-29.31143676974846]
474.0,[-0.027306904312332157,-5.71558510698703e-5,-0.0006155190889339451,1.5167926571107872e-5,0.47498702263695125,3.922900093455466e-6,58.91667609729118,2.0560319719328096e-5,-29.740839722766975]
475.0,[-0.027099814475811362,-0.00011257970665277484,-0.0011377777098475956,2.0023247191519947e-5,0.47250992944153986,3.922900093455466e-6,58.94671007920235,-5.140079929832024e-5,-28.91652338128326]
476.0,[-0.025193613439412902,-0.0001298996615224325,-0.001324298645888185,1.9405441305072734e-5,0.28094169661654605,0.0,58.96043291737331,0.0,-28.53981544333113]
477.0,[-0.02518302172393512,-0.00013336365249636405,-0.001324298645888185,1.965890013028185e-5,0.2805410766862455,1.17687002803664e-5,58.96191522712307,4.112063943865619e-5,-28.499152404209372]
478.0,[-0.025386777606431432,-7.620780142649374e-5,-0.000671475369746122,1.4716453038704139e-5,0.28856374759816145,7.845800186910932e-6,58.9322460861565,1.0280159859664048e-5,-29.31361008477511]
479.0,[-0.027306776083331215,-5.1959864608973e-5,-0.00048495443370553254,1.5207529512546796e-5,0.47461575215209395,-3.922900093455466e-6,58.916618732362785,-4.112063943865619e-5,-29.7426350699629]
480.0,[-0.02709971189261061,-0.0001195076886006379,-0.0011377777098475956,1.9999485426656594e-5,0.47247764505155226,1.5691600373821864e-5,58.94670090081381,4.112063943865619e-5,-28.916680867879393]
481.0,[-0.025193587793612714,-0.00013509564798332981,-0.001342950739492244,1.941336189336052e-5,0.2809431640888182,0.0,58.96042832817904,3.084047957899214e-5,-28.53987843796958]
482.0,[-0.025182970432334743,-0.00013509564798332981,-0.0013802549267003619,1.9706423660008555e-5,0.280545479103062,-3.922900093455466e-6,58.96191752172021,-4.112063943865619e-5,-28.4991839015286]
483.0,[-0.02518286784913399,-0.0001402916344442271,-0.001324298645888185,1.9698503071720773e-5,0.2805293369080682,-3.922900093455466e-6,58.96193587849729,1.0280159859664048e-5,-28.498522457824837]
484.0,[-0.025182303641529846,-0.00013163165700939828,-0.0014362112075125386,1.9674741306857416e-5,0.28052199954670737,3.922900093455466e-6,58.96200701100851,-1.0280159859664048e-5,-28.496569624032777]
485.0,[-0.025182175412528904,-0.00014375562541815864,-0.0013802549267003619,1.9650979541994063e-5,0.280519064602163,-3.922900093455466e-6,58.96200930560564,0.0,-28.496380640117415]
486.0,[-0.025182175412528904,-0.00013336365249636405,-0.0013802549267003619,1.9706423660008555e-5,0.2805205320744352,7.845800186910932e-6,58.96201274750135,0.0,-28.49644363475587]
487.0,[-0.02518225234992947,-0.00013163165700939828,-0.001342950739492244,1.9690582483432987e-5,0.2805131947130744,1.9614500467277333e-5,58.96201045290421,-3.084047957899214e-5,-28.49644363475587]
488.0,[-0.025182277995729658,-0.00013336365249636405,-0.001342950739492244,1.9674741306857416e-5,0.28052199954670737,7.845800186910932e-6,58.96201045290421,-4.112063943865619e-5,-28.496475132075098]
489.0,[-0.02518222670412928,-0.00013682764347029556,-0.001324298645888185,1.9738106013159697e-5,0.28051612965761874,3.922900093455466e-6,58.96201274750135,1.0280159859664048e-5,-28.496412137436643]
490.0,[-0.02518238057893041,-0.0001402916344442271,-0.0014175591139084797,1.966682071856963e-5,0.280519064602163,0.0,58.96201389479992,-2.0560319719328096e-5,-28.49634914279819]
491.0,[-0.025182303641529846,-0.00013509564798332981,-0.0012683423650760083,1.965890013028185e-5,0.280519064602163,1.5691600373821864e-5,58.96201045290421,-1.0280159859664048e-5,-28.49625465084051]
492.0,[-0.02518209847512834,-0.00013163165700939828,-0.001342950739492244,1.9690582483432987e-5,0.28051466218534654,-3.922900093455466e-6,58.962015042098486,1.0280159859664048e-5,-28.496191656202054]
493.0,[-0.025182329287330035,-0.00012816766603546674,-0.001342950739492244,1.9682661895145202e-5,0.2805234670189795,-3.922900093455466e-6,58.96200930560564,-3.084047957899214e-5,-28.496380640117415]
494.0,[-0.025182329287330035,-0.00013163165700939828,-0.0014362112075125386,1.9706423660008555e-5,0.2805175971298909,-7.845800186910932e-6,58.96200930560564,3.084047957899214e-5,-28.49622315352128]
495.0,[-0.025182329287330035,-0.00013855963895726133,-0.0013989070203044207,1.9690582483432987e-5,0.2805131947130744,-3.922900093455466e-6,58.96200701100851,1.0280159859664048e-5,-28.496380640117415]
496.0,[-0.02518225234992947,-0.00012123968408760367,-0.0013616028330963028,1.9650979541994063e-5,0.28053080438034034,0.0,58.96200701100851,-4.112063943865619e-5,-28.49625465084051]
497.0,[-0.025182303641529846,-0.00014202362993119287,-0.0013616028330963028,1.965890013028185e-5,0.28052199954670737,3.922900093455466e-6,58.96200930560564,2.0560319719328096e-5,-28.496412137436643]
498.0,[-0.02518222670412928,-0.0001298996615224325,-0.0014362112075125386,1.9698503071720773e-5,0.2805175971298909,3.922900093455466e-6,58.962015042098486,1.0280159859664048e-5,-28.496475132075098]
499.0,[-0.02518222670412928,-0.00013682764347029556,-0.0013616028330963028,1.9682661895145202e-5,0.2805205320744352,-1.17687002803664e-5,58.96201389479992,1.0280159859664048e-5,-28.49625465084051]
500.0,[-0.025182303641529846,-0.0001454876209051244,-0.001286994458680067,1.965890013028185e-5,0.2805205320744352,0.0,58.962016189397055,0.0,-28.49634914279819]
501.0,[-0.025182354933130223,-0.00013682764347029556,-0.001342950739492244,1.965890013028185e-5,0.28051466218534654,-1.17687002803664e-5,58.96201160020278,0.0,-28.496380640117415]
502.0,[-0.025386264690427665,-7.620780142649374e-5,-0.0006528232761420631,1.4724373626991923e-5,0.28854173551407897,0.0,58.93232066056342,-4.112063943865619e-5,-29.311342277790782]
503.0,[-0.02730669914593065,-5.71558510698703e-5,-0.0005409107145177093,1.519960892425901e-5,0.4749855551646791,-3.922900093455466e-6,58.91667265539548,-9.252143873697643e-5,-29.740934214724657]
504.0,[-0.027099814475811362,-0.0001195076886006379,-0.0010818214290354187,2.0031167779807732e-5,0.4725069944969955,-7.845800186910932e-6,58.94671811029232,-2.0560319719328096e-5,-28.91623990541022]
505.0,[-0.025193613439412902,-0.00012816766603546674,-0.001286994458680067,1.941336189336052e-5,0.28094463156109034,-7.845800186910932e-6,58.96043521197045,-3.084047957899214e-5,-28.53968945405422]
506.0,[-0.025183098661335685,-0.00013855963895726133,-0.001342950739492244,1.9690582483432987e-5,0.28054694657533413,0.0,58.961909490630234,-3.084047957899214e-5,-28.49924689616705]
507.0,[-0.025182816557533613,-0.0001402916344442271,-0.0013616028330963028,1.9674741306857416e-5,0.2805410766862455,0.0,58.961939320393,0.0,-28.498333473909476]
508.0,[-0.02518222670412928,-0.00013163165700939828,-0.001286994458680067,1.9682661895145202e-5,0.2805175971298909,-1.17687002803664e-5,58.96201274750135,1.0280159859664048e-5,-28.49666411599046]
509.0,[-0.02518222670412928,-0.00013163165700939828,-0.001324298645888185,1.9682661895145202e-5,0.28051466218534654,-3.922900093455466e-6,58.96200471641137,0.0,-28.496412137436643]
510.0,[-0.02518238057893041,-0.00013682764347029556,-0.0013616028330963028,1.9682661895145202e-5,0.2805249344912517,7.845800186910932e-6,58.96201389479992,1.0280159859664048e-5,-28.496412137436643]
511.0,[-0.025182201058329093,-0.00013336365249636405,-0.0013989070203044207,1.9690582483432987e-5,0.28051466218534654,7.845800186910932e-6,58.96200815830708,1.0280159859664048e-5,-28.496475132075098]
512.0,[-0.025182329287330035,-0.00013163165700939828,-0.0013616028330963028,1.9698503071720773e-5,0.2805175971298909,2.35374005607328e-5,58.96201389479992,1.0280159859664048e-5,-28.49625465084051]
513.0,[-0.025182201058329093,-0.00013336365249636405,-0.001286994458680067,1.9722264836584126e-5,0.28051172724080226,-3.922900093455466e-6,58.96200586370994,1.0280159859664048e-5,-28.496412137436643]
514.0,[-0.025182277995729658,-0.00013336365249636405,-0.0013802549267003619,1.9650979541994063e-5,0.2805014549348971,-7.845800186910932e-6,58.96200930560564,8.224127887731238e-5,-28.49616015888283]
515.0,[-0.025182483162131165,-0.000155879593826919,-0.0014735153947206564,1.9706423660008555e-5,0.28051466218534654,7.845800186910932e-6,58.96200586370994,-9.252143873697643e-5,-28.496317645478964]
516.0,[-0.025182329287330035,-0.00012123968408760367,-0.001342950739492244,1.965890013028185e-5,0.2805249344912517,7.845800186910932e-6,58.96201389479992,-3.084047957899214e-5,-28.496286148159736]
517.0,[-0.025182354933130223,-0.00015068360736602171,-0.0014548633011165976,1.9674741306857416e-5,0.2805175971298909,3.138320074764373e-5,58.96200471641137,8.224127887731238e-5,-28.496097164244375]
518.0,[-0.02518207282932815,-0.00011604369762670638,-0.0013616028330963028,1.973018542487191e-5,0.28052199954670737,-7.845800186910932e-6,58.96200930560564,-6.168095915798428e-5,-28.49634914279819]
519.0,[-0.02518225234992947,-0.0001247036750615352,-0.0012310381778678902,1.9643058953706278e-5,0.280519064602163,-1.17687002803664e-5,58.96201733669562,-2.0560319719328096e-5,-28.496569624032777]
520.0,[-0.02518238057893041,-0.00012816766603546674,-0.001286994458680067,1.9619297188842925e-5,0.280519064602163,-1.5691600373821864e-5,58.96201389479992,-8.224127887731238e-5,-28.49625465084051]
521.0,[-0.025182277995729658,-0.00013509564798332981,-0.001324298645888185,1.971434424829634e-5,0.280519064602163,1.9614500467277333e-5,58.96201160020278,9.252143873697643e-5,-28.496286148159736]
522.0,[-0.02518209847512834,-0.00012816766603546674,-0.001342950739492244,1.9674741306857416e-5,0.28051466218534654,7.845800186910932e-6,58.96200586370994,8.224127887731238e-5,-28.496475132075098]
523.0,[-0.0251824062247306,-0.00013855963895726133,-0.0012683423650760083,1.9650979541994063e-5,0.2805205320744352,-1.17687002803664e-5,58.96201389479992,4.112063943865619e-5,-28.49653812671355]
524.0,[-0.0251824062247306,-0.0001195076886006379,-0.0015108195819287745,1.9650979541994063e-5,0.2805131947130744,-2.35374005607328e-5,58.962018483994186,-2.0560319719328096e-5,-28.49634914279819]
525.0,[-0.025182201058329093,-0.00013509564798332981,-0.0015108195819287745,1.9738106013159697e-5,0.2805131947130744,3.922900093455466e-6,58.96201045290421,3.084047957899214e-5,-28.496475132075098]
526.0,[-0.02518222670412928,-0.00014895161187905594,-0.0014548633011165976,1.9682661895145202e-5,0.28051172724080226,7.845800186910932e-6,58.96201389479992,8.224127887731238e-5,-28.49634914279819]
527.0,[-0.025386110815626535,-6.754782399166491e-5,-0.0006901274633501809,1.4748135391855278e-5,0.28854760540316765,-7.845800186910932e-6,58.93232754435483,2.0560319719328096e-5,-29.311594256344595]
528.0,[-0.02708765836652209,-0.00010218773373098023,-0.0012683423650760083,2.0332150134743553e-5,0.4737147241769858,-1.5691600373821864e-5,58.94859738534659,-2.0560319719328096e-5,-28.864741788474454]
529.0,[-0.02496172411410999,-0.00021996342684465236,-0.002238251232487073,2.4268682513772596e-5,0.2729894643736939,1.17687002803664e-5,58.98990357568763,2.0560319719328096e-5,-27.730775301672395]
530.0,[-0.025181046997320617,-0.00014375562541815864,-0.0013616028330963028,1.9650979541994063e-5,0.2804412885717384,-3.922900093455466e-6,58.962246796409204,9.252143873697643e-5,-28.489955186995157]
531.0,[-0.025172327425256585,-0.00013163165700939828,-0.0013802549267003619,1.9904438367203175e-5,0.2801580664232109,-3.922900093455466e-6,58.96331837327165,0.00010280159859664048,-28.46069417743349]
532.0,[-0.024949157672017705,-0.00021996342684465236,-0.0021449907644667783,2.4553823692132846e-5,0.27256096247022227,3.922900093455466e-6,58.991437513872945,0.00014392223803529668,-27.688222423397033]
533.0,[-0.02494728552860396,-0.00022169542233161813,-0.0024247721685276627,2.4672632516449617e-5,0.27248318643979763,0.0,58.99173695879918,2.0560319719328096e-5,-27.680127612355754]
534.0,[-0.025170891260446037,-0.0001247036750615352,-0.0014735153947206564,1.992820013206653e-5,0.2800758879759698,-1.17687002803664e-5,58.96364420606494,-1.0280159859664048e-5,-28.451717441453862]
535.0,[-0.025171583697051123,-0.00012816766603546674,-0.001286994458680067,1.995988248521767e-5,0.280131651922312,-2.35374005607328e-5,58.963413599052785,4.112063943865619e-5,-28.457922413341535]
536.0,[-0.025181688142325326,-0.00012816766603546674,-0.0011937339906597723,1.9682661895145202e-5,0.28048678021217543,1.5691600373821864e-5,58.96209535299824,-4.112063943865619e-5,-28.493860854579275]
537.0,[-0.02518148297592382,-0.0001298996615224325,-0.0012683423650760083,1.9635138365418492e-5,0.2805014549348971,-2.7460300654188264e-5,58.96208043811686,-4.112063943865619e-5,-28.494585292921492]
538.0,[-0.02518209847512834,-0.00014202362993119287,-0.0014735153947206564,1.9690582483432987e-5,0.28051172724080226,1.9614500467277333e-5,58.96202192588989,-2.0560319719328096e-5,-28.49616015888283]
539.0,[-0.02518238057893041,-0.00015241560285298748,-0.0014362112075125386,1.971434424829634e-5,0.2805337393248847,1.9614500467277333e-5,58.962015042098486,-1.0280159859664048e-5,-28.49616015888283]
540.0,[-0.025182329287330035,-0.0001195076886006379,-0.0014175591139084797,1.9722264836584126e-5,0.28052199954670737,-1.17687002803664e-5,58.96201045290421,-4.112063943865619e-5,-28.49622315352128]
541.0,[-0.025386444211028984,-7.620780142649374e-5,-0.0008206921185785935,1.4724373626991923e-5,0.2885402680418068,7.845800186910932e-6,58.932306892980606,1.0280159859664048e-5,-29.311279283152327]
542.0,[-0.027306493979529143,-5.022786912200723e-5,-0.0005782149017258272,1.5120403041381163e-5,0.47499142505376774,-3.922900093455466e-6,58.91667724458975,-3.084047957899214e-5,-29.741343679874603]
543.0,[-0.02709955801780948,-0.00010565172470491177,-0.0010445172418273008,1.9999485426656594e-5,0.4724908523020017,2.35374005607328e-5,58.946711226500916,8.224127887731238e-5,-28.916680867879393]
544.0,[-0.025193382627211207,-0.00012123968408760367,-0.001286994458680067,1.9405441305072734e-5,0.2809387616720017,2.35374005607328e-5,58.96043521197045,-1.0280159859664048e-5,-28.53987843796958]
545.0,[-0.025182816557533613,-0.00013163165700939828,-0.0013616028330963028,1.9650979541994063e-5,0.280545479103062,2.7460300654188264e-5,58.96191178522737,-2.0560319719328096e-5,-28.499152404209372]
546.0,[-0.025182816557533613,-0.0001402916344442271,-0.0013616028330963028,1.9603456012267354e-5,0.280545479103062,3.922900093455466e-6,58.961928994705886,6.168095915798428e-5,-28.498238981951797]
547.0,[-0.025182277995729658,-0.00014202362993119287,-0.0013616028330963028,1.966682071856963e-5,0.28052786943579605,2.35374005607328e-5,58.96201160020278,-0.00010280159859664048,-28.49663261867123]
548.0,[-0.025182277995729658,-0.00013682764347029556,-0.0013056465522841261,1.977770895459862e-5,0.280519064602163,3.138320074764373e-5,58.96201733669562,-1.0280159859664048e-5,-28.49625465084051]
549.0,[-0.025182329287330035,-0.00014202362993119287,-0.001286994458680067,1.9706423660008555e-5,0.28051612965761874,-7.845800186910932e-6,58.96200930560564,0.0,-28.496317645478964]
550.0,[-0.02518238057893041,-0.0001454876209051244,-0.001342950739492244,1.9698503071720773e-5,0.28052786943579605,7.845800186910932e-6,58.962015042098486,-8.224127887731238e-5,-28.496317645478964]
551.0,[-0.025182277995729658,-0.00012816766603546674,-0.0013616028330963028,1.9706423660008555e-5,0.2805073248239857,-7.845800186910932e-6,58.96202651508416,-4.112063943865619e-5,-28.496191656202054]
552.0,[-0.025182124120928528,-0.0001298996615224325,-0.001342950739492244,1.9690582483432987e-5,0.2805352067971568,-1.9614500467277333e-5,58.96200701100851,0.0,-28.496317645478964]
553.0,[-0.025182149766728716,-0.00013163165700939828,-0.0013056465522841261,1.9627217777130707e-5,0.2805073248239857,-1.17687002803664e-5,58.962019631292755,-2.0560319719328096e-5,-28.496317645478964]
554.0,[-0.025182277995729658,-0.0001195076886006379,-0.0014548633011165976,1.966682071856963e-5,0.28051612965761874,-1.17687002803664e-5,58.96200930560564,2.0560319719328096e-5,-28.496569624032777]
555.0,[-0.02518238057893041,-0.00012643567054850097,-0.001342950739492244,1.9682661895145202e-5,0.28051612965761874,-1.5691600373821864e-5,58.962016189397055,-4.112063943865619e-5,-28.496380640117415]
556.0,[-0.025182124120928528,-0.00013509564798332981,-0.0013802549267003619,1.974602660144748e-5,0.28051172724080226,-1.17687002803664e-5,58.96200586370994,-0.00012336191831596857,-28.496412137436643]
557.0,[-0.025182457516330976,-0.0001298996615224325,-0.0013989070203044207,1.9650979541994063e-5,0.28053080438034034,3.922900093455466e-6,58.96201160020278,-3.084047957899214e-5,-28.49653812671355]
558.0,[-0.02518209847512834,-0.00015068360736602171,-0.0014362112075125386,1.965890013028185e-5,0.28050438987944143,1.17687002803664e-5,58.96202192588989,1.0280159859664048e-5,-28.496758607948138]
559.0,[-0.025182354933130223,-0.00013336365249636405,-0.001286994458680067,1.9698503071720773e-5,0.2805293369080682,-3.922900093455466e-6,58.962015042098486,-4.112063943865619e-5,-28.496380640117415]
560.0,[-0.024949157672017705,-0.00020437546746196046,-0.002219599138883014,2.4545903103845063e-5,0.27257710466521606,-3.922900093455466e-6,58.99142948278297,3.084047957899214e-5,-27.68882087246234]
561.0,[-0.024947849736208103,-0.00020437546746196046,-0.002368815887715486,2.4648870751586264e-5,0.2725096009406966,0.0,58.991681888467916,0.0,-27.681450499763276]
562.0,[-0.02517071173984472,-0.00014375562541815864,-0.0015294716755328334,1.9920279543778746e-5,0.2800758879759698,0.0,58.963638469572096,-3.084047957899214e-5,-28.451465462900046]
563.0,[-0.02517209661305489,-0.00012816766603546674,-0.0013056465522841261,1.991235895549096e-5,0.2801301844500398,1.17687002803664e-5,58.96341130445565,6.168095915798428e-5,-28.457733429426174]
564.0,[-0.025385597899622768,-7.447580593952797e-5,-0.0006528232761420631,1.470061186212857e-5,0.2885211909022687,-4.70748011214656e-5,58.932399824164605,-7.196111901764834e-5,-29.308979978848775]
565.0,[-0.027306417042128578,-5.369186009593877e-5,-0.0007647358377664167,1.5350100101726923e-5,0.47544927640268264,2.7460300654188264e-5,58.9168149204179,-0.00010280159859664048,-29.73699704982131]
566.0,[-0.02709953237200929,-0.0001247036750615352,-0.0009699088674110651,2.000740601494438e-5,0.47281956609096626,-2.35374005607328e-5,58.94676400223504,-4.112063943865619e-5,-28.91526348851419]
567.0,[-0.02519333133561083,-0.00010738372019187754,-0.0012123860842638313,1.9476726599662796e-5,0.28094169661654605,1.9614500467277333e-5,58.96043980116472,-4.112063943865619e-5,-28.539279988904273]
568.0,[-0.025183073015535497,-0.00015068360736602171,-0.0011937339906597723,1.9682661895145202e-5,0.2805337393248847,-7.845800186910932e-6,58.961906048734534,-0.00010280159859664048,-28.499215398847827]
569.0,[-0.02518302172393512,-0.00013336365249636405,-0.0014362112075125386,1.966682071856963e-5,0.2805352067971568,3.5306100841099194e-5,58.961931289303024,-3.084047957899214e-5,-28.49827047927102]
570.0,[-0.025182201058329093,-0.00014202362993119287,-0.001286994458680067,1.9619297188842925e-5,0.2805249344912517,-3.922900093455466e-6,58.96201160020278,4.112063943865619e-5,-28.496475132075098]
571.0,[-0.02518222670412928,-0.0001298996615224325,-0.001286994458680067,1.9706423660008555e-5,0.28051025976853006,0.0,58.9620035691128,1.0280159859664048e-5,-28.496380640117415]
572.0,[-0.025182457516330976,-0.00012123968408760367,-0.0014362112075125386,1.9650979541994063e-5,0.28052199954670737,-2.7460300654188264e-5,58.962016189397055,6.168095915798428e-5,-28.496412137436643]
573.0,[-0.025182201058329093,-0.0001195076886006379,-0.001286994458680067,1.9690582483432987e-5,0.28051172724080226,1.9614500467277333e-5,58.96200471641137,-4.112063943865619e-5,-28.496191656202054]
574.0,[-0.024949003797216575,-0.00020610746294892623,-0.0022009470452789555,2.450630016240614e-5,0.27257857213748826,3.922900093455466e-6,58.99142259899156,-3.084047957899214e-5,-27.68863188854698]
575.0,[-0.02494774715300735,-0.00020957145392285777,-0.0023874679813195446,2.459342663357177e-5,0.27251253588524094,7.845800186910932e-6,58.99168877225932,2.0560319719328096e-5,-27.68201745150936]
576.0,[-0.02517068609404453,-0.00013509564798332981,-0.001324298645888185,1.9967803073505455e-5,0.2800714855591533,0.0,58.96365223715491,3.084047957899214e-5,-28.45162294949618]
577.0,[-0.02517176321765244,-0.00013682764347029556,-0.0015294716755328334,1.991235895549096e-5,0.28015072906185007,1.5691600373821864e-5,58.963418188247054,-6.168095915798428e-5,-28.4577649267454]
578.0,[-0.025181688142325326,-0.00013855963895726133,-0.0013802549267003619,1.976186777802305e-5,0.2804970525180806,0.0,58.96209650029681,-4.112063943865619e-5,-28.49401834117541]
579.0,[-0.024948696047614315,-0.00021996342684465236,-0.0020890344836546016,2.4514220750693925e-5,0.2725565600534058,1.17687002803664e-5,58.991500615294186,4.112063943865619e-5,-27.68708851990487]
580.0,[-0.02494756763240603,-0.00022515941330554967,-0.002256903326091132,2.450630016240614e-5,0.27249639369024714,2.35374005607328e-5,58.99167959387078,0.0,-27.681419002444052]
581.0,[-0.025170891260446037,-0.00013163165700939828,-0.0013989070203044207,1.9967803073505455e-5,0.2800788229205141,3.922900093455466e-6,58.96364879525921,0.0,-28.45162294949618]
582.0,[-0.025171840155053006,-0.00014721961639209018,-0.001342950739492244,1.9888597190627607e-5,0.2801433917004893,7.845800186910932e-6,58.963412451754216,6.168095915798428e-5,-28.45833187849148]
583.0,[-0.025181585559124572,-0.00014202362993119287,-0.0012310381778678902,1.9769788366310835e-5,0.28049851999035275,7.845800186910932e-6,58.96210108949108,-1.0280159859664048e-5,-28.49398684385618]
584.0,[-0.025181662496525137,-0.00012297167957456943,-0.0015294716755328334,1.9643058953706278e-5,0.28049998746262494,2.35374005607328e-5,58.96208043811686,1.0280159859664048e-5,-28.494364811686903]
585.0,[-0.025182329287330035,-0.00015414759833995323,-0.0014175591139084797,1.966682071856963e-5,0.28051025976853006,3.922900093455466e-6,58.96201160020278,-7.196111901764834e-5,-28.49625465084051]
586.0,[-0.02518207282932815,-0.00014202362993119287,-0.0014362112075125386,1.9643058953706278e-5,0.2805249344912517,-1.5691600373821864e-5,58.96201389479992,-3.084047957899214e-5,-28.49625465084051]
587.0,[-0.02518207282932815,-0.00014202362993119287,-0.0012123860842638313,1.9603456012267354e-5,0.2805293369080682,1.9614500467277333e-5,58.96201160020278,-3.084047957899214e-5,-28.496286148159736]
588.0,[-0.025182201058329093,-0.00012816766603546674,-0.001286994458680067,1.9722264836584126e-5,0.28051612965761874,-1.17687002803664e-5,58.96200815830708,2.0560319719328096e-5,-28.496097164244375]
589.0,[-0.025182201058329093,-0.00011777569311367213,-0.0013616028330963028,1.971434424829634e-5,0.28052199954670737,-1.17687002803664e-5,58.962015042098486,-4.112063943865619e-5,-28.496317645478964]
590.0,[-0.025182303641529846,-0.00013336365249636405,-0.001342950739492244,1.9595535423979568e-5,0.2805234670189795,-1.9614500467277333e-5,58.9620001272171,2.0560319719328096e-5,-28.49644363475587]
591.0,[-0.025182124120928528,-0.00011777569311367213,-0.0015667758627409512,1.961137660055514e-5,0.28052199954670737,1.5691600373821864e-5,58.96200815830708,-5.140079929832024e-5,-28.496380640117415]
592.0,[-0.02518222670412928,-0.00013336365249636405,-0.001286994458680067,1.9635138365418492e-5,0.2805205320744352,-1.5691600373821864e-5,58.96201274750135,8.224127887731238e-5,-28.496506629394325]
593.0,[-0.025386290336227853,-5.8887846556836066e-5,-0.0006901274633501809,1.4684770685552999e-5,0.28854173551407897,1.9614500467277333e-5,58.93231607136915,0.0,-29.311405272429237]
594.0,[-0.027306596562729896,-3.11759187653838e-5,-0.0008020400249745346,1.5183767747683441e-5,0.47499142505376774,-2.35374005607328e-5,58.916686422978295,2.0560319719328096e-5,-29.740587744213162]
595.0,[-0.027099968350612492,-0.00012297167957456943,-0.0011377777098475956,1.99440413086421e-5,0.4725187342751728,1.5691600373821864e-5,58.946712373799485,-3.084047957899214e-5,-28.916397392006353]
596.0,[-0.025193613439412902,-0.00013163165700939828,-0.001342950739492244,1.951632954110172e-5,0.2809372941997295,-3.5306100841099194e-5,58.960438653866156,2.0560319719328096e-5,-28.539657956734995]
597.0,[-0.025182790911733425,-0.00013682764347029556,-0.0013616028330963028,1.965890013028185e-5,0.28055868635351144,7.845800186910932e-6,58.96191293252594,2.0560319719328096e-5,-28.498868928336332]
598.0,[-0.02518289349493418,-0.00012643567054850097,-0.0013989070203044207,1.9619297188842925e-5,0.28054694657533413,-1.17687002803664e-5,58.96193817309443,1.0280159859664048e-5,-28.49877443637865]
599.0,[-0.02518209847512834,-0.0001454876209051244,-0.001286994458680067,1.966682071856963e-5,0.28052786943579605,-3.922900093455466e-6,58.962015042098486,0.0,-28.496380640117415]
