0.0,[0.009660501139781749,0.2416792691898687,0.5239144229562953,-0.0010168832886847667,0.0,0.00022760265921734226,1.7742352964880885,1.8217683927835102,-0.6513210170529458]
1.0,[0.010973963071592152,0.2744798166531836,0.5948265879851533,-0.001155069639935391,0.0,0.0002997341139115704,1.6621445115820612,1.626777126031443,-0.6513210094973472]
2.0,[0.002933556212762293,-2.161122362546545,-5.916584200349462,0.0012913744740217226,0.0,0.00041185710440328616,1.1541649457172087,1.3823219236958932,-1.527962267714741]
3.0,[0.014503484635497443,-0.06577920430572702,-0.12866507859143894,-0.000596492100157775,0.0,0.00043469361903152894,1.3257668078325957,1.2017587026794658,-0.8709396935597892]
4.0,[0.013038610783648133,-0.015555201571260112,0.0004973799150320701,0.00023921984393382442,0.0,0.000464652394616516,1.0808927740957377,0.9525462051016773,-1.1133620345110402]
5.0,[0.015991323228566518,-0.046994349152858675,-0.09888765362120466,-0.00040714667193242343,0.0,0.0005192857199290167,1.0469631682974179,0.7643635258498644,-0.9362292767988317]
6.0,[0.0159595856530359,-0.007255115027267795,-0.010399503480584826,-0.00012753389455610886,0.0,0.0005512670401989751,0.8815067178358234,0.5304751489833419,-1.0101998917688333]
7.0,[0.017359639059577603,-0.03222832371344945,-0.0717705006536562,-0.0003190507413819432,0.0,0.0006030476661103233,0.7820730183108782,0.32553348068687116,-0.9663574298288996]
8.0,[0.017760517797190307,-0.016536697936923396,-0.03659295089164516,-0.00021152573026483876,0.0,0.0006405928921578137,0.6407215879334645,0.09965922082917363,-0.9938111430673155]
9.0,[0.012076469602106954,-0.01334683474851772,-0.03154241312586237,-0.00015928947050269926,0.0,4.0704663202134533e-7,0.5856665397683788,1.0600172708889202e-7,-0.9884814004978076]
10.0,[0.012110916713936604,-0.01661106807659962,-0.04026929900646792,-0.00018370087673247323,0.0,2.2438005085845775e-7,0.5892006843139581,5.843230491105671e-8,-0.9800498761295755]
11.0,[0.012118097932519351,-0.01735097991210447,-0.04206981429888401,-0.00018934542822535147,0.0,-0.0,0.5900294071252139,0.0,-0.9780727001441326]
12.0,[0.011934294737632929,-0.003936406756110954,-0.007226219622680219,-8.085123681667028e-5,0.0,-0.0,0.5743518364627618,0.0,-1.0154749044388396]
13.0,[0.01180705074451301,0.0008517038925977734,0.007888445452408632,-2.2188828552316405e-5,0.0,1.085516527016767e-6,0.5658038812833772,2.8268659557728306e-7,-1.035868270908417]
14.0,[0.01186165832223196,-0.000834650866939531,0.0021614710021822248,-4.5059778130962507e-5,0.0,1.7070756870318539e-6,0.5690762004613255,4.445509601645453e-7,-1.0280616742835833]
15.0,[0.012052150092737671,-0.011373894418890508,-0.027195312668482075,-0.00014329373243526788,0.0,1.4549885891047761e-6,0.5832904078956285,3.789032784127021e-7,-0.9941505465163539]
16.0,[0.0120663230518403,-0.012546763628051847,-0.030182434329617536,-0.00015342891401814995,0.0,3.892190677762733e-7,0.5848163383009832,1.013591322334045e-7,-0.9905097319173216]
17.0,[0.012019124066379542,-0.008955680641520301,-0.020972379388695117,-0.00012526015780167654,0.0,2.8845453745736556e-7,0.5807494192970808,7.511836912952228e-8,-1.0002122026964422]
18.0,[0.01202346311401925,-0.00924652946802477,-0.02171134383388562,-0.00012733494259009603,0.0,5.981016192867913e-7,0.5810342376525601,1.557556300226019e-7,-0.9995328180651849]
19.0,[0.012008636455599722,-0.008225242709158918,-0.019024071207240922,-0.00011895053830812684,0.0,5.72288561787697e-7,0.5798232341619359,1.4903347963221276e-7,-1.002421917173868]
20.0,[0.012009413315657486,-0.00828398090864842,-0.019171864096279023,-0.00011929728316317777,0.0,6.641273232005992e-7,0.5798705670611992,1.7294982375015606e-7,-1.002309027199469]
21.0,[0.012004989002889488,-0.007981289703214618,-0.01836326646298403,-0.00011679617273330221,0.0,6.592789398995863e-7,0.5795091910123715,1.7168722393218393e-7,-1.0031711654701065]
22.0,[0.012005045846308349,-0.007991237301515259,-0.018400214685243554,-0.00011682743661367566,0.0,6.866103644834665e-7,0.5795120249989589,1.7880478241756942e-7,-1.0031644141490421]
23.0,[0.012003605813030541,-0.007905498478066873,-0.018172841009800322,-0.00011608562999754211,0.0,6.860163196296701e-7,0.5794038704359605,1.7865008323689324e-7,-1.0034224398228937]
24.0,[0.01200371002596512,-0.007899814136180792,-0.018150103642256,-0.00011609415651037124,0.0,6.941907959672343e-7,0.5794013268130638,1.8077885311646725e-7,-1.003428511099832]
25.0,[0.012003264752517376,-0.007871392426750388,-0.01807904936867999,-0.0001158525719802128,0.0,6.942695817319837e-7,0.5793688549308817,1.807993702427041e-7,-1.0035059797611756]
26.0,[0.012003293174226807,-0.007867602865493002,-0.018066259599436307,-0.0001158383611254976,0.0,6.96721111676731e-7,0.5793670743829562,1.8143778949914872e-7,-1.0035102285153443]
27.0,[0.012003141591776512,-0.007864286999392787,-0.018053469830192626,-0.00011577867553569375,0.0,6.968216021417879e-7,0.579357293577873,1.814639588910906e-7,-1.0035335627576467]
28.0,[0.012003141591776512,-0.007860023742978227,-0.018044943317363504,-0.00011576730685192159,0.0,6.975588342387229e-7,0.5793564534069742,1.816559464163341e-7,-1.0035355674286595]
29.0,[0.012003207909098515,-0.007856707876878014,-0.018033574633591343,-0.00011573035862966206,0.0,6.9761205793586e-7,0.5793534978446386,1.816698067541302e-7,-1.0035426185749543]
30.0,[0.01200308474835765,-0.00785765526719236,-0.018037837890005903,-0.00011575309599720639,0.0,6.978345060428168e-7,0.5793531534858709,1.817277359486502e-7,-1.0035434401960315]
31.0,[0.012003113170067081,-0.007858602657506706,-0.018043522231891984,-0.00011573035862966206,0.0,6.978574250118694e-7,0.5793522575387151,1.8173370443017435e-7,-1.0035455776781461]
32.0,[0.012003075274454506,-0.00786191852360692,-0.018054890915664146,-0.00011575593816814943,0.0,6.9792476259292e-7,0.5793521262959512,1.8175124025857292e-7,-1.0035458908099315]
33.0,[0.01200305632664822,-0.007860023742978227,-0.018046364402835025,-0.00011573888514249119,0.0,6.97933739279828e-7,0.579351853856829,1.8175357793745522e-7,-1.0035465407750435]
34.0,[0.012003037378841933,-0.00785765526719236,-0.018044943317363504,-0.00011574456948437727,0.0,6.979541873134643e-7,0.5793518060032757,1.8175890294621465e-7,-1.003546654947252]
35.0,[0.012003113170067081,-0.0078604974381354,-0.018037837890005903,-0.00011573888514249119,0.0,6.979575172881954e-7,0.5793517229108595,1.8175977012713424e-7,-1.0035468531832057]
36.0,[0.012003170013485942,-0.007855286791406494,-0.018044943317363504,-0.00011571330560400382,0.0,6.979637455926267e-7,0.5793517059722715,1.817613920814132e-7,-1.0035468935960614]
37.0,[0.011888876845963143,-0.0018696747853634101,-0.0011098677532572765,-5.835829597344854e-5,0.0,6.979517726122401e-7,0.5710580712924146,1.8175827411777085e-7,-1.0233331363280154]
38.0,[0.011886129414051538,-0.0017621459846850482,-0.000758859641791787,-5.652509571518748e-5,0.0,1.3211042348570456e-6,0.5707563703253588,3.44037561160689e-7,-1.024053131189585]
39.0,[0.011968751323365723,-0.00574971181777073,-0.012319389952608617,-9.667076028563314e-5,0.0,1.3350129736686822e-6,0.5765591824389803,3.4765962855955267e-7,-1.0102092844002093]
40.0,[0.011969300809748043,-0.005793291772230683,-0.012445866559573915,-9.744098861119709e-5,0.0,8.994784458921866e-7,0.576695404739644,2.342391786177569e-7,-1.0098841413634376]
41.0,[0.012088937258643757,-0.014499808761077777,-0.035062441838817904,-0.0001675317662375164,0.0,8.95319257505687e-7,0.5868246392306441,2.3315605664210602e-7,-0.985718680449484]
42.0,[0.012091192047591903,-0.014729077217149701,-0.035636560369312065,-0.00017006129837682235,0.0,1.2890561178723774e-7,0.5872321886689462,3.356916973625983e-8,-0.9847461102132327]
43.0,[0.012032302265652106,-0.009896439223666674,-0.02341522531423834,-0.00013305623269843636,0.0,1.0861348936611797e-7,0.5818870258721784,2.828476285575989e-8,-0.9974981342097634]
44.0,[0.012032273843942676,-0.00988459684473734,-0.023383961433864897,-0.0001325730636381195,0.0,5.145923307399287e-7,0.5817957868466297,1.340084194635231e-7,-0.9977159494488733]
45.0,[0.012105819754045417,-0.016098529916538002,-0.0390016907658719,-0.0001796678361642989,0.0,5.158654705106865e-7,0.5886008108533342,1.3433996627882462e-7,-0.9814811069161424]
46.0,[0.012106795566069195,-0.01621363783973114,-0.0392972765439481,-0.00018109744814864823,0.0,-0.0,0.5888348206679075,0.0,-0.9809226421208493]
47.0,[0.01203889610223996,-0.010381503064612236,-0.024665780529176118,-0.00013705232504435116,0.0,-0.0,0.5824717160212312,0.0,-0.9961031917779201]
48.0,[0.012038128716085339,-0.010311869876507746,-0.02447819724693545,-0.00013603198567579966,0.0,4.7200995549062165e-7,0.5822960937969113,1.229192592423494e-7,-0.996522344802353]
49.0,[0.012015192396575003,-0.008675726803630822,-0.02021920408878941,-0.00012277041605557315,0.0,4.786006067827176e-7,0.5803792608005764,1.2463557468299937e-7,-1.0010953630188413]
50.0,[0.012014188162841794,-0.00860419883489764,-0.020037305148434825,-0.00012205703114887,0.0,6.234382630285458e-7,0.5802663478077086,1.6235371433035047e-7,-1.0013647928867035]
51.0,[0.012007092209387338,-0.008126714116466852,-0.018765433651424246,-0.00011803535926446783,0.0,6.299510557878599e-7,0.5796881969560546,1.6404975411142186e-7,-1.00274409795879]
52.0,[0.012006561670811303,-0.008091186979678847,-0.018667378753889352,-0.00011770566743507514,0.0,6.735165255608087e-7,0.5796362153552437,1.753949285314606e-7,-1.0028681267655353]
53.0,[0.012098951174266404,-0.015426356488508946,-0.037344705106079346,-0.00017464856227888956,0.0,6.768330269093213e-7,0.5878655593603473,1.7625860075763576e-7,-0.9832352643949668]
54.0,[0.012100268046803345,-0.015581728500061821,-0.03775255663640564,-0.0001764107082635746,0.0,5.282042705459058e-8,0.5881563891089976,1.3755319545466296e-8,-0.9825412048472583]
55.0,[0.011928297756943113,-0.003637031416777366,-0.006363620741467457,-7.77646391725284e-5,0.0,3.938539485167133e-8,0.5738969809487418,1.0256613242622742e-8,-1.0165600738027856]
56.0,[0.011925067155971192,-0.0034707644166095024,-0.005867661911906907,-7.506741894758306e-5,0.0,1.1177021893255962e-6,0.5734492974236713,2.9106827847020734e-7,-1.0176285038971664]
57.0,[0.011980423172038474,-0.0064427278327154145,-0.014223644484445686,-0.00010302301234332843,0.0,1.1363676841817833e-6,0.5774904271307442,2.959290844223394e-7,-1.0079875296908263]
58.0,[0.011980063163719024,-0.006423306331271305,-0.014159695638227277,-0.0001031821739161387,0.0,8.321569404371553e-7,0.5775281812456043,2.1670753657217586e-7,-1.0078973505129658]
59.0,[0.011995714051712032,-0.007381591634233093,-0.016777335076767486,-0.00011153247214679139,0.0,8.335441809548055e-7,0.5787373279423939,2.1706879712364728e-7,-1.0050126724603539]
60.0,[0.011996026690515766,-0.007410487038820671,-0.016839862837514374,-0.00011185079529241192,0.0,7.424182936837916e-7,0.5787865282115707,1.933380973134874e-7,-1.0048952621303573]
61.0,[0.012000649955249779,-0.007699441084696445,-0.017617196590435924,-0.00011435474789323051,0.0,7.399694398162757e-7,0.5791499761189878,1.9270037495215514e-7,-1.004028178390929]
62.0,[0.012000915224537795,-0.00771696780551186,-0.01766977675288217,-0.00011452812032075597,0.0,7.126045724677913e-7,0.5791761090080401,1.8557410741348732e-7,-1.003965823011023]
63.0,[0.012002260518784169,-0.007806496190217633,-0.017909940197569085,-0.00011528413779160472,0.0,7.110142143221034e-7,0.5792857555122495,1.851599516463811e-7,-1.0037042372115672]
64.0,[0.01200237420562189,-0.007812654227260888,-0.01793267756511341,-0.00011535519206518073,0.0,7.027626781671608e-7,0.5792970203684764,1.8301111410603147e-7,-1.0036773595361628]
65.0,[0.012002819479069633,-0.007843444412477158,-0.017999468582274858,-0.00011557972356968092,0.0,7.020269874229614e-7,0.5793302090832451,1.8281952797472954e-7,-1.0035981804824685]
66.0,[0.01200286684858535,-0.007844391802791504,-0.01801083726604702,-0.00011562804047571261,0.0,6.995316880217107e-7,0.5793346238064508,1.8216971042232052e-7,-1.0035876473230703]
67.0,[0.011888696841803418,-0.0018701484805205835,-0.0011056044968427159,-5.833555860590422e-5,0.0,6.992179065994809e-7,0.5710511885244001,1.820879965102815e-7,-1.0233495570981836]
68.0,[0.01188602520111696,-0.0017630933749993951,-0.0007474909580196254,-5.652225354424444e-5,0.0,1.3216029437478043e-6,0.5707511158532093,3.441674332676574e-7,-1.0240656670369666]
69.0,[0.011968675532140574,-0.005750659208085077,-0.012313705610722536,-9.666507594374706e-5,0.0,1.335400590686661e-6,0.5765569663352286,3.4776057049131796e-7,-1.010214571529023]
70.0,[0.01196926291413547,-0.005790923296444816,-0.012441603303159354,-9.744098861119709e-5,0.0,8.996396798752247e-7,0.5766937683824922,2.3428116663417314e-7,-1.009888045301654]
71.0,[0.011991943438260932,-0.007145217750803567,-0.016135004443640355,-0.0001094576873583719,0.0,8.954315000240492e-7,0.578431957664613,2.3318528646459618e-7,-1.0057412207971022]
72.0,[0.011992862406865848,-0.007203482255135895,-0.016291323845507577,-0.00011007443845301167,0.0,7.64585519818761e-7,0.5785273321424879,1.9911081245280237e-7,-1.005513637812036]
73.0,[0.011999456243453702,-0.007625544640177394,-0.017416823538951576,-0.0001136783112087869,0.0,7.592187644452406e-7,0.5790504301513152,1.9771321990761475e-7,-1.0042656735028497]
74.0,[0.011999882569095158,-0.007652545264136278,-0.017492141068942146,-0.00011397673915780614,0.0,7.198436830023064e-7,0.5790953866056308,1.874592924485173e-7,-1.0041584061850248]
75.0,[0.012001947879980435,-0.007779495566258749,-0.017836043753050035,-0.00011503971109050325,0.0,7.170014939014197e-7,0.5792534134623033,1.8671913903682803e-7,-1.003781398240467]
76.0,[0.012002061566818156,-0.007798917067702859,-0.01787014980436652,-0.00011519034615048439,0.0,7.05120449657627e-7,0.5792718334524591,1.8362511709834037e-7,-1.0037374491635798]
77.0,[0.012097586932213744,-0.015301774662172342,-0.037047698242531624,-0.00017366517113259758,0.0,7.039009607267435e-7,0.58772224000664,1.8330754185592281e-7,-0.9835771930916445]
78.0,[0.012099112230619841,-0.015476568175169327,-0.03749676125153201,-0.0001756291112542385,0.0,6.334319102043981e-8,0.5880413628721712,1.649562266157287e-8,-0.9828156283418168]
79.0,[0.01203564655346175,-0.010141813315082496,-0.02404760834906483,-0.00013507701623893809,0.0,4.7990316610325676e-8,0.5821824174615754,1.249747828393898e-8,-0.9967933926239259]
80.0,[0.012123630691955137,-0.01789288717191084,-0.043377212932682596,-0.00019269350559625306,0.0,4.930857957231849e-7,0.5904824552222301,1.2840775930291274e-7,-0.976992032929035]
81.0,[0.012108188229831285,-0.016352904215940118,-0.03964544248447055,-0.0001822712647481239,0.0,-0.0,0.5890119520150592,0.0,-0.9805000573355015]
82.0,[0.012045404673699522,-0.01087935667480148,-0.0259589683082595,-0.00014101146916800644,0.0,-0.0,0.5830436430445618,0.0,-0.994738737307974]
83.0,[0.01203870662417709,-0.010372029161468769,-0.024637358819745714,-0.00013651799690705957,0.0,4.2886676149529246e-7,0.5823673907671374,1.1168405247273242e-7,-0.9963522351936723]
84.0,[0.012017257707460278,-0.00882020382656871,-0.020600054995156825,-0.00012396412785165012,0.0,4.738061991595154e-7,0.5805530708501515,1.2338703103112383e-7,-1.0006807001882811]
85.0,[0.012014491327742386,-0.008625515116970442,-0.02007993771258043,-0.00012221335055073723,0.0,6.103778732804543e-7,0.5802931921042164,1.5895257116678498e-7,-1.0013007454006098]
86.0,[0.012007793278219953,-0.00816982037576963,-0.01887059397631674,-0.00011840768365800612,0.0,6.281064538527135e-7,0.5797411215511384,1.6356938902414418e-7,-1.0026178343374463]
87.0,[0.012006646935939594,-0.008095450236093408,-0.018684431779547594,-0.00011775966868299291,0.0,6.695491578353755e-7,0.5796459198605537,1.7436175985296237e-7,-1.002844973171664]
88.0,[0.012004572151151175,-0.00795949972598464,-0.018322054984309943,-0.00011659437859634635,0.0,6.761555916238433e-7,0.5794775426617809,1.7608218531870918e-7,-1.0032466754196057]
89.0,[0.011890212666306372,-0.0019274655945385648,-0.0012803980098397005,-5.900346877751871e-5,0.0,6.887662436769714e-7,0.5711488508450988,1.7936620929087798e-7,-1.0231165589717797]
90.0,[0.011886745217755863,-0.001790093998958279,-0.000837019342725398,-5.67865754419472e-5,0.0,1.3144244728153324e-6,0.5707963193409846,3.4229803979565947e-7,-1.023957821866677]
91.0,[0.011969139753394604,-0.00577481766110092,-0.012394707482599188,-9.68583435678738e-5,0.0,1.3321064210674522e-6,0.5765874974210886,3.46902713819649e-7,-1.010141731904839]
92.0,[0.011969414496585765,-0.005800870894745457,-0.012462919585232157,-9.753762242326046e-5,0.0,8.973901653269208e-7,0.576708204521895,2.3369535555388564e-7,-1.009853603994252]
93.0,[0.011875764964012584,-0.0013613998817163517,0.00048601123125990853,-5.22561549587408e-5,0.0,8.94347974974147e-7,0.5701605741694433,2.3290311848285077e-7,-1.0254743781771762]
94.0,[0.011874012291931042,-0.0012903456081403417,0.0007119638212316204,-5.097717803437262e-5,0.0,1.3853786014404278e-6,0.5699490044936879,3.607756774584448e-7,-1.0259792983431308]
95.0,[0.011965018605527195,-0.005538443777671393,-0.011738165994756855,-9.465566108701749e-5,0.0,1.3943923157114993e-6,0.576266445026381,3.6312299888320296e-7,-1.010907693434318]
96.0,[0.01196604178706669,-0.005603340014204149,-0.01192006493511144,-9.572147519065764e-5,0.0,9.206581997487767e-7,0.576445523680116,2.397547395179106e-7,-1.0104802937410804]
97.0,[0.011990749726464855,-0.007077005648170597,-0.015943157904985128,-0.00010880967238335869,0.0,9.138072514564193e-7,0.578337304070579,2.379706384001092e-7,-1.0059670437913508]
98.0,[0.011991810803616923,-0.00714569144596074,-0.016135004443640355,-0.00010952874163194791,0.0,7.714596039893394e-7,0.578450119558789,2.0090093853889048e-7,-1.0056978474310334]
99.0,[0.011999048865618533,-0.007601859882318724,-0.01736566446197685,-0.00011346514838805886,0.0,7.649425380081278e-7,0.5790196753450483,1.9920378593961662e-7,-1.00433904772772]
100.0,[0.011884736750289449,-0.0017114606028674944,-0.0006068034963391256,-5.6471094467269716e-5,0.0,7.220804649235812e-7,0.570781628191961,1.8804178774051597e-7,-1.023992659199345]
101.0,[0.011884556746129721,-0.00170388148035272,-0.000574118530494161,-5.579749995376914e-5,0.0,1.3414219983745139e-6,0.5706498291639149,3.4932864541002967e-7,-1.0243073152168023]
102.0,[0.011967671298407367,-0.005684341886080801,-0.012138912097725552,-9.607106221665161e-5,0.0,1.34271561550555e-6,0.5764734341011979,3.4966552487123696e-7,-1.0104138581855764]
103.0,[0.012070027347969395,-0.012835717673927622,-0.030892977065377636,-0.00015512569007114507,0.0,9.058152178965806e-7,0.5850307374029041,2.3588937966056786e-7,-0.9899984214156495]
104.0,[0.012090292026793273,-0.014639548832443929,-0.03541060777934035,-0.0001692342266323976,0.0,2.649839976134935e-7,0.5871081187865961,6.900624937851394e-8,-0.9850421541034056]
105.0,[0.012025907381030265,-0.009433165359951088,-0.02220446049250313,-0.0001293159357373952,0.0,1.1615388150810134e-7,0.5813440829634903,3.0248406642734726e-8,-0.9987934435563454]
106.0,[0.012031800148785502,-0.009847648622477815,-0.02327311676708632,-0.00013222063444118248,0.0,5.555442848264454e-7,0.5817414026427674,1.4467299084022016e-7,-0.9978457092466426]
107.0,[0.012010900718451012,-0.008387720148069395,-0.019463186617940664,-0.00012032330687361535,0.0,5.194111315869718e-7,0.5800236932383658,1.3526331551744059e-7,-1.001943660206732]
108.0,[0.012012084956343944,-0.008463037678059965,-0.01963513795999461,-0.00012081784461770438,0.0,6.497221548176593e-7,0.580088848138972,1.691984778170988e-7,-1.0017882657692223]
109.0,[0.012005756389044109,-0.00803197508503217,-0.01850963826655061,-0.00011726513093890388,0.0,6.429904106082786e-7,0.5795760926634115,1.6744541942923923e-7,-1.0030115514281508]
110.0,[0.012005860601978686,-0.008046659634904547,-0.018550849745224696,-0.00011732197435776469,0.0,6.817913125606019e-7,0.5795795166936435,1.775498209793234e-7,-1.0030033965277763]
111.0,[0.012003927925737418,-0.007921130418253595,-0.018211210317531368,-0.00011625047591223846,0.0,6.809936670505695e-7,0.5794260273555188,1.7734210079441914e-7,-1.0033695779495717]
112.0,[0.012003861608415415,-0.007920656723096423,-0.018196999462816166,-0.00011622773854469413,0.0,6.92586704072637e-7,0.5794222360000076,1.803611208522492e-7,-1.0033786271809473]
113.0,[0.012003274226420519,-0.00788276111052255,-0.018104628907167353,-0.00011592931059567489,0.0,6.927121965228371e-7,0.5793761463532673,1.8039380117782217e-7,-1.003488583954418]
114.0,[0.012098136418596065,-0.015350091568204029,-0.03715996399478172,-0.00017402896901330675,0.0,6.962041143824309e-7,0.5877767110637588,1.813031547870914e-7,-0.9834472379636451]
115.0,[0.012099491186745581,-0.015503095103971036,-0.037555025755864335,-0.00017584511624590957,0.0,5.930793994024448e-8,0.5880747171708405,1.5444776026105332e-8,-0.9827360530738309]
116.0,[0.01203573181859004,-0.01015365569401183,-0.024091661998681957,-0.00013520207176043186,0.0,4.550905298474035e-8,0.5821998506672353,1.18513158814428e-8,-0.9967518010899715]
117.0,[0.012035333914658015,-0.010106759873451663,-0.023945290195115376,-0.0001343806843578932,0.0,4.917881103715035e-7,0.5820589296532939,1.2806982040924573e-7,-0.9970881577514672]
118.0,[0.012014178688938651,-0.008600409273640251,-0.020017409951833542,-0.00012214229627716122,0.0,4.962794502097904e-7,0.5802902693811659,1.2923944015879958e-7,-1.0013076774333078]
119.0,[0.01201335445936517,-0.00854024998867923,-0.01985824837902328,-0.00012151417649874928,0.0,6.299115028472049e-7,0.5801924305096704,1.640394538664596e-7,-1.001541140752466]
120.0,[0.012006713253261598,-0.008104924139236875,-0.018701484805205837,-0.00011784209164034108,0.0,6.354397074528485e-7,0.5796592104706506,1.6547909048251264e-7,-1.0028132533913432]
121.0,[0.012006296401523286,-0.008067502221820176,-0.018609114249557024,-0.0001175266106656636,0.0,6.756268174203382e-7,0.5796131592428191,1.759444837032131e-7,-1.002923132815995]
122.0,[0.012004316355766301,-0.007939130834226185,-0.018263790479977615,-0.00011643805919447912,0.0,6.785421013114116e-7,0.5794519793447166,1.7670367221651345e-7,-1.0033076630426405]
123.0,[0.011889975818727786,-0.0019265182042242182,-0.0012605028132384177,-5.891251930734142e-5,0.0,6.906608512691679e-7,0.571138382640642,1.7985959668467914e-7,-1.0231415337933436]
124.0,[0.011886650478724428,-0.001782988571600678,-0.0008256506589532364,-5.6743942877801594e-5,0.0,1.3151775759701113e-6,0.5707884501439222,3.424941604088832e-7,-1.0239765957914915]
125.0,[0.011969054488266313,-0.005765343757957452,-0.012347811662039021,-9.682707968750036e-5,0.0,1.3326834689700053e-6,0.576584130365434,3.470529867109389e-7,-1.0101497649437035]
126.0,[0.011969433444392052,-0.0057970813334880696,-0.012454393072403036,-9.750635854288701e-5,0.0,8.976352144446604e-7,0.5767057524264786,2.33759170428297e-7,-1.0098594540808346]
127.0,[0.011992009755582936,-0.007156586434575728,-0.016147794212884037,-0.00010951168860628967,0.0,8.945572493052596e-7,0.5784404570762982,2.3295761700657803e-7,-1.0057209433169916]
128.0,[0.011992833985156418,-0.007207745511550455,-0.01630411361475126,-0.00011008296496584079,0.0,7.639573023216186e-7,0.5785311829731304,1.9894721414625487e-7,-1.0055044506059967]
129.0,[0.011999484665163132,-0.007625070945020221,-0.017425350051780697,-0.00011368967989255906,0.0,7.589372010602768e-7,0.5790530952027146,1.976398961094471e-7,-1.0042593153510952]
130.0,[0.011999939412514019,-0.007658229606022359,-0.01750635192365735,-0.00011398526567063526,0.0,7.196466741424006e-7,0.5790966230054606,1.8740798805791682e-7,-1.0041554564179278]
131.0,[0.01200190998436786,-0.00778375882267331,-0.017845991351350676,-0.00011507665931276277,0.0,7.169110000989916e-7,0.5792542502747567,1.8669557294244573e-7,-1.003779401812723]
132.0,[0.012002108936333872,-0.007797495982231339,-0.01787441306078108,-0.00011519603049237047,0.0,7.050585559835961e-7,0.5792722299340116,1.8360899895406147e-7,-1.0037365032497707]
133.0,[0.012002658422716195,-0.007836812680276731,-0.017975310129259015,-0.00011552288015082012,0.0,7.03866312313246e-7,0.5793199965554962,1.832985188315745e-7,-1.0036225453127137]
134.0,[0.012002743687844486,-0.007840602241534118,-0.017996626411331818,-0.00011556835488590876,0.0,7.002772220245648e-7,0.5793268793360367,1.823638599022304e-7,-1.0036061236830345]
135.0,[0.011888592628868839,-0.0018696747853634101,-0.0011013412404281553,-5.8304294725530774e-5,0.0,6.997913695533369e-7,0.5710479326584378,1.822373358211815e-7,-1.0233573248689305]
136.0,[0.012000877328925222,-0.007703230645953832,-0.017614354419492884,-0.0001138118932431098,0.0,1.3218762242955357e-6,0.5790388609741061,3.4423860007696244e-7,-1.0042934752032842]
137.0,[0.012071713702728932,-0.012985405343594415,-0.03127240688627353,-0.00015643308870494366,0.0,7.128581828430713e-7,0.5852319613277678,1.856401517820498e-7,-0.9895182897102478]
138.0,[0.012003567917417968,-0.007898866745866446,-0.018150103642256,-0.00011651195563899817,0.0,2.5241196295086907e-7,0.5794878146825451,6.573228201845548e-8,-1.0032220179759148]
139.0,[0.0120246947214279,-0.009335584157573368,-0.021951507278572535,-0.000127965904539451,0.0,6.938611668545182e-7,0.5811193633846792,1.8069301220169748e-7,-0.9993297665898251]
140.0,[0.012003918451834275,-0.007919235637624903,-0.018208368146588327,-0.00011635279406618791,0.0,5.645244647990477e-7,0.5794479211340804,1.47011579374752e-7,-1.0033173040531458]
141.0,[0.01200969753275179,-0.008295349592420582,-0.019194601463823346,-0.00011941665434278546,0.0,6.92547568083213e-7,0.5798842942695731,1.803509291883367e-7,-1.0022762881524356]
142.0,[0.012003473178386532,-0.007891761318508845,-0.018137313873012317,-0.00011604015526245347,0.0,6.578471807492198e-7,0.5793972049956317,1.71314369986776e-7,-1.0034383315987003]
143.0,[0.012099661717002164,-0.015480357736426713,-0.037476866054930724,-0.00017496972759545312,0.0,6.950997175333519e-7,0.5879174393841743,1.8101555144097705e-7,-0.9831115000047979]
144.0,[0.012099614347486446,-0.015514463787743198,-0.03758344746529474,-0.00017593606571608686,0.0,4.861888437765172e-8,0.5880855660201745,1.2661167806680136e-8,-0.9827101670014715]
145.0,[0.012036328674488079,-0.010194393477528743,-0.02417976929791621,-0.00013549481536756502,0.0,4.483204305697224e-8,0.5822425161361178,1.1675011212753188e-8,-0.996650013229563]
146.0,[0.012035333914658015,-0.010119075947538173,-0.023993607101147063,-0.000134437527776754,0.0,4.885705250912043e-7,0.5820635361441315,1.2723190757583446e-7,-0.9970771668313309]
147.0,[0.012014263954066942,-0.008613672738041107,-0.020047252746735467,-0.0001222389300892246,0.0,4.959755701480765e-7,0.580303209802891,1.2916030472606157e-7,-1.0012768051758068]
148.0,[0.01201332603765574,-0.008543565854779443,-0.019876722490153043,-0.00012154828255006576,0.0,6.289389151478077e-7,0.5801942183636719,1.637861758197416e-7,-1.0015368750962812]
149.0,[0.012006713253261598,-0.008108713700494262,-0.018705748061620397,-0.00011787335552071453,0.0,6.353183185416713e-7,0.5796631438717041,1.6544747878689355e-7,-1.0028038693769055]
150.0,[0.012006258505910711,-0.008073186563706257,-0.018624746189743746,-0.00011756355888792312,0.0,6.753317939057706e-7,0.5796138183561301,1.758676546629611e-7,-1.0029215602545871]
151.0,[0.012004325829669444,-0.007939130834226185,-0.018265211565449135,-0.00011643805919447912,0.0,6.784964931310188e-7,0.5794531781960709,1.766917950862028e-7,-1.00330480290955]
152.0,[0.012004117403800288,-0.007922077808567943,-0.01821547357394593,-0.00011630163498921318,0.0,6.905697244542838e-7,0.5794333612400042,1.7983586574330305e-7,-1.0033520848166055]
153.0,[0.012003473178386532,-0.007885129586308418,-0.018110313249053434,-0.00011596910098887746,0.0,6.918994750954182e-7,0.5793846267359688,1.8018215497276516e-7,-1.0034683518940013]
154.0,[0.012003425808870816,-0.007876603073479297,-0.01808615479603759,-0.00011591225757001665,0.0,6.955627078104604e-7,0.5793771634192225,1.811361218256407e-7,-1.0034861585436792]
155.0,[0.012003188961292228,-0.007868076560650175,-0.018070522855850868,-0.00011581846592889632,0.0,6.96075650203257e-7,0.5793623336346869,1.8126970057376482e-7,-1.0035215383556932]
156.0,[0.011888933689382004,-0.0018777276030353578,-0.0011254996934439987,-5.843503458891063e-5,0.0,6.971767480028636e-7,0.5710659130744906,1.815564447924124e-7,-1.0233144277996968]
157.0,[0.01188621467917983,-0.0017602512040563547,-0.0007602807272633072,-5.6547833082731806e-5,0.0,1.320526354005882e-6,0.5707597496059564,3.4388707135569847e-7,-1.0240450689852019]
158.0,[0.011968836588494014,-0.00574971181777073,-0.012303758012421895,-9.666507594374706e-5,0.0,1.3347668686813182e-6,0.5765616260539759,3.4759553871909326e-7,-1.0102034545451108]
159.0,[0.011969272388038613,-0.005792818077073509,-0.012441603303159354,-9.74495151240262e-5,0.0,8.992981973682009e-7,0.5766964889923571,2.3419223889796898e-7,-1.0098815545818751]
160.0,[0.011991962386067218,-0.007146638836275087,-0.016135004443640355,-0.00010944631867459974,0.0,8.952314580772035e-7,0.5784334364816266,2.3313319220760506e-7,-1.005737692690783]
161.0,[0.011992777141737557,-0.007200166389035681,-0.016292744930979097,-0.00011006591194018255,0.0,7.644768852070887e-7,0.5785281922275151,1.9908252218934603e-7,-1.005511585856102]
162.0,[0.01209501003055872,-0.015052611009499135,-0.03643663148977794,-0.00017178365396830483,0.0,7.591573872169122e-7,0.587450229738722,1.976972362544042e-7,-0.9842261516081159]
163.0,[0.012096857441671697,-0.015262931659284124,-0.03697095962706953,-0.0001740318111842498,0.0,8.325512845069555e-8,0.5878073133474786,2.16810230340353e-8,-0.9833740107478468]
164.0,[0.012034604424115969,-0.010069337956034966,-0.023867130494181765,-0.00013447731816995656,0.0,6.55157212900165e-8,0.5820932389632084,1.7061385752608464e-8,-0.9970061533005317]
165.0,[0.012034329680924808,-0.010042811027233254,-0.023783286451362073,-0.00013382077668211423,0.0,4.995839603285567e-7,0.5819751723958864,1.3009998966889498e-7,-0.9972879814212283]
166.0,[0.012013771311103483,-0.008577671906095928,-0.019947776763729053,-0.0001219234491145471,0.0,5.025088821108849e-7,0.5802556649301167,1.3086168804970961e-7,-1.0013902359913225]
167.0,[0.012012956555433144,-0.008524618048492508,-0.019812773643934634,-0.00012135217275499598,0.0,6.324370189658881e-7,0.5801662271486281,1.646971403557e-7,-1.0016036553872083]
168.0,[0.012006590092520733,-0.008093555455464713,-0.018678747437661514,-0.00011774545782827771,0.0,6.373820807981557e-7,0.5796480193410259,1.6598491687451972e-7,-1.002839952922867]
169.0,[0.01200611639736356,-0.008068923307291696,-0.018600587736727903,-0.00011749250461434711,0.0,6.764439642277448e-7,0.5796049574169564,1.7615728235097525e-7,-1.0029427003209626]
170.0,[0.01200428793405687,-0.007934867577811625,-0.018253842881676974,-0.00011639826880127656,0.0,6.791493556464527e-7,0.5794483698974512,1.768618113662637e-7,-1.003316274369422]
171.0,[0.01200407003428457,-0.007920656723096423,-0.018208368146588327,-0.0001162675289378967,0.0,6.909240186446576e-7,0.5794305564563589,1.799281298553796e-7,-1.003358776355551]
172.0,[0.012003416334967671,-0.00788560328146559,-0.018101786736224312,-0.00011596057447604834,0.0,6.921064962364687e-7,0.5793830987198227,1.8023606672824706e-7,-1.0034719973778858]
173.0,[0.012003368965451955,-0.007878497854107989,-0.01809468130886671,-0.00011590373105718753,0.0,6.956752523723055e-7,0.5793762754447122,1.811654303052879e-7,-1.003488277037348]
174.0,[0.012003217383001658,-0.007868076560650175,-0.018063417428493267,-0.00011580141290323807,0.0,6.961411557069302e-7,0.5793618481450605,1.8128675929867975e-7,-1.0035226966186253]
175.0,[0.012003141591776512,-0.007868076560650175,-0.018060575257550227,-0.00011577867553569375,0.0,6.972242757743688e-7,0.5793593519094554,1.8156882181624189e-7,-1.003528652310398]
176.0,[0.012003103696163937,-0.00786191852360692,-0.018052048744721105,-0.00011575878033909247,0.0,6.973977690626083e-7,0.5793549528125569,1.8161400236005426e-7,-1.003539147360675]
177.0,[0.012003113170067081,-0.0078604974381354,-0.018043522231891984,-0.00011576446468097855,0.0,6.977275632015593e-7,0.579354067190049,1.8169988625040608e-7,-1.003541260320727]
178.0,[0.011888791580834852,-0.001875359127249491,-0.0011169731806148775,-5.840092853759415e-5,0.0,6.977770679881956e-7,0.5710590983180106,1.8171277812192592e-7,-1.023330686075985]
179.0,[0.011886129414051538,-0.0017635670701565684,-0.000765965069149388,-5.652509571518748e-5,0.0,1.3210294529805648e-6,0.5707570989748219,3.440180867136887e-7,-1.0240513928134438]
180.0,[0.011968647110431144,-0.005752080293556597,-0.012316547781665577,-9.669349765317746e-5,0.0,1.3349590759206632e-6,0.5765595113788329,3.476455926876727e-7,-1.0102084996244542]
181.0,[0.011969281861941756,-0.0057899759061304686,-0.012440182217687834,-9.743814644025405e-5,0.0,8.994544980930641e-7,0.5766956323416003,2.3423294221173542e-7,-1.0098835983616459]
182.0,[0.011991971859970363,-0.007148059921746607,-0.016137846614583395,-0.00010946621387120102,0.0,8.952937679154934e-7,0.57843277721151,2.331494187279931e-7,-1.005739265543172]
183.0,[0.011992852932962705,-0.007203955950293068,-0.016295587101922138,-0.00011006022759829646,0.0,7.645256896932065e-7,0.578527915340252,1.9909523169093922e-7,-1.0055122464474304]
184.0,[0.011999418347841129,-0.007627913115963262,-0.017428192222723737,-0.00011368399555067298,0.0,7.591756315940978e-7,0.5790506937713432,1.9770198739429628e-7,-1.004265044565378]
185.0,[0.011999910990804588,-0.007653492654450625,-0.017503509752714308,-0.00011396821264497702,0.0,7.198244081160957e-7,0.5790955694636495,1.8745427294689992e-7,-1.0041579699311534]
186.0,[0.01200188156265843,-0.007782811432358963,-0.017845991351350676,-0.00011506813279993365,0.0,7.169879730730018e-7,0.5792534981376176,1.867156179877609e-7,-1.0037811962245313]
187.0,[0.01200199524949615,-0.007797495982231339,-0.017887202830024762,-0.00011520455700519959,0.0,7.051142474756373e-7,0.5792718908644017,1.8362350194678055e-7,-1.0037373121928728]
188.0,[0.012002639474909907,-0.00783254942386217,-0.017982415556616616,-0.00011551719580893403,0.0,7.038911308785898e-7,0.5793197606784368,1.8330498199963276e-7,-1.0036231080568474]
189.0,[0.012002791057360202,-0.007837760070591077,-0.017986678813031176,-0.00011556267054402268,0.0,7.002946851786009e-7,0.5793267703942584,1.82368407598594e-7,-1.0036063835932283]
190.0,[0.012002885796391638,-0.007852918315620626,-0.018032153548119823,-0.00011567067303985822,0.0,6.998153824168748e-7,0.5793413261187551,1.8224358917106115e-7,-1.003571657622178]
191.0,[0.01200297106151993,-0.007852444620463453,-0.01802646920623374,-0.00011568488389457342,0.0,6.987230328732787e-7,0.5793438820611607,1.81959123144083e-7,-1.0035655594837423]
192.0,[0.012003046852745076,-0.007855286791406494,-0.018030732462648302,-0.00011570193692023166,0.0,6.985451923964637e-7,0.5793483214105049,1.8191281051991242e-7,-1.0035549684010787]
193.0,[0.01200302790493879,-0.00785907635266388,-0.018039258975477424,-0.00011571046343306078,0.0,6.982124472569829e-7,0.5793492261606854,1.818261581398393e-7,-1.0035528098068103]
194.0,[0.01200308474835765,-0.0078604974381354,-0.018039258975477424,-0.00011572183211683294,0.0,6.981487436960123e-7,0.5793505840549869,1.8180956867083655e-7,-1.0035495702362254]
195.0,[0.01200302790493879,-0.007858602657506706,-0.018047785488306545,-0.00011573604297154815,0.0,6.980470909044657e-7,0.5793508976191837,1.817830965897046e-7,-1.0035488221253372]
196.0,[0.01200305632664822,-0.007856707876878014,-0.018037837890005903,-0.0001157332008006051,0.0,6.980248228416022e-7,0.5793513141238879,1.817772976150006e-7,-1.0035478284561614]
197.0,[0.01200302790493879,-0.007863339609078441,-0.018047785488306545,-0.00011576162251003551,0.0,6.979936805933597e-7,0.5793514210999493,1.8176918765452076e-7,-1.0035475732307209]
198.0,[0.012003113170067081,-0.007858602657506706,-0.018043522231891984,-0.0001157474116553203,0.0,6.979860344836107e-7,0.5793515491926307,1.8176719648010694e-7,-1.0035472676354507]
199.0,[0.01200308474835765,-0.007858128962349534,-0.018034995719062863,-0.00011573888514249119,0.0,6.979764679860118e-7,0.579351585249402,1.817647052046906e-7,-1.0035471816108792]
200.0,[0.012003075274454506,-0.007861444828449747,-0.018043522231891984,-0.0001157474116553203,0.0,6.979738779117556e-7,0.5793516247423502,1.8176403070618637e-7,-1.0035470873910635]
201.0,[0.01200299948322936,-0.007861444828449747,-0.018043522231891984,-0.0001157474116553203,0.0,6.979709316316448e-7,0.5793516367799392,1.8176326344574083e-7,-1.0035470586717636]
202.0,[0.01200308474835765,-0.007856707876878014,-0.018042101146420464,-0.00011573888514249119,0.0,6.979700635093019e-7,0.5793516489851158,1.8176303737221406e-7,-1.0035470295533895]
203.0,[0.012003103696163937,-0.00785623418172084,-0.018039258975477424,-0.0001157189899458899,0.0,6.979691539048648e-7,0.5793516529731417,1.8176280049605855e-7,-1.003547020038774]
204.0,[0.01200302790493879,-0.007858128962349534,-0.018039258975477424,-0.0001157474116553203,0.0,6.97968865372764e-7,0.5793516567535195,1.8176272535749065e-7,-1.0035470110197695]
205.0,[0.01200308474835765,-0.007858128962349534,-0.018039258975477424,-0.00011573035862966206,0.0,6.979685839103544e-7,0.5793516580664833,1.8176265205998814e-7,-1.003547007887313]
206.0,[0.012003103696163937,-0.00785765526719236,-0.018033574633591343,-0.00011573604297154815,0.0,6.979684886697368e-7,0.5793516592398392,1.8176262725774398e-7,-1.0035470050879867]
207.0,[0.012003113170067081,-0.007856707876878014,-0.01802646920623374,-0.00011573604297154815,0.0,6.979684013889996e-7,0.5793516596698689,1.8176260452838535e-7,-1.0035470040620276]
208.0,[0.01200308474835765,-0.0078604974381354,-0.018049206573778065,-0.0001157474116553203,0.0,6.979683701131429e-7,0.5793516600347615,1.8176259638363096e-7,-1.003547003191487]
209.0,[0.01209795641443634,-0.015326880505502533,-0.03710027840497787,-0.00017386696526955345,0.0,6.979786815942962e-7,0.5877545442613986,1.8176528166518133e-7,-0.9835001222544782]
210.0,[0.012005169007049213,-0.008011132498116542,-0.018459900275047403,-0.00011762608664867001,0.0,6.096817113005086e-8,0.5796608214129164,1.5877127898450744e-8,-1.0028092049749602]
211.0,[0.011925304003549778,-0.0034835541858531842,-0.0059188209888816345,-7.562164228147594e-5,0.0,6.834510385524235e-7,0.5735542890926335,1.7798204128969363e-7,-1.0173778686829456]
212.0,[0.012097653249535748,-0.015289458588085834,-0.03701359219121514,-0.00017310526345681862,0.0,1.1345434164838736e-6,0.5876191504448842,2.9545401470934204e-7,-0.9838232891327106]
213.0,[0.011983094812724932,-0.0066123106989834915,-0.014702550288347993,-0.00010560654573055216,0.0,6.514223384866838e-8,0.5779220535230982,1.6964123398090727e-8,-1.0069574098599774]
214.0,[0.011924328191526001,-0.003439500536236058,-0.0057909232964448165,-7.504468158003874e-5,0.0,8.144836891167178e-7,0.5734599771619633,2.1210512737414524e-7,-1.0176029168006337]
215.0,[0.011880359807037166,-0.0015328775286131227,-5.4001247917767614e-5,-5.407514436228666e-5,0.0,1.1397797899359669e-6,0.5704089628579894,2.96817653629158e-7,-1.024881881388722]
216.0,[0.011978149435284042,-0.0063001455904062205,-0.01383426706524915,-0.00010155360996577655,0.0,1.3634887539153835e-6,0.5772649704022847,3.5507519633213117e-7,-1.0085254861433897]
217.0,[0.012150631315914021,-0.020852534513930245,-0.05043858664066647,-0.0002133219823008403,0.0,8.459655261804896e-7,0.5934495079615314,2.2030352244283586e-7,-0.9699136188508919]
218.0,[0.012094318435629248,-0.015029873641954811,-0.03638831458374625,-0.0001728295728753437,0.0,-0.0,0.5876606491305723,0.0,-0.9837238799313491]
219.0,[0.012055285954678158,-0.011653848256779988,-0.02793996145555866,-0.00014694023775518872,0.0,8.302346755810562e-8,0.5838948868024805,2.1620694676590004e-8,-0.9927079425653205]
220.0,[0.012034149676765082,-0.01002812647736088,-0.02375486474193167,-0.00013384919839154463,0.0,3.629137042668887e-7,0.5819878094163153,9.45087771528356e-8,-0.9972577842902566]
221.0,[0.012020355673788192,-0.00902910339088218,-0.021150015072635142,-0.00012565237739181612,0.0,5.034491983023837e-7,0.5807965769838199,1.3110656205791242e-7,-1.000099774713315]
222.0,[0.012013089190077153,-0.008528407609749895,-0.019822721242235275,-0.00012149143913120496,0.0,5.915595568147721e-7,0.5801870097038235,1.5405196792051358e-7,-1.0015540595492916]
223.0,[0.012008617507793435,-0.008229979660730653,-0.019034018805541564,-0.00011889653706020907,0.0,6.363817138012055e-7,0.5798107587924506,1.6572440463573062e-7,-1.00245170273148]
224.0,[0.012006258505910711,-0.008071291783077564,-0.018609114249557024,-0.00011754934803320792,0.0,6.641787475828658e-7,0.5796162933787452,1.7296321551637132e-7,-1.0029156515745465]
225.0,[0.012004846894342336,-0.007977973837114403,-0.01836184537751251,-0.00011674217148538445,0.0,6.784649846942369e-7,0.5794974723526226,1.766835897641242e-7,-1.0031991296962377]
226.0,[0.012004136351606576,-0.00792728845529685,-0.01822968442866113,-0.00011631868801487143,0.0,6.872271425118452e-7,0.5794354922673122,1.7896540169579303e-7,-1.0033469996005349]
227.0,[0.012003634234739971,-0.0078979193555521,-0.018140156043955358,-0.00011605436611716867,0.0,6.917848403883154e-7,0.5793979596967512,1.8015230218445714e-7,-1.0034365432180505]
228.0,[0.012003312122033094,-0.00787991893957951,-0.018104628907167353,-0.00011592646842473185,0.0,6.945571955197729e-7,0.5793782198735197,1.8087426966660755e-7,-1.0034836377864587]
229.0,[0.012003226856904803,-0.007868550255807348,-0.018064838513964787,-0.0001158383611254976,0.0,6.960097941320278e-7,0.5793663598599785,1.8125255055521556e-7,-1.003511932908978]
230.0,[0.012003170013485942,-0.007865708084864307,-0.018069101770379348,-0.00011579857073229503,0.0,6.968853753692461e-7,0.5793600758200764,1.8148056650240782e-7,-1.0035269251454517]
231.0,[0.01200305632664822,-0.007862865913921267,-0.018056312001135666,-0.00011578151770663679,0.0,6.973478002733544e-7,0.5793563267181254,1.8160098965451938e-7,-1.0035358695966865]
232.0,[0.011888829476447427,-0.001881517164292745,-0.001128341864387039,-5.839524419570807e-5,0.0,6.976119837636695e-7,0.5710606811351154,1.816697874384556e-7,-1.0233269098676472]
233.0,[0.012000981541859801,-0.0077117571587829534,-0.017644197214394808,-0.00011385736797819844,0.0,1.3209526139713423e-6,0.5790480756145251,3.439980765550371e-7,-1.0042714913741382]
234.0,[0.012071780020050937,-0.01298587903875159,-0.03128235448457417,-0.00015646151041437406,0.0,7.121749940434568e-7,0.5852361033198825,1.8546223803215023e-7,-0.9895084078564926]
235.0,[0.011889615810408333,-0.0019061493124657618,-0.0012065015653206501,-5.914557732467073e-5,0.0,2.5210403126442807e-7,0.571195804953404,6.565209147511148e-8,-1.0230043839340328]
236.0,[0.011911955274020631,-0.0028649083105847235,-0.0040884629015636165,-6.857874268462183e-5,0.0,1.3169461280592812e-6,0.5725000622709999,3.4295472084877117e-7,-1.019893178919946]
237.0,[0.012070671573383152,-0.012890666312159736,-0.031045033210830297,-0.0001552052708575502,0.0,1.204711190802009e-6,0.5850247926501814,3.137268726046898e-7,-0.9900127106457067]
238.0,[0.012077767526837608,-0.013523523042143399,-0.03264801762270508,-0.0001609180344530614,0.0,2.6124082830303616e-7,0.5859056388774412,6.803146570391568e-8,-0.9879109262641148]
239.0,[0.012025575794420243,-0.0094151649439785,-0.022146195988170803,-0.00012908003554912284,0.0,2.0756055966678458e-7,0.5813044188173669,5.405222907989182e-8,-0.9988881035216246]
240.0,[0.012027461101145793,-0.009534062428429023,-0.022460255877376767,-0.0001296967866437626,0.0,5.572810914277428e-7,0.5813788375631325,1.4512528422597467e-7,-0.9987106865569167]
241.0,[0.012010739662097572,-0.008369246036939632,-0.019404922113608336,-0.00012016698747174813,0.0,5.468080296680831e-7,0.5800004118745199,1.4239792439272997e-7,-1.0019992126736559]
242.0,[0.012010739662097572,-0.008368772341782458,-0.019406343199079856,-0.0001200731958306278,0.0,6.511014296833667e-7,0.5799794220045709,1.6955766398004341e-7,-1.0020493257538914]
243.0,[0.012005671123915818,-0.008029606609246304,-0.018496848497306928,-0.00011721112969098611,0.0,6.512395777247432e-7,0.5795656839081393,1.6959364003248522e-7,-1.0030363866904306]
244.0,[0.01200543427633723,-0.00802060640126001,-0.018475532215234125,-0.0001170832319985493,0.0,6.824618713892845e-7,0.5795464079101293,1.7772444567429282e-7,-1.0030823848650736]
245.0,[0.012003908977931133,-0.007913551295738822,-0.018202683804702247,-0.00011620784334809285,0.0,6.834813063589738e-7,0.5794218700961787,1.7798992353098278e-7,-1.0033794968710117]
246.0,[0.012003861608415415,-0.007908814344167087,-0.018177104266214883,-0.00011615668427111812,0.0,6.928661562492248e-7,0.5794121891323503,1.8043389485656898e-7,-1.0034025962364486]
247.0,[0.012003283700323664,-0.007876603073479297,-0.018098944565281272,-0.00011589804671530145,0.0,6.934672943868927e-7,0.579374586258684,1.8059044124658666e-7,-1.0034923061640306]
248.0,[0.012003350017645667,-0.007873287207379082,-0.01807478611226543,-0.00011587246717681408,0.0,6.962993280567271e-7,0.5793705074054183,1.8132795001477268e-7,-1.0035020381539765]
249.0,[0.012003141591776512,-0.007865234389707135,-0.018061996343021747,-0.00011580141290323807,0.0,6.965681327615941e-7,0.5793591177581434,1.8139795123999845e-7,-1.0035292106941909]
250.0,[0.01200305632664822,-0.007864286999392787,-0.018056312001135666,-0.00011577299119380767,0.0,6.974245481365895e-7,0.5793575387834384,1.8162097607723686e-7,-1.0035329779825641]
251.0,[0.012003151065679655,-0.007859550047821054,-0.018039258975477424,-0.0001157474116553203,0.0,6.975319124904139e-7,0.5793540782102462,1.8164893554437862e-7,-1.00354123395981]
252.0,[0.012003122643970224,-0.007860971133292574,-0.018052048744721105,-0.00011575593816814943,0.0,6.977917479268416e-7,0.5793534967443554,1.81716601022615e-7,-1.0035426212640906]
253.0,[0.012003065800551363,-0.007862392218764095,-0.018044943317363504,-0.00011573604297154815,0.0,6.978320535757688e-7,0.5793524421143726,1.8172709728535646e-7,-1.0035451373243018]
254.0,[0.012003037378841933,-0.00785765526719236,-0.018039258975477424,-0.0001157474116553203,0.0,6.979111331172891e-7,0.5793522348827636,1.817476909159607e-7,-1.0035456317479543]
255.0,[0.01200305632664822,-0.00786191852360692,-0.018043522231891984,-0.00011572751645871902,0.0,6.979256851616439e-7,0.5793519125364008,1.8175148051084474e-7,-1.003546400779474]
256.0,[0.01200308474835765,-0.007856707876878014,-0.018046364402835025,-0.00011572467428777598,0.0,6.979498246171717e-7,0.5793518403594853,1.8175776682738848e-7,-1.003546572981594]
257.0,[0.01200305632664822,-0.007859550047821054,-0.018043522231891984,-0.00011575593816814943,0.0,6.979549401260125e-7,0.5793517415574789,1.8175909899114908e-7,-1.003546808696779]
258.0,[0.011888876845963143,-0.001874411736935144,-0.0010970779840135947,-5.836113814439158e-5,0.0,6.979492507318743e-7,0.5710581070848905,1.8175761737809229e-7,-1.0233330509364937]
259.0,[0.011886280996501833,-0.0017569353379561408,-0.000744648787076585,-5.650235834764316e-5,0.0,1.3211014482560342e-6,0.5707563819297815,3.440368354833423e-7,-1.024053103503753]
260.0,[0.011968760797268866,-0.005749238122613557,-0.012316547781665577,-9.664802291808881e-5,0.0,1.3350119513048838e-6,0.5765591934611822,3.476593623189801e-7,-1.0102092581040192]
261.0,[0.011969357653166904,-0.005791396991601989,-0.012441603303159354,-9.743814644025405e-5,0.0,8.99477662339837e-7,0.5766954085518621,2.3423897456766589e-7,-1.009884132268294]
262.0,[0.011991933964357788,-0.007147586226589434,-0.016140688785526436,-0.00010946337170025798,0.0,8.953102914199422e-7,0.578432675120139,2.3315372172394328e-7,-1.0057395091099155]
263.0,[0.01199272977222184,-0.007207271816393282,-0.01630837687116582,-0.00011008012279489775,0.0,7.645331516163631e-7,0.5785278452048059,1.9909717490009455e-7,-1.0055124137732314]
264.0,[0.011999456243453702,-0.007623176164391527,-0.017404033769707894,-0.00011368115337972994,0.0,7.591808150522782e-7,0.5790506610109026,1.9770333725319743e-7,-1.0042651227242807]
265.0,[0.012095379512781316,-0.015089085536601486,-0.03652758095995523,-0.00017208492408826712,0.0,7.198238547109632e-7,0.5874953656517128,1.8745412883098003e-7,-0.9841184561680048]
266.0,[0.01209853432252809,-0.015408356072536357,-0.03732338882400654,-0.0001750947831169469,0.0,8.037327697271455e-8,0.5879671138212771,2.0930540878311084e-8,-0.9829927714454093]
267.0,[0.012034765480469407,-0.010084969896221688,-0.02389839437455521,-0.00013461090020427946,0.0,5.3401731835812905e-8,0.5821118520610202,1.3906700998909613e-8,-0.996961743440756]
268.0,[0.012034954958532277,-0.010081654030121474,-0.023869972665124806,-0.0001341419419986778,0.0,4.98342294374433e-7,0.5820238050764504,1.2977663916000857e-7,-0.9971719572970019]
269.0,[0.012013809206716056,-0.008580987772196142,-0.019964829789387295,-0.00012197460819152182,0.0,4.988465397329792e-7,0.5802627750039183,1.2990795305546334e-7,-1.0013732720787019]
270.0,[0.012013079716174008,-0.008539302598364882,-0.019844037524308078,-0.00012145733307988847,0.0,6.319511861006979e-7,0.5801810335222501,1.645706213803901e-7,-1.001568331436627]
271.0,[0.012006627988133307,-0.008093555455464713,-0.018675905266718473,-0.00011778524822148027,0.0,6.362714372447125e-7,0.5796506146485472,1.6569568678247723e-7,-1.002833760863979]
272.0,[0.012006154292976134,-0.008069870697606044,-0.018606272078613983,-0.00011750955764000536,0.0,6.762636504686439e-7,0.5796094748697039,1.76110325642876e-7,-1.00293192290501]
273.0,[0.012098818539622394,-0.015416882585365478,-0.03732196773853502,-0.00017456329715059835,0.0,6.788155297447651e-7,0.5878533211301027,1.7677487753769926e-7,-0.9832644620237303]
274.0,[0.012100239625093915,-0.01557604415817574,-0.03773408252527588,-0.00017636239135754292,0.0,5.372368790132857e-8,0.5881478927834691,1.3990543724304316e-8,-0.982561474975041]
275.0,[0.011928221965717967,-0.0036327681603628053,-0.006359357485052897,-7.774758614687016e-5,0.0,4.0019255475426975e-8,0.5738930841820857,1.0421681113392443e-8,-1.0165693706010435]
276.0,[0.012033713877220482,-0.009973651534285938,-0.023592860998178367,-0.00013266685527923983,0.0,1.1179871594884888e-6,0.5817742690434564,2.911424894501273e-7,-0.9977675002774536]
277.0,[0.012081225501484974,-0.013822424686319813,-0.033372771213180386,-0.00016290471194224665,0.0,5.090822948874937e-7,0.5861784481668508,1.3257351429361814e-7,-0.987260169759904]
278.0,[0.011901723458625686,-0.002422477033784768,-0.0027696955839928705,-6.489528914244147e-5,0.0,1.833956195253659e-7,0.5720308050928109,4.7759275918064034e-8,-1.021012287634158]
279.0,[0.011916246952144622,-0.0030567548492399506,-0.004652633833757136,-7.067058049869956e-5,0.0,1.2554605239195643e-6,0.5728050568377531,3.2694284477071987e-7,-1.0191655270658333]
280.0,[0.011972948262458278,-0.005998401775286765,-0.013007195320824394,-9.906102604873011e-5,0.0,1.1827145397114666e-6,0.5769132648602966,3.079985780498611e-7,-1.0093644905170567]
281.0,[0.011977495735967143,-0.006261776282675175,-0.013724843483942095,-0.00010173550890613113,0.0,8.749514094695922e-7,0.5773177642405639,2.27851929549373e-7,-1.0083993606515869]
282.0,[0.011993402419345026,-0.007242798953181287,-0.01639364199945703,-0.00011031886515411314,0.0,8.488105998564068e-7,0.5785580717658441,2.2104442704593927e-7,-1.0054403319338432]
283.0,[0.011995221408748572,-0.007355538400588556,-0.016696333204890834,-0.00011140457445435457,0.0,7.557296557716252e-7,0.5787179518468362,1.9680459785719408e-7,-1.0050588704974248]
284.0,[0.011999882569095158,-0.007661071776965399,-0.01751061518007191,-0.00011399663435440742,0.0,7.449628360961145e-7,0.5790941601973072,1.9400073856669648e-7,-1.0041613410160084]
285.0,[0.011885958883794956,-0.0017559879476417941,-0.0007560174708487466,-5.705089733964996e-5,0.0,7.16738355127744e-7,0.5708629849951664,1.8665061331451667e-7,-1.0237985632038011]
286.0,[0.011884964123964892,-0.0017147764689677083,-0.000616751094639767,-5.5968030210351565e-5,0.0,1.3354330857933135e-6,0.5706743276491635,3.477690327586754e-7,-1.0242488666916694]
287.0,[0.011967964989404814,-0.005704237082682083,-0.01219575551658636,-9.62529611570062e-5,0.0,1.3409658641987694e-6,0.5764984547311827,3.492098604684295e-7,-1.0103541654862727]
288.0,[0.011968988170944309,-0.005772922880472226,-0.012386180969770066,-9.72590896708425e-5,0.0,9.039598430408923e-7,0.5766690387876854,2.3540620912523237e-7,-1.0099470445921805]
289.0,[0.011991753960198063,-0.007131480591245538,-0.016083845366665628,-0.00010931273664027684,0.0,8.972326212308001e-7,0.5784136844030745,2.336543284455209e-7,-1.0057848162214582]
290.0,[0.011992739246124984,-0.007198745303564161,-0.016282797332678456,-0.0001100062263503787,0.0,7.659371519918821e-7,0.5785193628701367,1.9946279999788597e-7,-1.0055326507016566]
291.0,[0.011999427821744272,-0.00761512334671958,-0.017398349427821813,-0.00011362999430275521,0.0,7.598007163437219e-7,0.5790447102017549,1.978647698811776e-7,-1.0042793198760693]
292.0,[0.01199983519957944,-0.007653018959293451,-0.01750777300912887,-0.00011396821264497702,0.0,7.202668222725527e-7,0.5790928214737608,1.875694849668106e-7,-1.0041645260078926]
293.0,[0.012096990076315706,-0.015239720596582627,-0.03689279992613592,-0.0001731734755594516,0.0,7.171873068884492e-7,0.5876533216290197,1.8676752783553363e-7,-0.9837416173948055]
294.0,[0.012098676431075242,-0.015420198451465692,-0.03736033704626607,-0.000175242576005985,0.0,6.839858715196667e-8,0.5879849066132612,1.7812132070824653e-8,-0.9829503186507151]
295.0,[0.012035390758076876,-0.010121918118481213,-0.023997870357561624,-0.00013490080164046958,0.0,5.221458912233816e-8,0.5821599116635396,1.3597549250608897e-8,-0.9968470865364801]
296.0,[0.012034973906338564,-0.010087812067164728,-0.02389981546002673,-0.00013420446975942468,0.0,4.947199845373348e-7,0.5820306676645124,1.2883332930659763e-7,-0.9971555838289439]
297.0,[0.012013951315263208,-0.008596619712382864,-0.01999609366976074,-0.00012207976851641433,0.0,4.983774807855991e-7,0.5802774035043915,1.2978580228791647e-7,-1.0013383724886236]
298.0,[0.012013278668140021,-0.00853740781773619,-0.019836932096950477,-0.00012146301742177455,0.0,6.308535439380608e-7,0.5801835512395324,1.6428477706720333e-7,-1.0015623244905245]
299.0,[0.012006675357649025,-0.00809876610219362,-0.018694379377848236,-0.00011781366993091068,0.0,6.360967049493997e-7,0.5796550766990889,1.6565018358057285e-7,-1.0028231156238538]
300.0,[0.012006286927620142,-0.008069870697606044,-0.018607693164085504,-0.00011751808415283448,0.0,6.759294993654348e-7,0.5796103692396504,1.7602330712641534e-7,-1.0029297890745126]
301.0,[0.012098894330847543,-0.015418303670836998,-0.037336178593250224,-0.00017456898149248443,0.0,6.787525962272866e-7,0.5878547019919967,1.767584886008559e-7,-0.9832611676593063]
302.0,[0.012100239625093915,-0.015568465035660966,-0.03772555601244676,-0.0001763538648447138,0.0,5.361952974703835e-8,0.5881482077686653,1.3963419204957904e-8,-0.982560723473159]
303.0,[0.012036034983490632,-0.010176393061556153,-0.024148505417542765,-0.00013537828635890037,0.0,3.9997255413277324e-8,0.582225624399981,1.041595193054097e-8,-0.9966903103590649]
304.0,[0.012035599183946033,-0.010129023545838814,-0.024017765554162906,-0.00013453416158881737,0.0,4.899149609979189e-7,0.5820818402354717,1.2758202109320804e-7,-0.9970334989792892]
305.0,[0.01201422605845437,-0.008614620128355453,-0.020037305148434825,-0.00012220766620885115,0.0,4.945716083770782e-7,0.5802987190314395,1.2879468968153078e-7,-1.0012875183719974]
306.0,[0.01201343972449346,-0.008548776501508351,-0.019879564661096083,-0.00012155965123383793,0.0,6.292974014417702e-7,0.5801995661083057,1.63879531625461e-7,-1.0015241170335425]
307.0,[0.011893187471893421,-0.002055363286975383,-0.001666933258093195,-6.047002898412756e-5,0.0,6.349130447724235e-7,0.5713640909085015,1.6534193874281863e-7,-1.022603038444377]
308.0,[0.011889871605793207,-0.0019208338623381374,-0.001247713043994736,-5.833271643496118e-5,0.0,1.2991247073720498e-6,0.5710161364210046,3.38313725878138e-7,-1.0234333956544273]
309.0,[0.011969992404677516,-0.005825503042918474,-0.012525447345979046,-9.733867045724763e-5,0.0,1.3159442559438176e-6,0.5766585465146475,3.4269381665203583e-7,-1.0099722232951465]
310.0,[0.01197030504348125,-0.005851556276563011,-0.012610712474270258,-9.7998054116033e-5,0.0,8.922743332823718e-7,0.576775986051983,2.3236310762561765e-7,-1.0096918948025313]
311.0,[0.011992350816096101,-0.007169849898976583,-0.016203216546273325,-0.00010966800800815689,0.0,8.893422639462404e-7,0.5784649114848466,2.315995479026668e-7,-1.0056626002226745]
312.0,[0.011993061358831861,-0.007228588098466085,-0.016353851606254466,-0.00011023075785487889,0.0,7.6218719531524e-7,0.5785529569048722,1.9848624878001043e-7,-1.0054525035938033]
313.0,[0.01199956045638828,-0.007634544848163689,-0.017433876564609818,-0.00011375504982424899,0.0,7.573202011002492e-7,0.5790610986205076,1.9721880236985655e-7,-1.0042402209054324]
314.0,[0.012000062573254883,-0.007659650691493879,-0.01751061518007191,-0.00011400800303817958,0.0,7.190657766365465e-7,0.5791033924596165,1.8725671266576732e-7,-1.004139306226978]
315.0,[0.011887512603910484,-0.001818515708388683,-0.0009379164112033322,-5.7735860536922694e-5,0.0,7.164015912632762e-7,0.5709645617056913,1.865629143914782e-7,-1.0235562300741332]
316.0,[0.011885002019577465,-0.0017185660302250954,-0.0006210143510543276,-5.600213626166805e-5,0.0,1.3278529634032774e-6,0.5706801965990574,3.457950425529368e-7,-1.0242348623468784]
317.0,[0.011968343945530553,-0.005732185096955314,-0.01226538870469085,-9.645475529396207e-5,0.0,1.340631951461764e-6,0.5765289243283247,3.4912290402650106e-7,-1.0102814736138366]
318.0,[0.011968988170944309,-0.0057757650514152666,-0.012391865311656147,-9.728466920932986e-5,0.0,9.01674581764453e-7,0.5766717415509852,2.3481108900115964e-7,-1.0099405957550003]
319.0,[0.01199180132971378,-0.007142375579860526,-0.016123635759868193,-0.00010939800176856805,0.0,8.970610457621272e-7,0.5784228811942499,2.3360964733388731e-7,-1.0057628752440917]
320.0,[0.011992748720028127,-0.0071944820471496005,-0.016268586477963254,-0.00010999485766660654,0.0,7.652466672823308e-7,0.5785204594694873,1.992829862714403e-7,-1.0055300342823186]
321.0,[0.01199934255661598,-0.007626492030491741,-0.017416823538951576,-0.00011366694252501473,0.0,7.597276605523895e-7,0.5790474975974076,1.9784574493551812e-7,-1.004272669920349]
322.0,[0.01199986362128887,-0.0076544400447649714,-0.017496404325356707,-0.0001139596861321479,0.0,7.200576937894597e-7,0.579093237186052,1.875150244243385e-7,-1.0041635341624524]
323.0,[0.012001872088755286,-0.007781390346887442,-0.017844570265879156,-0.00011503118457767413,0.0,7.171605995100613e-7,0.579252467903935,1.867605727890785e-7,-1.0037836541293976]
324.0,[0.012097065867540852,-0.01525819470771239,-0.03693543249028153,-0.00017332695279037577,0.0,7.051940282632932e-7,0.5876730826278593,1.8364427819356596e-7,-0.9836944690142603]
325.0,[0.012099083808910411,-0.01547419969938346,-0.03746691845663008,-0.0001756006895448081,0.0,6.706368964696885e-8,0.5880339321468899,1.7464502512231473e-8,-0.9828333572580235]
326.0,[0.012035333914658015,-0.010127602460367294,-0.024006396870390745,-0.00013498322459781775,0.0,4.85039235168015e-8,0.5821674002905193,1.2631230082500392e-8,-0.996829219486877]
327.0,[0.012123659113664568,-0.017890518696124975,-0.043367265334381955,-0.00019266224171587962,0.0,4.942151175021916e-7,0.5904797187799539,1.2870185351619573e-7,-0.9769985617017952]
328.0,[0.012108226125443858,-0.01635053574015425,-0.03963833705711295,-0.0001822343165258644,0.0,-0.0,0.5890073069215851,0.0,-0.9805111392013615]
329.0,[0.012045376251990092,-0.010884093626373213,-0.02596038939373102,-0.00014098588962951908,0.0,-0.0,0.5830426723632018,0.0,-0.9947410530763612]
330.0,[0.012126434967285604,-0.018187525559672697,-0.044074965899199015,-0.00019486492419673593,0.0,4.289407902509445e-7,0.5908035637519973,1.117033307945168e-7,-0.9762259368133747]
331.0,[0.012110803027098882,-0.016609173295970926,-0.040274983348354,-0.00018413857105770146,0.0,-0.0,0.5892833131692492,0.0,-0.9798526671533627]
332.0,[0.012046522594270451,-0.010970306144978773,-0.02617923655634513,-0.00014174190710036783,0.0,-0.0,0.5831489072954263,0.0,-0.9944876068809114]
333.0,[0.012039843492554306,-0.010438346483473044,-0.024807889076328138,-0.00013707790458283853,0.0,4.211785687882841e-7,0.582452346644674,1.0968191895528231e-7,-0.9961495519971953]
334.0,[0.012017712454811164,-0.008851941402099326,-0.020669688183261314,-0.00012419718586897943,0.0,4.6748559322546933e-7,0.5805873249364826,1.2174103990246597e-7,-1.0005989774678177]
335.0,[0.012014860809964981,-0.008651568350614978,-0.02013962330238428,-0.00012241230251675006,0.0,6.078774586672832e-7,0.5803197477727751,1.5830142152793835e-7,-1.0012373902697578]
336.0,[0.012007906965057675,-0.00817787319344158,-0.018893331343861064,-0.00011849294878629733,0.0,6.261366325097197e-7,0.5797522200471474,1.6305641471607286e-7,-1.0025913557934598]
337.0,[0.011893253789215425,-0.002053468506346689,-0.001652722403377993,-6.041886990715283e-5,0.0,6.687334406439567e-7,0.5713564058444369,1.7414933350103041e-7,-1.022621384890215]
338.0,[0.0118879957729708,-0.0018384109049899657,-0.0010018652574217413,-5.741185304941609e-5,0.0,1.2992316614243118e-6,0.5708838269952956,3.3834157849591455e-7,-1.023749048179674]
339.0,[0.011969954509064943,-0.005821713481661087,-0.012514078662206884,-9.729888006404507e-5,0.0,1.3258046840081814e-6,0.5766521248462413,3.452616364604639e-7,-1.0099875470827828]
340.0,[0.011849759099883764,-0.0004244308608273665,0.0034845015761675313,-4.063451797264861e-5,0.0,8.926048065144082e-7,0.5684801855539794,2.3244916836312712e-7,-1.0294833046800804]
341.0,[0.01187343438383929,-0.0012695030212247123,0.0007787548383930698,-5.053095719631528e-5,0.0,1.5106384404857536e-6,0.5698805384115531,3.933954272098317e-7,-1.0261426835890235]
342.0,[0.011836135627163458,1.8947806286936004e-5,0.00496243046654854,-3.419984295760514e-5,0.0,1.3977168714012855e-6,0.5675212377635185,3.6398876859408477e-7,-1.0317712605202027]
343.0,[0.011842123133950128,-0.00016484591469634322,0.0043513637137948535,-3.657874003692996e-5,0.0,1.5749793170312716e-6,0.5678594579965457,4.10150863810227e-7,-1.0309644269865685]
344.0,[0.011953820452011616,-0.004927377024917708,-0.010034284514404135,-8.883205282472771e-5,0.0,1.547416500161174e-6,0.5754152543751891,4.029730469169724e-7,-1.0129384457822275]
345.0,[0.011957467904721852,-0.0051230131248303215,-0.010581402420939412,-9.124221378442597e-5,0.0,9.82503931855144e-7,0.5757963594423416,2.5586039892061044e-7,-1.0120290362246744]
346.0,[0.01198740543865521,-0.006862421741971047,-0.015383250229206169,-0.00010692815521906594,0.0,9.617519977278913e-7,0.5780625106064836,2.50456249408305e-7,-1.0066226396073883]
347.0,[0.011872619628168952,-0.0012429760924230018,0.000865441052155802,-5.089191290608141e-5,0.0,7.914860300796622e-7,0.5699693781850045,2.061161536665787e-7,-1.0259304804322142]
348.0,[0.011880132433361723,-0.0015267194915698683,-3.694822225952521e-5,-5.3702819968748365e-5,0.0,1.4011045405571374e-6,0.5703423409667489,3.648709741034212e-7,-1.0250409155166635]
349.0,[0.01196434595840401,-0.005500548165097522,-0.01163300566986436,-9.434018011234001e-5,0.0,1.3647996745159501e-6,0.5762217244495175,3.554165819051954e-7,-1.0110143733846064]
350.0,[0.012068862057882749,-0.012753768411736623,-0.030694025099364808,-0.00015443220036104321,0.0,9.244573382593639e-7,0.5849299366186747,2.4074409850504267e-7,-0.990238909944497]
351.0,[0.01208951516673551,-0.014564231302453358,-0.03524576186464401,-0.00016869421415321992,0.0,2.723701309017708e-7,0.5870287056171513,7.09297215890028e-8,-0.9852316138741288]
352.0,[0.012115729456733485,-0.017098974088488223,-0.041454484289715765,-0.00018737580376182447,0.0,1.2208831217682935e-7,0.5897365338859266,3.179383129604931e-8,-0.9787714556179722]
353.0,[0.012121991706711317,-0.01775883144243077,-0.04306031087253359,-0.00019230412817705653,0.0,-0.0,0.590460514964446,0.0,-0.9770442000133933]
354.0,[0.012129693989966956,-0.01856032364836816,-0.04498019734455738,-0.00019813626295217543,0.0,-0.0,0.5913073151110468,0.0,-0.9750239768065028]
355.0,[0.012131655087917654,-0.018791486885068782,-0.04555289478958002,-0.00019984156551799967,0.0,-0.0,0.5915546687712545,0.0,-0.9744338616457212]
356.0,[0.0121339098768658,-0.019049650745728283,-0.04617959348252043,-0.00020167760794720377,0.0,-0.0,0.59182039043624,0.0,-0.9737999256735419]
357.0,[0.012134762528148713,-0.01911738915320408,-0.046350123739102855,-0.00020222330476826753,0.0,-0.0,0.5919041894418657,0.0,-0.9736000051886917]
358.0,[0.012050368998946698,-0.011280576472927349,-0.026966517907567322,-0.00014437375739362324,0.0,-0.0,0.5835380271063586,0.0,-0.9935592781891159]
359.0,[0.012048881596153175,-0.011141783791875543,-0.02660556219780119,-0.00014261729575082427,0.0,3.944488565163628e-7,0.5832535975542328,1.0272105638446947e-7,-0.9942379867094931]
360.0,[0.012019161961992115,-0.00895947020277769,-0.020972379388695117,-0.00012518910352810053,0.0,4.071891644769552e-7,0.5807292791827494,1.0603884491587377e-7,-1.0002602936601421]
361.0,[0.012017740876520595,-0.008851941402099326,-0.020668267097789794,-0.00012408634120220086,0.0,5.979829199425211e-7,0.5805645655878093,1.5572471873503156e-7,-1.000653321377269]
362.0,[0.012008428029730567,-0.008216716196329797,-0.01899564949781052,-0.00011883685147040522,0.0,6.077859303019314e-7,0.5798024489364129,1.5827758601612797e-7,-1.0024715174609613]
363.0,[0.012007708013091662,-0.00816839929029811,-0.0188677518053737,-0.00011834799806820227,0.0,6.652035062889581e-7,0.5797291591313751,1.7323007976274953e-7,-1.0026463865021142]
364.0,[0.012004790050923475,-0.007976552751642883,-0.018356161035626428,-0.00011674501365632749,0.0,6.699364417350287e-7,0.5794985256801344,1.7446261503516375e-7,-1.0031966137118369]
365.0,[0.012004553203344887,-0.007957604945355948,-0.01830215978770866,-0.00011654321951937162,0.0,6.872665008080186e-7,0.579469331914711,1.7897565125208818e-7,-1.0032662678843685]
366.0,[0.012003634234739971,-0.007893656099137539,-0.018141577129426878,-0.00011606573480094083,0.0,6.892268829621339e-7,0.5793993361340144,1.794861674380557e-7,-1.0034332585184524]
367.0,[0.012003416334967671,-0.007890813928194499,-0.018123103018297115,-0.00011599468052736482,0.0,6.944885112762182e-7,0.5793883979127836,1.8085638314484849e-7,-1.003459355868256]
368.0,[0.011889009480607152,-0.001886254115864479,-0.0011453948900452815,-5.848335149494232e-5,0.0,6.952336239277509e-7,0.5710732698711759,1.8105042289785182e-7,-1.0232968758907746]
369.0,[0.011886252574792403,-0.001768777716885476,-0.0007759126674500294,-5.6613203014421736e-5,0.0,1.3200005798131816e-6,0.5707676697477068,3.4375015099301606e-7,-1.0240261736021063]
370.0,[0.011968770271172009,-0.00575113290324225,-0.012323653209023178,-9.670202416600658e-5,0.0,1.3341787252082031e-6,0.5765640665568763,3.474423763563029e-7,-1.0101976319924255]
371.0,[0.011969329231457474,-0.005791396991601989,-0.012447287645045435,-9.745235729496925e-5,0.0,8.991229671459233e-7,0.5766989273917643,2.3414660602758422e-7,-1.0098757371949936]
372.0,[0.011875708120593723,-0.0013571366253017911,0.0005030642569181509,-5.218225851422175e-5,0.0,8.950234468504273e-7,0.5701533798472911,2.330790226172988e-7,-1.025491542015551]
373.0,[0.01187411650486562,-0.0012860823517257811,0.0007219114195322618,-5.0940229812113096e-5,0.0,1.38590968734771e-6,0.5699460483920196,3.6091398108013287e-7,-1.0259863509467841]
374.0,[0.011964971236011479,-0.005538443777671393,-0.011729639481927734,-9.465566108701749e-5,0.0,1.3946048506991139e-6,0.576264208530398,3.631783465362276e-7,-1.0109130291506399]
375.0,[0.011965947048035256,-0.005603813709361322,-0.01191580167869688,-9.57328438744298e-5,0.0,9.208236356993731e-7,0.5764445725344198,2.397978217967117e-7,-1.0104825629620393]
376.0,[0.011990759200367998,-0.00707605825785625,-0.015938894648570567,-0.00010882672540901693,0.0,9.138764705373626e-7,0.5783366055352944,2.3798866420243817e-7,-1.00596871032168]
377.0,[0.011991810803616923,-0.00714711253143226,-0.016137846614583395,-0.00010953158380289095,0.0,7.715112881744277e-7,0.5784498132063092,2.0091439796209055e-7,-1.00569857831898]
378.0,[0.011999048865618533,-0.007601859882318724,-0.017358559034619248,-0.00011347083272994495,0.0,7.64964922333079e-7,0.579019456646741,1.9920961519090598e-7,-1.0043395694873902]
379.0,[0.011999579404194567,-0.007636913323949556,-0.01745092959026806,-0.00011382041975593892,0.0,7.220987565030211e-7,0.5790712090767014,1.8804655117266177e-7,-1.0042160876665682]
380.0,[0.012001720506304991,-0.0077752323098441885,-0.017821832898334833,-0.0001150084472101298,0.0,7.187932185944512e-7,0.5792433803295813,1.8718573400897167e-7,-1.0038053350684342]
381.0,[0.012002023671205581,-0.007787074688773523,-0.017847412436822196,-0.0001151278183897375,0.0,7.058526684101584e-7,0.5792642789407776,1.8381579906514543e-7,-1.0037554723315265]
382.0,[0.012097539562698026,-0.015296090320286261,-0.03704059281517402,-0.0001736310650812811,0.0,7.044605646784963e-7,0.5877189600537429,1.8345327205169178e-7,-0.9835850183219865]
383.0,[0.012099102756716698,-0.015471831223597592,-0.037478287140402244,-0.00017560921605763721,0.0,6.358481752026919e-8,0.5880389684734518,1.6558546229236765e-8,-0.9828213407793424]
384.0,[0.012035589710042888,-0.010140865924768148,-0.02403055532340659,-0.00013505143670045072,0.0,4.8169103112916595e-8,0.582181355574864,1.2544037268988696e-8,-0.9967959260460758]
385.0,[0.012035277071239154,-0.010093970104207982,-0.02390976305832737,-0.0001342897348877159,0.0,4.93151969457813e-7,0.5820475981774921,1.2842499204630545e-7,-0.997115191902258]
386.0,[0.012014055528197787,-0.00859756710269721,-0.0200074623535329,-0.00012209682154207258,0.0,4.971180490814733e-7,0.5802843665560956,1.2945782528163366e-7,-1.001321760186904]
387.0,[0.012013288142043166,-0.008542144769307923,-0.01985540620808024,-0.00012148859696026192,0.0,6.303454632783399e-7,0.5801888470088541,1.64152464395401e-7,-1.0015496901165422]
388.0,[0.012006732201067885,-0.008101134577979488,-0.018690116121433675,-0.00011781651210185372,0.0,6.357041421222996e-7,0.579657329309844,1.655479536776822e-7,-1.0028177413979944]
389.0,[0.012006249032007569,-0.008076502429806471,-0.018613377505971584,-0.00011753229500754968,0.0,6.757650717583032e-7,0.5796120265726146,1.759804874370581e-7,-1.0029258350928598]
390.0,[0.011890155822887511,-0.0019340973267389925,-0.001290345608140342,-5.905747002543648e-5,0.0,6.786265009050337e-7,0.5711563977661693,1.7672565127735254e-7,-1.0230985505530321]
391.0,[0.011887389443169619,-0.0018123576713454286,-0.0009137579581874888,-5.7053739510593e-5,0.0,1.3140028213397312e-6,0.5708362475414166,3.4218823472388835e-7,-1.0238625644379133]
392.0,[0.012070330512869987,-0.012849928528642824,-0.03092281986027956,-0.00015478178738703718,0.0,1.3291663188185577e-6,0.5849604757553424,3.4613706219233274e-7,-0.9901661968287971]
393.0,[0.012072367402045831,-0.013053617446227385,-0.031459990168514196,-0.00015743353287689388,0.0,2.643667191141994e-7,0.5854007189561111,6.884549976932277e-8,-0.9891155220499632]
394.0,[0.012025310525132227,-0.009393374966748523,-0.022095036911196075,-0.00012884129318990745,0.0,2.4584545777110383e-7,0.5812691986820941,6.402225462789162e-8,-0.9989721423746677]
395.0,[0.012025613690032817,-0.009406638431149379,-0.0221177742787404,-0.0001286480255657807,0.0,5.594147017499508e-7,0.5812260709090822,1.4568091191404968e-7,-0.9990751449078688]
396.0,[0.012010521762325272,-0.008363087999896377,-0.019397816686250735,-0.00012008172234345692,0.0,5.583297047760223e-7,0.5799850553275063,1.4539836061875582e-7,-1.0020358531221292]
397.0,[0.011897194932923108,-0.002225893543557807,-0.0021813661987835076,-6.232880878087599e-5,0.0,6.520872779084019e-7,0.5716314490258186,1.6981439528864635e-7,-1.0219652044981462]
398.0,[0.011889123167444874,-0.0018843593352357855,-0.0011368683772161603,-5.791491730633424e-5,0.0,1.2788598188924584e-6,0.5709610806833553,3.33036411169911e-7,-1.023564735676788]
399.0,[0.011971072429635871,-0.005884241242407976,-0.01269171434614691,-9.788720944925443e-5,0.0,1.3203319564963147e-6,0.5767365690767303,3.4383644700424863e-7,-1.0097860853212137]
400.0,[0.011970096617612095,-0.005839713897633676,-0.012562395568238571,-9.790426247491267e-5,0.0,8.86341677943075e-7,0.5767620044884596,2.3081814529767577e-7,-1.0097252486995598]
401.0,[0.011992635033190405,-0.007189271400420693,-0.016257217794191092,-0.0001098584334613406,0.0,8.904780216812618e-7,0.5784878090425561,2.3189531814616196e-7,-1.0056079735977665]
402.0,[0.011993089780541292,-0.007220061585636964,-0.016338219666067744,-0.00011021938917110673,0.0,7.60445835880972e-7,0.5785494925903774,1.9803276976066978e-7,-1.0054607678364695]
403.0,[0.011999693091032288,-0.007637387019106729,-0.01744098199196742,-0.00011379199804650851,0.0,7.57605626537857e-7,0.5790678443729024,1.9729313191090025e-7,-1.0042241275695138]
404.0,[0.011999986782029737,-0.007660124386651052,-0.01751345735101495,-0.00011403642474760999,0.0,7.185531947735e-7,0.5791025669555314,1.8712322780559896e-7,-1.004141275460802]
405.0,[0.012002033145108726,-0.007783285127516137,-0.017837464838521555,-0.0001150993966803071,0.0,7.164780081282089e-7,0.5792588532687734,1.865828146167211e-7,-1.003768420229501]
406.0,[0.011887758925392214,-0.0018232526599604169,-0.000950706180447014,-5.784954737464431e-5,0.0,7.04698124740697e-7,0.570981627935856,1.835151366512232e-7,-1.0235155107452167]
407.0,[0.011885740984022656,-0.0017450929590268058,-0.0007005951374594588,-5.6326143749174655e-5,0.0,1.3267374883423067e-6,0.5707266014008799,3.455045542558091e-7,-1.0241241533498608]
408.0,[0.011968410262852558,-0.005732658792112487,-0.01226680979016237,-9.649738785810767e-5,0.0,1.3371696170917916e-6,0.5765354605448292,3.4822125445098737e-7,-1.0102658788321992]
409.0,[0.011969215544619752,-0.0057833441739300415,-0.012418865935615031,-9.738414519233628e-5,0.0,9.012316210361328e-7,0.5766857849092694,2.3469573464482626e-7,-1.0099070921563218]
410.0,[0.011991886594842072,-0.007142849275017699,-0.016119372503453633,-0.0001094292656489415,0.0,8.960102648294674e-7,0.5784252759347365,2.3333600646600713e-7,-1.0057571617022232]
411.0,[0.011992852932962705,-0.007197324218092641,-0.016277112990792375,-0.0001100204372050939,0.0,7.650808782727345e-7,0.5785247348778539,1.992398120501913e-7,-1.005519834320291]
412.0,[0.011999408873937984,-0.007621281383762834,-0.017409718111593975,-0.00011365273167029953,0.0,7.594076687254746e-7,0.5790483485442779,1.9776241373059234e-7,-1.0042706396899617]
413.0,[0.011999892042998301,-0.0076544400447649714,-0.017494983239885187,-0.00011396537047403398,0.0,7.199979917000739e-7,0.57909454378275,1.874994770052276e-7,-1.004160416974722]
414.0,[0.012001853140948999,-0.007782811432358963,-0.017850254607765237,-0.00011505392194521845,0.0,7.170629024076181e-7,0.5792527637053586,1.8673513083531722e-7,-1.0037829483968237]
415.0,[0.012002061566818156,-0.007795127506445471,-0.01787299197530956,-0.00011518181963765527,0.0,7.051686309633952e-7,0.5792715606931401,1.836376643133842e-7,-1.003738099906591]
416.0,[0.012002696318328768,-0.007833023119019343,-0.017980994471145095,-0.00011552572232176316,0.0,7.039152959155258e-7,0.5793195303826371,1.833112749780015e-7,-1.0036236574854573]
417.0,[0.012097653249535748,-0.01530556422342973,-0.037051961498946184,-0.00017371348803862927,0.0,7.00319969703211e-7,0.5877292500558812,1.823749921102112e-7,-0.9835604678381015]
418.0,[0.012099320656488999,-0.015490305334727355,-0.03752660404643393,-0.00017572574506630187,0.0,6.286014732701382e-8,0.5880560458924261,1.6369830033076517e-8,-0.9827805986781218]
419.0,[0.012035656027364894,-0.010142760705396842,-0.024058977032836992,-0.0001350912270936533,0.0,4.688009343229945e-8,0.5821849886945385,1.2208357664661315e-8,-0.9967872580002058]
420.0,[0.012035362336367445,-0.010098707055779716,-0.023938184767757775,-0.00013433805179374758,0.0,4.928946867977511e-7,0.5820528475490641,1.28357991353581e-7,-0.9971026683096211]
421.0,[0.012014055528197787,-0.00859898818816873,-0.0200074623535329,-0.00012214229627716122,0.0,4.967243858549615e-7,0.5802856210971644,1.293553088163962e-7,-1.0013187670697599]
422.0,[0.01201332603765574,-0.008540723683836402,-0.01986109054996632,-0.00012150564998592016,0.0,6.302561974588083e-7,0.5801904605438339,1.6412921808823132e-7,-1.0015458406512097]
423.0,[0.012100789111476235,-0.0156106239046494,-0.03780940005526645,-0.0001760099621606059,0.0,6.355983259433746e-7,0.5880642322655962,1.6552039738108714e-7,-0.9827612728800514]
424.0,[0.012102020718884887,-0.015739942682557736,-0.038129144286358496,-0.00017761578874342374,0.0,3.8283407022778794e-8,0.5883307667039508,9.969637245515312e-9,-0.9821251845360771]
425.0,[0.011929093564807165,-0.0036791902857657983,-0.006498623861261876,-7.821370218152879e-5,0.0,2.6319885065683666e-8,0.5739613805563423,6.854136735855121e-9,-1.016406430072685]
426.0,[0.011925815594319525,-0.0035048704679259872,-0.005978506578685483,-7.54283746573492e-5,0.0,1.1130564765254292e-6,0.5735030158282206,2.898584574284972e-7,-1.0175003454728437]
427.0,[0.011980716863035923,-0.00645741238258779,-0.014262013792176731,-0.0001031963847708539,0.0,1.1324142324145884e-6,0.5775113388799709,2.948995396912991e-7,-1.0079376388200094]
428.0,[0.01198027158958818,-0.006436096100514987,-0.014200907116901362,-0.00010329870292480335,0.0,8.306348424938222e-7,0.5775448773630709,2.163111568994329e-7,-1.0078575178034033]
429.0,[0.011995714051712032,-0.007388697061590694,-0.016781598333182046,-0.00011158078905282308,0.0,8.323093158804433e-7,0.5787441081117369,2.1674721767719879e-7,-1.0049964964724691]
430.0,[0.011880653498034613,-0.0015447199075424576,-9.805489753489383e-5,-5.4546944738831364e-5,0.0,7.419151863899073e-7,0.5705059993723134,1.932070797890384e-7,-1.024650237895762]
431.0,[0.011883325138721071,-0.0016479854518062589,-0.0004050093593832571,-5.517790668818633e-5,0.0,1.3617409011833456e-6,0.5705599933904915,3.546200263498296e-7,-1.024521644961578]
432.0,[0.012068198884662706,-0.012671819149545625,-0.03049080987693742,-0.00015337207059928915,0.0,1.3491599981864039e-6,0.5847553768082838,3.513437495277094e-7,-0.9906555114573794]
433.0,[0.011970797686444712,-0.005887083413351016,-0.012704504115390591,-9.889333796309073e-5,0.0,2.7964501473444995e-7,0.5769383075376264,7.282422258709635e-8,-1.009304423319168]
434.0,[0.011911983695730061,-0.002856855492912776,-0.004075673132319935,-6.897948878759053e-5,0.0,8.856074921322783e-7,0.5725807954680693,2.3062695107611417e-7,-1.0197004185288536]
435.0,[0.011992028703389224,-0.007149007312060954,-0.016130741187225794,-0.0001091621015802957,0.0,1.204669615946602e-6,0.5783721382700748,3.137160458194276e-7,-1.0058840432233989]
436.0,[0.011976879932262818,-0.006234301963559118,-0.013653789210366085,-0.00010155360996577655,0.0,7.647735217611245e-7,0.5772964630974711,1.991597712919595e-7,-1.0084501397437193]
437.0,[0.01188397883803797,-0.001677828246708183,-0.0005002220859751105,-5.601066277449717e-5,0.0,8.519225551116419e-7,0.5707051497588724,2.218548320603234e-7,-1.0241751612618883]
438.0,[0.011876863936777227,-0.001400716579761744,0.0003609557097661309,-5.2278892326285124e-5,0.0,1.3453170216553215e-6,0.57013923069546,3.5034297438940666e-7,-1.0255254586683389]
439.0,[0.011967244972765911,-0.0056620782136936505,-0.012092016277165385,-9.580674031894886e-5,0.0,1.3807800920171477e-6,0.576434708634557,3.5957814896279885e-7,-1.0105062596790184]
440.0,[0.011966742855899307,-0.005653551700864529,-0.012049383713019779,-9.616485385777195e-5,0.0,9.081911409032159e-7,0.5765074919641348,2.3650810961021248e-7,-1.0103324506681146]
441.0,[0.01208848251129287,-0.014457649892089343,-0.03497007128316909,-0.00016722481177566803,0.0,9.093218311603669e-7,0.5867810161639754,2.3680256019801221e-7,-0.9858227576237414]
442.0,[0.011994264544531081,-0.007304379323613829,-0.016568435512454016,-0.0001115608938562218,0.0,1.3202363301506484e-7,0.5787787024589507,3.4381154431006466e-8,-1.0049137141420865]
443.0,[0.011920946008103783,-0.0032808126585829687,-0.00531628074895707,-7.345590802287916e-5,0.0,7.490128970273967e-7,0.5732381613900939,1.950554419342179e-7,-1.0181320824739537]
444.0,[0.012094924765430429,-0.015031294727426332,-0.03635989287431585,-0.00017119248241215243,0.0,1.1573426487428886e-6,0.5873418780643749,3.0139131477679393e-7,-0.9844847899545087]
445.0,[0.012158873611648838,-0.021901769287069325,-0.052949644668842666,-0.0002215529093518853,0.0,8.590753613683447e-8,0.5946804715907662,2.2371754202300642e-8,-0.9669766198861494]
446.0,[0.012123952804662014,-0.01796536253095837,-0.04355200644567958,-0.00019421975139266576,0.0,-0.0,0.5907590387865826,0.0,-0.9763320074662959]
447.0,[0.01205995658892789,-0.012036593943776095,-0.028900615234306315,-0.0001500978896729066,0.0,-0.0,0.5843640717512899,0.0,-0.9915885716790654]
448.0,[0.012045092034895788,-0.010845724318642168,-0.025855229068838526,-0.00014037198070582235,0.0,3.305930690966687e-7,0.5829347915928214,8.609194507725748e-8,-0.9949985438403651]
449.0,[0.012022098871966591,-0.009166474986462465,-0.02149249667127151,-0.00012684608918789309,0.0,4.322165488189559e-7,0.580967191822873,1.1255639292160309e-7,-0.9996927110141991]
450.0,[0.012016641903755954,-0.008776150176951584,-0.020479262730077608,-0.00012350369615887757,0.0,5.796571105396335e-7,0.5804763977482501,1.5095237253636287e-7,-1.0008636581067143]
451.0,[0.012009346998335483,-0.008276401786133645,-0.01914770564326318,-0.00011928875665034865,0.0,6.147005263232695e-7,0.5798709832659483,1.6007826206335146e-7,-1.0023080166014255]
452.0,[0.012007366952578497,-0.0081418723614964,-0.01879811861726921,-0.00011816041478596161,0.0,6.599341254416036e-7,0.5797048913869627,1.7185784516708429e-7,-1.0027042805247197]
453.0,[0.012005045846308349,-0.007994553167615473,-0.018405899027129635,-0.00011690985957102383,0.0,6.718406072058868e-7,0.5795182936205706,1.749584914598664e-7,-1.0031494537339987]
454.0,[0.011890458987788103,-0.0019402553637822466,-0.0013059775483270641,-5.911147127335425e-5,0.0,6.857526678297399e-7,0.5711675314856658,1.785814239139948e-7,-1.0230719912244362]
455.0,[0.011886972591431306,-0.001796252036001533,-0.0008640199666842818,-5.6891735766839695e-5,0.0,1.3130749592878532e-6,0.5708089257342919,3.4194660398121183e-7,-1.023927746132103]
456.0,[0.011848859079085134,-0.00039600915139696247,0.0035981884138891473,-3.980744622822385e-5,0.0,1.331180912217868e-6,0.5683387464450693,3.466616958900698e-7,-1.029820894617089]
457.0,[0.01184660429013699,-0.00031879684077769827,0.003849720542348223,-3.863362962874817e-5,0.0,1.5151115171365547e-6,0.5681572322096475,3.945602909209778e-7,-1.030254001411097]
458.0,[0.012060610288244789,-0.01204559415176239,-0.028896351977891754,-0.00014841816664556973,0.0,1.5260975842227703e-6,0.5840257416092718,3.974212458913464e-7,-0.9923962757670177]
459.0,[0.012063424037478399,-0.012305179097893413,-0.02957705191874993,-0.00015165824152063578,0.0,3.32485602150828e-7,0.5845621711560476,8.658479222677812e-8,-0.9911160818440016]
460.0,[0.012021805180969142,-0.009135684801246194,-0.0214285478250531,-0.00012672956017922843,0.0,3.0851724774654263e-7,0.580962128816868,8.034303326732881e-8,-0.9997047457216319]
461.0,[0.012113588354623062,-0.016852652606758053,-0.04084625970790512,-0.00018511059352022127,0.0,5.81755000179781e-7,0.5893864178416357,1.5149869796348464e-7,-0.9796068966331692]
462.0,[0.012104521829314763,-0.01598579046913073,-0.03872600018439698,-0.0001794631998564,0.0,-0.0,0.5886068234384038,0.0,-0.9814665783683797]
463.0,[0.012041624586345279,-0.01058140242093941,-0.025190161068167072,-0.00013862688774679555,0.0,6.6994788560233346e-9,0.5827009105085941,1.74465595208941e-9,-0.9955564016078823]
464.0,[0.012037313960415,-0.010254079067332592,-0.024338930870726472,-0.00013557155398302712,0.0,4.5441076495254215e-7,0.5822347340871783,1.183361367063912e-7,-0.9966687252530052]
465.0,[0.012108292442765862,-0.016340114446696436,-0.03958717798013822,-0.00018146977254218652,0.0,4.835003272860749e-7,0.5888617051676251,1.25911543564082e-7,-0.9808586760644967]
466.0,[0.01210817875592814,-0.01634627248373969,-0.039609915347682545,-0.0001820808392949402,0.0,-0.0,0.5889763260393354,0.0,-0.9805850507347285]
467.0,[0.012039739279619727,-0.010452083643031072,-0.024863311409717426,-0.0001376463387714466,0.0,-0.0,0.5825546788218611,0.0,-0.9959052662392742]
468.0,[0.012038564515629938,-0.010351660269710312,-0.024584778657299466,-0.00013634178230859106,0.0,4.6587697080787033e-7,0.5823412738780187,1.213221278145496e-7,-0.9964145558470735]
469.0,[0.012015533457088168,-0.008697990476017972,-0.02027320533670718,-0.00012294663065404166,0.0,4.7526813379786983e-7,0.5804055656166098,1.237677431765286e-7,-1.0010326060532784]
470.0,[0.012014387114807807,-0.008617935994455667,-0.020055779259564588,-0.00012213661193527514,0.0,6.21498402787408e-7,0.5802807239427195,1.6184854239255418e-7,-1.0013304948432276]
471.0,[0.012007272213547063,-0.008129556287409892,-0.018772539078781847,-0.00011807799182861344,0.0,6.288929668842757e-7,0.5796965302333599,1.6377421012611348e-7,-1.0027242167621868]
472.0,[0.01200655219690816,-0.008095450236093408,-0.018678747437661514,-0.00011773693131544859,0.0,6.72902594189875e-7,0.579640784253263,1.7523505057027996e-7,-1.0028572264609987]
473.0,[0.011890430566078672,-0.00194072905893942,-0.0013102408047416247,-5.9151261666556813e-5,0.0,6.764962230795454e-7,0.5711688672035996,1.7617089142696493e-7,-1.0230688012772067]
474.0,[0.01188744628658848,-0.0018199367938602031,-0.0009350742402602918,-5.715037332265637e-5,0.0,1.3131036620092065e-6,0.5708451223172943,3.419540786482309e-7,-1.0238413914371916]
475.0,[0.01196926291413547,-0.005778133527201134,-0.012401812909956789,-9.692087132862069e-5,0.0,1.3284922014702384e-6,0.5765949893861514,3.4596151079954127e-7,-1.0101238569259678]
476.0,[0.011969717661486357,-0.005808450017260231,-0.012489920209191041,-9.761720320966559e-5,0.0,8.968777226283962e-7,0.5767229936524247,2.335619069344782e-7,-1.0098183211712592]
477.0,[0.011992170811936376,-0.007154217958789861,-0.016154899640241638,-0.00010954863682854919,0.0,8.932696535243515e-7,0.5784442443830218,2.3262230560529988e-7,-1.0057119074253815]
478.0,[0.01187687341068037,-0.0014030850555476109,0.0003510081114654895,-5.2847326514893205e-5,0.0,7.63683488318455e-7,0.5702543342398401,1.988759084162643e-7,-1.025250646771913]
479.0,[0.011881904053249551,-0.0015954052893600115,-0.00024726887204451486,-5.452704954223008e-5,0.0,1.380197471448054e-6,0.5704637439127989,3.5942642485626405e-7,-1.024751275307134]
480.0,[0.011965454405071796,-0.005568286572573317,-0.011820588952105027,-9.495408903603673e-5,0.0,1.3560584662136777e-6,0.5763104406847023,3.5314022557647857e-7,-1.010802718673091]
481.0,[0.011968126045758254,-0.005721763803497499,-0.012234124824317405,-9.67872892942978e-5,0.0,9.178789235916673e-7,0.5766003656529562,2.3903096968533003e-7,-1.0101108840418485]
482.0,[0.011990977100140299,-0.007086479551314065,-0.015975842870830093,-0.00010893472790485247,0.0,9.022054578012796e-7,0.578355309874304,2.3494933796908325e-7,-1.0059240829446814]
483.0,[0.011992473976836966,-0.007179323802120051,-0.016220269571931567,-0.00010986695997416972,0.0,7.702652765693621e-7,0.5784969938003051,2.005899157732714e-7,-1.005586018456871]
484.0,[0.011999105709037394,-0.007609439004833499,-0.01737276988933445,-0.00011351346529409055,0.0,7.614265992921961e-7,0.5790265349017418,1.9828817689900942e-7,-1.00432268152963]
485.0,[0.011999730986644863,-0.007647808312564544,-0.017487877812527586,-0.00011392273790988837,0.0,7.216143943128344e-7,0.5790855549372675,1.8792041518563397e-7,-1.0041818623690881]
486.0,[0.012001777349723852,-0.007779021871101576,-0.017834622667578515,-0.00011501413155201588,0.0,7.177182239892946e-7,0.5792459498795994,1.8690578749721217e-7,-1.0037992044723214]
487.0,[0.012002014197302438,-0.007797495982231339,-0.01787299197530956,-0.00011516476661199702,0.0,7.056737248201733e-7,0.5792686553144789,1.8376919917192012e-7,-1.003745031490359]
488.0,[0.012002611053200477,-0.007833496814176517,-0.017979573385673575,-0.00011551719580893403,0.0,7.041275675950507e-7,0.5793173987277023,1.8336655406121113e-7,-1.0036287430808986]
489.0,[0.012002819479069633,-0.007837760070591077,-0.017982415556616616,-0.0001155427753474214,0.0,7.004697182769836e-7,0.5793257273399113,1.8241398913463117e-7,-1.0036088720853968]
490.0,[0.012002876322488493,-0.007853865705934973,-0.01802220594981918,-0.00011566783086891518,0.0,6.998917033752039e-7,0.5793405860415357,1.82263464420626e-7,-1.0035734232622304]
491.0,[0.012002952113713642,-0.007852918315620626,-0.018027890291705262,-0.00011568204172363038,0.0,6.987778547050593e-7,0.5793435464675251,1.8197339966277586e-7,-1.0035663601338527]
492.0,[0.01200299948322936,-0.007856707876878014,-0.018030732462648302,-0.0001157047790911747,0.0,6.985697720057469e-7,0.57934808924148,1.8191921145982994e-7,-1.0035555222988164]
493.0,[0.012002980535423072,-0.007857181572035186,-0.018039258975477424,-0.00011572751645871902,0.0,6.98229637519099e-7,0.5793491183717039,1.8183063477059874e-7,-1.0035530669666624]
494.0,[0.01200305632664822,-0.007859550047821054,-0.018034995719062863,-0.00011572467428777598,0.0,6.981566445452491e-7,0.5793505111423138,1.8181162618365861e-7,-1.0035497441878531]
495.0,[0.012003008957132503,-0.007858602657506706,-0.018053469830192626,-0.0001157474116553203,0.0,6.980524870858408e-7,0.5793508630504367,1.8178450184527107e-7,-1.0035489045984178]
496.0,[0.01200305632664822,-0.007862865913921267,-0.018043522231891984,-0.0001157474116553203,0.0,6.980273583532286e-7,0.5793512912031116,1.8177795790448661e-7,-1.0035478831394902]
497.0,[0.012003151065679655,-0.00785907635266388,-0.018036416804534383,-0.00011572467428777598,0.0,6.979953762306973e-7,0.5793514100280035,1.817696292267441e-7,-1.0035475996458258]
498.0,[0.012003132117873367,-0.007858602657506706,-0.018046364402835025,-0.00011574456948437727,0.0,6.979868470244221e-7,0.5793515419808392,1.817674080792766e-7,-1.0035472848410147]
499.0,[0.012003037378841933,-0.007861444828449747,-0.018042101146420464,-0.00011575309599720639,0.0,6.979770012806254e-7,0.5793515817072518,1.817648440834962e-7,-1.0035471900616284]
500.0,[0.012003065800551363,-0.00785907635266388,-0.018044943317363504,-0.00011573888514249119,0.0,6.979741379963108e-7,0.579351622471397,1.8176409843653926e-7,-1.0035470928090022]
501.0,[0.01200299948322936,-0.00785765526719236,-0.018039258975477424,-0.00011575309599720639,0.0,6.979710995098506e-7,0.579351635647867,1.8176330716402363e-7,-1.0035470613726243]
502.0,[0.011888782106931709,-0.0018782012981925313,-0.001121236437029438,-5.8392402024765026e-5,0.0,6.979569725546226e-7,0.571058039451964,1.8175962826943296e-7,-1.0233332122920904]
503.0,[0.0118861862574704,-0.001760724899213528,-0.000765965069149388,-5.6539306569902685e-5,0.0,1.3211065519533194e-6,0.5707563485849869,3.4403816457117693e-7,-1.024053183056728]
504.0,[0.011968732375559435,-0.005746395951670516,-0.012313705610722536,-9.66821289694053e-5,0.0,1.3350145748934633e-6,0.5765591722670924,3.4766004554517273e-7,-1.0102093086679989]
505.0,[0.011969300809748043,-0.0057904496012876425,-0.012434497875801753,-9.742677775648188e-5,0.0,8.994791882928181e-7,0.5766953979378115,2.3423937195125472e-7,-1.009884157590931]
506.0,[0.011991924490454645,-0.007146638836275087,-0.016139267700054916,-0.00010947474038403014,0.0,8.953110929020954e-7,0.5784326684490171,2.3315393044325402e-7,-1.005739525025592]
507.0,[0.011992805563446987,-0.007205850730921762,-0.016295587101922138,-0.00011007159628206863,0.0,7.645336189395799e-7,0.5785278418184066,1.9909729659884892e-7,-1.0055124218523794]
508.0,[0.011999380452228554,-0.007625544640177394,-0.017429613308195258,-0.00011370104857633122,0.0,7.591810620603999e-7,0.5790506589067284,1.9770340157822914e-7,-1.004265127744327]
509.0,[0.011999920464707731,-0.007657282215708012,-0.017504930838185828,-0.00011397105481592006,0.0,7.198269350117982e-7,0.5790955463569433,1.8745493099265577e-7,-1.004158025058055]
510.0,[0.01200190998436786,-0.007781390346887442,-0.017834622667578515,-0.00011506244845804757,0.0,7.169896614894451e-7,0.5792534869699011,1.8671605767954302e-7,-1.003781222868115]
511.0,[0.012002089988527587,-0.007796074896759818,-0.01787299197530956,-0.00011518181963765527,0.0,7.051150802747539e-7,0.5792718835986677,1.8362371882155048e-7,-1.0037373295271361]
512.0,[0.012002743687844486,-0.007834444204490863,-0.017971046872844454,-0.0001155427753474214,0.0,7.038916873607124e-7,0.5793197571103006,1.833051269168522e-7,-1.0036231165695995]
513.0,[0.012002696318328768,-0.007843444412477158,-0.017996626411331818,-0.00011555982837307964,0.0,7.002949789808889e-7,0.579326768111105,1.8236848410960648e-7,-1.003606389040285]
514.0,[0.01200305632664822,-0.007848181364048893,-0.017995205325860297,-0.00011563372481759869,0.0,6.998155854380119e-7,0.5793413249832742,1.8224364204114894e-7,-1.0035716603311835]
515.0,[0.012002961587616785,-0.007848181364048893,-0.01801367943699006,-0.00011568488389457342,0.0,6.98723154943042e-7,0.5793438813466139,1.8195915493308387e-7,-1.003565561188491]
516.0,[0.01200302790493879,-0.007855286791406494,-0.018034995719062863,-0.00011573888514249119,0.0,6.98545284763959e-7,0.5793483210528796,1.8191283457394765e-7,-1.0035549692543033]
517.0,[0.01200297106151993,-0.0078533920107778,-0.018032153548119823,-0.0001157189899458899,0.0,6.982125145028175e-7,0.579349225940329,1.818261756517754e-7,-1.0035528103325417]
518.0,[0.01200308474835765,-0.00785765526719236,-0.018030732462648302,-0.00011574456948437727,0.0,6.981488012404022e-7,0.5793505839458344,1.8180958365635472e-7,-1.0035495704966526]
519.0,[0.012003094222260794,-0.007855760486563666,-0.018034995719062863,-0.00011568772606551646,0.0,6.980471406073975e-7,0.5793508975546278,1.8178310953317644e-7,-1.0035488222793667]
520.0,[0.012003132117873367,-0.007855286791406494,-0.018036416804534383,-0.00011570762126211774,0.0,6.980248693956575e-7,0.5793513140940364,1.8177730973845247e-7,-1.0035478285273949]
521.0,[0.01200308474835765,-0.007857181572035186,-0.018030732462648302,-0.00011572751645871902,0.0,6.979937247207714e-7,0.5793514210845434,1.8176919914603422e-7,-1.0035475732674912]
522.0,[0.01200305632664822,-0.007861444828449747,-0.018042101146420464,-0.00011573888514249119,0.0,6.979860775922787e-7,0.5793515491880696,1.817672077063226e-7,-1.0035472676463473]
523.0,[0.012003103696163937,-0.007858602657506706,-0.018042101146420464,-0.00011572183211683294,0.0,6.979765103246317e-7,0.5793515852495041,1.8176471623037283e-7,-1.003547181610651]
524.0,[0.01200305632664822,-0.007862865913921267,-0.018050627659249585,-0.00011573888514249119,0.0,6.979739199307602e-7,0.5793516247458512,1.817640416486355e-7,-1.0035470873827266]
525.0,[0.012003160539582797,-0.00785623418172084,-0.018039258975477424,-0.00011572183211683294,0.0,6.979709734075208e-7,0.5793516367849469,1.8176327432487522e-7,-1.0035470586598312]
526.0,[0.012003151065679655,-0.007857181572035186,-0.01802078486434766,-0.0001157332008006051,0.0,6.979701051800828e-7,0.5793516489911821,1.8176304822397992e-7,-1.003547029538932]
527.0,[0.011888905267672573,-0.001872043261149277,-0.0011127099242003169,-5.836398031533462e-5,0.0,6.979559418982435e-7,0.5710580440835751,1.8175935986933425e-7,-1.0233332012420215]
528.0,[0.012001009963569231,-0.007713178244254473,-0.017644197214394808,-0.00011387157883291364,0.0,1.3211452576256868e-6,0.57904659270459,3.4404824417335593e-7,-1.0042750292423561]
529.0,[0.012071704228825789,-0.01298872120969463,-0.03129514425381785,-0.00015648140561097534,0.0,7.122844610909806e-7,0.5852352599135029,1.8549074507577618e-7,-0.9895104200222365]
530.0,[0.012003662656449402,-0.00789934044102362,-0.018135892787540797,-0.00011648069175862473,0.0,2.5216959170811633e-7,0.5794902341913527,6.566916450732196e-8,-1.0032162456326272]
531.0,[0.012024742090943619,-0.009340794804302275,-0.021945822936686454,-0.00012795737802662188,0.0,6.936820320063992e-7,0.5811204300359945,1.8064636250166646e-7,-0.9993272218005674]
532.0,[0.012098629061559524,-0.015395566303292675,-0.0372850195162755,-0.000174469505509478,0.0,5.644436070030086e-7,0.5878525533986575,1.4699052265703351e-7,-0.9832662527644908]
533.0,[0.012104806046409067,-0.016005685665732013,-0.03879137011608691,-0.00017951151676243168,0.0,5.537993692132812e-8,0.5886061416376533,1.4421858573262534e-8,-0.9814682247287189]
534.0,[0.01203613919642521,-0.010181603708285062,-0.024166979528672528,-0.00013546070931624854,0.0,5.127892526714793e-9,0.5822394213622839,1.3353886788319773e-9,-0.9966573822956557]
535.0,[0.01203712448235213,-0.010251710591546724,-0.02432898327242583,-0.0001355004997094511,0.0,4.893530141804629e-7,0.5822199913082461,1.274356807761622e-7,-0.9967039097906897]
536.0,[0.0120142544801638,-0.008616988604141321,-0.02006999011427979,-0.0001223241952175158,0.0,4.841210504941095e-7,0.5803071986957127,1.2607319023284104e-7,-1.001267284583461]
537.0,[0.012013780785006626,-0.008592356455968304,-0.01999467258428922,-0.00012187513220851541,0.0,6.28802077309691e-7,0.5802412611126776,1.6375054096606534e-7,-1.0014246444890682]
538.0,[0.012006760622777316,-0.008109187395651436,-0.01871569565992104,-0.00011790746157203101,0.0,6.317698393278463e-7,0.5796658168942368,1.645233956582933e-7,-1.002797491041549]
539.0,[0.012006438510070438,-0.008080291991063858,-0.01864748355728807,-0.00011763461316149913,0.0,6.751794979280999e-7,0.579627996559039,1.7582799425210933e-7,-1.0028877350589707]
540.0,[0.012004268986250583,-0.007940078224540532,-0.018285106762050418,-0.0001164153218269348,0.0,6.774291383140618e-7,0.5794544237846269,1.7641383810262027e-7,-1.0033018309099395]
541.0,[0.011889985292630929,-0.0019274655945385648,-0.0012846612662542611,-5.896367838431615e-5,0.0,6.904919683506888e-7,0.5711428400381967,1.7981561675799185e-7,-1.0231308996560051]
542.0,[0.011886641004821286,-0.0017839359619150246,-0.000829913915367797,-5.6746785048744634e-5,0.0,1.3148479204104847e-6,0.5707893096619153,3.4240831260689707e-7,-1.0239745451094022]
543.0,[0.011969082909975743,-0.005765817453114625,-0.012363443602225743,-9.684697488410164e-5,0.0,1.3326236426197528e-6,0.5765854863515382,3.470374069322273e-7,-1.0101465299269172]
544.0,[0.011969405022682622,-0.0057970813334880696,-0.012470025012589758,-9.751488505571614e-5,0.0,8.975340653204329e-7,0.576706051135409,2.337328295105294e-7,-1.0098587414105478]
545.0,[0.011992066599001797,-0.007153744263632688,-0.01616058398212772,-0.00010951737294817575,0.0,8.945361971192098e-7,0.5784408719690006,2.329521346664609e-7,-1.005719953494026]
546.0,[0.011992852932962705,-0.007207271816393282,-0.016291323845507577,-0.00011009717582055599,0.0,7.639263119979502e-7,0.578531285318405,1.989391437494662e-7,-1.0055042064283453]
547.0,[0.011999494139066275,-0.007627913115963262,-0.017425350051780697,-0.0001136925220635021,0.0,7.589299157117661e-7,0.5790532226087552,1.9763799888327244e-7,-1.0042590113940826]
548.0,[0.011999920464707731,-0.007656334825393666,-0.017504930838185828,-0.00011397958132874918,0.0,7.196371442287768e-7,0.579096657637231,1.8740550630957732e-7,-1.0041553737930151]
549.0,[0.012001985775593008,-0.007780442956573096,-0.017834622667578515,-0.00011502834240673109,0.0,7.169085025016848e-7,0.5792542895087482,1.8669492252648042e-7,-1.0037793082107371]
550.0,[0.012002165779752733,-0.007795127506445471,-0.01787014980436652,-0.00011517897746671223,0.0,7.050556435171142e-7,0.5792722415386904,1.8360824049924848e-7,-1.0037364755632827]
551.0,[0.012002582631491046,-0.007836812680276731,-0.017979573385673575,-0.00011553993317647836,0.0,7.038654966541605e-7,0.5793200086730036,1.8329830642035432e-7,-1.0036225164035117]
552.0,[0.012002724740038198,-0.007841549631848464,-0.017979573385673575,-0.00011557403922779484,0.0,7.002763507608717e-7,0.5793268831961371,1.8236363301064368e-7,-1.0036061144736266]
553.0,[0.01200297106151993,-0.007853865705934973,-0.018036416804534383,-0.00011566783086891518,0.0,6.998071550948741e-7,0.5793414039315197,1.8224144663929015e-7,-1.0035714719802153]
554.0,[0.01200302790493879,-0.00785197092530628,-0.0180165216079331,-0.00011565646218514301,0.0,6.987173108054619e-7,0.5793439182892757,1.819576330222557e-7,-1.0035654730517676]
555.0,[0.012002904744197924,-0.007855286791406494,-0.018043522231891984,-0.0001157474116553203,0.0,6.985425763625948e-7,0.5793483458555371,1.819121292610924e-7,-1.0035549100812817]
556.0,[0.01200297106151993,-0.007860971133292574,-0.018043522231891984,-0.00011573888514249119,0.0,6.982106792147974e-7,0.5793492377822247,1.8182569771218683e-7,-1.0035527820805068]
557.0,[0.01200305632664822,-0.007855760486563666,-0.018043522231891984,-0.00011573888514249119,0.0,6.981479325103015e-7,0.5793505917453645,1.8180935742455772e-7,-1.0035495518888917]
558.0,[0.012002980535423072,-0.00785907635266388,-0.018046364402835025,-0.00011571614777494686,0.0,6.980465637002415e-7,0.5793509013458006,1.817829592969379e-7,-1.0035488132345054]
559.0,[0.01200308474835765,-0.007858128962349534,-0.018034995719062863,-0.00011573035862966206,0.0,6.980245911302274e-7,0.5793513165488251,1.8177723727349673e-7,-1.0035478226708716]
560.0,[0.01209795641443634,-0.01532782789581688,-0.03711022600327851,-0.0001738641230986104,0.0,6.980038101195798e-7,0.5877543035397141,1.8177182555197389e-7,-0.9835006965566139]
561.0,[0.01209940592161729,-0.01549930554271365,-0.03756497335416498,-0.000175805325852707,0.0,6.098705744570607e-8,0.5880664779269278,1.588204620981929e-8,-0.9827557101554211]
562.0,[0.012035807609815189,-0.010145602876339883,-0.024068924631137634,-0.00013514522834157106,0.0,4.611251898894835e-8,0.5821928520789625,1.20084684867053e-8,-0.9967684979375174]
563.0,[0.012035258123432868,-0.010109128349237531,-0.023958079964359058,-0.00013439205304166535,0.0,4.923098459690801e-7,0.5820562318959617,1.2820568905444793e-7,-0.997094594016008]
564.0,[0.011901922410591698,-0.0024267402901993287,-0.0027924329515371937,-6.465938895416912e-5,0.0,4.964636854507332e-7,0.57198168184876,1.2928741808612847e-7,-1.0211295934692743]
565.0,[0.011898322327397182,-0.0022642628512888523,-0.0022936319510336034,-6.222649062692653e-5,0.0,1.2548532034503615e-6,0.5715837757512946,3.267846883985317e-7,-1.0220791545837697]
566.0,[0.011972616675848258,-0.005968558980384841,-0.012927614534419263,-9.870575468085006e-5,0.0,1.2741368967716483e-6,0.5768604795078709,3.318064835342834e-7,-1.0094904539372567]
567.0,[0.011972645097557688,-0.00598371722541439,-0.012968826013093349,-9.924008281814166e-5,0.0,8.776555392852222e-7,0.5769516317674221,2.2855613002219332e-7,-1.0092728490889855]
568.0,[0.011993175045669583,-0.007226219622680218,-0.016343904007953824,-0.00011012275535904335,0.0,8.763186195627924e-7,0.5785308094542834,2.2820797384447717e-7,-1.0055053818442878]
569.0,[0.011993781375470764,-0.00726411523525409,-0.01645759084567544,-0.00011061729310313238,0.0,7.574016676317114e-7,0.5786075630844959,1.9724001761242485e-7,-1.0053222271418698]
570.0,[0.011999797303966867,-0.007650650483507585,-0.017479351299698465,-0.00011391421139705925,0.0,7.532688687722373e-7,0.5790825382783418,1.9616376790943679e-7,-1.0041890705605516]
571.0,[0.01200024257741461,-0.007679072192937989,-0.017558932086103596,-0.00011415863809816072,0.0,7.175055209198058e-7,0.5791204126130791,1.868503960728661e-7,-1.0040987004464828]
572.0,[0.012002004723399295,-0.007793232725816778,-0.01787014980436652,-0.0001151420292444527,0.0,7.151468141953288e-7,0.5792638132218879,1.8623614953003353e-7,-1.0037565867230724]
573.0,[0.012002089988527587,-0.007804127714431766,-0.017899992599268444,-0.00011525855825311736,0.0,7.043613892573315e-7,0.5792796536323811,1.8342744511909674e-7,-1.0037187921775301]
574.0,[0.012097558510504314,-0.015303669442801036,-0.037056224755360745,-0.00017368506632919886,0.0,7.033216745953165e-7,0.5877256395020013,1.8315668609253033e-7,-0.9835690826601095]
575.0,[0.01209918802184499,-0.01547419969938346,-0.037492497995117446,-0.00017563763776706762,0.0,6.309274696717172e-8,0.5880438416169463,1.64304028560343e-8,-0.9828097146755521]
576.0,[0.012035599183946033,-0.010140392229610976,-0.02404476617812179,-0.00013506848972610896,0.0,4.7805235984357657e-8,0.5821835179605439,1.2449280204259808e-8,-0.9967907670817153]
577.0,[0.01203523917562658,-0.01010344400735145,-0.023931079340400174,-0.00013432099876808934,0.0,4.929933418826751e-7,0.5820491315687246,1.2838368278194662e-7,-0.9971115336122363]
578.0,[0.012014140793326078,-0.008598514493011558,-0.02001030452447594,-0.0001221195589096169,0.0,4.970042361377169e-7,0.5802850632532524,1.2942818649419714e-7,-1.001320098025897]
579.0,[0.012106189236268012,-0.016114161856724724,-0.039032954646245344,-0.00017969910004467235,0.0,6.302969955018424e-7,0.5886021132246082,1.641398425786048e-7,-0.9814780406987901]
580.0,[0.012102371253301195,-0.01577925938060313,-0.03822577809842187,-0.00017790284800867082,0.0,-0.0,0.5883765330088517,0.0,-0.9820159855360252]
581.0,[0.012038621359048799,-0.010373923942097461,-0.024650148588989396,-0.000136969902087003,0.0,2.340485016251463e-8,0.5824576453243339,6.095013063154851e-9,-0.9961367687993926]
582.0,[0.012036470783035231,-0.010197709343628956,-0.02418261146885925,-0.00013505143670045072,0.0,4.7259233502374426e-7,0.5821578122426061,1.2307092057910007e-7,-0.9968522452899022]
583.0,[0.012015088183640424,-0.008668147681116048,-0.020197887806716608,-0.00012271641480765538,0.0,4.890616736988069e-7,0.5803706953263645,1.273598108590643e-7,-1.0011158015291282]
584.0,[0.012013695519878334,-0.008566303222323766,-0.01993072373807081,-0.00012172733931947731,0.0,6.239400312939901e-7,0.5802246094139164,1.624843831494766e-7,-1.0014643689482394]
585.0,[0.012007111157193624,-0.008123871945523812,-0.018742696283879923,-0.0001179984110422083,0.0,6.330942786520962e-7,0.5796843191506418,1.648683017323167e-7,-1.0027533504171398]
586.0,[0.01200633429713586,-0.008082186771692552,-0.01864037812993047,-0.00011762608664867001,0.0,6.737653376355462e-7,0.5796235883732743,1.7545972334259016e-7,-1.0028982512256661]
587.0,[0.012004316355766301,-0.007944341480955092,-0.018283685676578898,-0.00011649490261333993,0.0,6.77781363039972e-7,0.5794598274460425,1.7650556329165937e-7,-1.0032889394434998]
588.0,[0.012004126877703431,-0.007929656931082716,-0.01821689465941745,-0.00011632437235675751,0.0,6.900771566230102e-7,0.5794364960461247,1.7970759287057558e-7,-1.003344605888944]
589.0,[0.012003406861064528,-0.007887971757251458,-0.018133050616597757,-0.00011598899618547874,0.0,6.916694256653881e-7,0.5793867164664221,1.8012224626702816e-7,-1.0034633663120451]
590.0,[0.012003340543742524,-0.007879445244422337,-0.01809468130886671,-0.00011591509974095969,0.0,6.954080533284572e-7,0.579378167865283,1.810958472209524e-7,-1.0034837621671298]
591.0,[0.012003151065679655,-0.007871392426750388,-0.018064838513964787,-0.00011582699244172544,0.0,6.960019310796309e-7,0.5793629910068285,1.8125050288532054e-7,-1.0035199700272555]
592.0,[0.012003207909098515,-0.007864286999392787,-0.018052048744721105,-0.00011580141290323807,0.0,6.971398986514249e-7,0.5793599545272321,1.8154684860714192e-7,-1.0035272146064242]
593.0,[0.01188886737206,-0.0018767802127210111,-0.0011183942660863977,-5.839524419570807e-5,0.0,6.973413496159138e-7,0.5710616545905439,1.815993097958109e-7,-1.02332458738447]
594.0,[0.011886148361857824,-0.001767830326571129,-0.0007688072400924284,-5.656488610839005e-5,0.0,1.320843655607633e-6,0.570758915632215,3.439697019811545e-7,-1.0240470587215924]
595.0,[0.01196882711459087,-0.00574829073229921,-0.012312284525251016,-9.665939160186098e-5,0.0,1.33482515224988e-6,0.5765603302378319,3.476107167317396e-7,-1.0102065460130123]
596.0,[0.0119692913358449,-0.005791870686759163,-0.012438761132216314,-9.744098861119709e-5,0.0,8.993948021623977e-7,0.576696199740207,2.3421739639645773e-7,-1.0098822446893643]
597.0,[0.011992028703389224,-0.00714569144596074,-0.016135004443640355,-0.00010944916084554278,0.0,8.952518872925237e-7,0.5784330398854087,2.3313851231576137e-7,-1.0057386388633416]
598.0,[0.011992796089543845,-0.007202534864821548,-0.016281376247206936,-0.00011005170108546734,0.0,7.645064818889538e-7,0.5785280932824017,1.9909022965858175e-7,-1.005511821921442]
599.0,[0.011999408873937984,-0.007627439420806088,-0.017415402453480056,-0.00011370957508916034,0.0,7.591624843386804e-7,0.5790507779828984,1.9769856362986472e-7,-1.0042648436559722]
