FVE	99.99761788399009
xiVar	nothing
obsGrid	[35.5,36.0,36.5,37.0,37.5,38.0,38.5,39.0,39.5,40.0,40.5,41.0,41.5,42.0,42.5,43.0,43.5,44.0,44.5,45.0,45.5,46.0]
selectK	1
xiEst	[-85.7391902221009
 -84.15110413097455
 -84.15076748496298
 -84.15665099702825
 -90.47269076361381
 -63.67122991756201
 -63.460263884485556
 -63.45724635720978
 -82.466206957779
 -61.42135214227051
 28.044317351883187
 -61.57577669570906
 -61.585462672804155
 43.55284038702247
 43.551323132446356
 -7.328967061848766
 -7.363901918719289
 -5.585983289780748
 -5.591046924943642
 -5.593502410811215
 -5.5871510242351095
 28.04746737255061
 40.54874381709845
 43.55682229925702
 43.555921657183035
 -40.02610234628067
 -40.027831890250745
 -86.9065715125451
 -87.09260560908639
 -84.73590366270123
 -84.73522693575141
 -84.68754926942495
 28.05988325923504
 -44.348294068000804
 -44.34506097357469
 -44.26676329743089
 -44.268724888210095
 -40.322820466630176
 -40.329261293855254
 43.93374165722759
 -11.361562091742485
 -46.00733207567876
 -42.74661935700319
 28.052890822290077
 -42.74948096508805
 -42.754457835477304
 -42.754779099910884
 -43.20404294163206
 -48.865795072588355
 29.706185375292506
 29.68096697948847
 29.75562148169451
 29.80417339047437
 100.75018994338976
 32.98825327091066
 100.80318945138293
 -73.24177096824666
 -73.24177096824666
 -10.920441129902166
 -10.882995170301452
 -12.31729708569942
 -12.404641139185834
 -12.404641139185834
 -12.42014663107219
 -12.42014663107219
 62.68847008951203
 7.048985447729227
 6.95866367864838
 7.442415599153816
 73.49747410044316
 117.78198596421316
 -32.976306182238645
 14.311143060280157
 14.311534087560673
 -76.20611582488748
 -76.12397697905665
 19.275281966888304
 -51.91925655295351
 -52.082519155132616
 -52.07081307642035
 -52.076530250832405
 -52.08303274110976
 -52.069549461923025
 -52.06985638758314
 -53.8483311313326
 -53.848499708014764
 -14.337322737039491
 -73.72424188751855
 -14.33735118473509
 87.25359183607765
 134.46218262206457
 134.38251007452675
 134.38183920937507
 134.38543101320522
 134.35321467083844
 95.34552476401669
 95.35340274673443
 95.37955209201448
 -72.76582050291503
 95.38186098063721
 95.8975547518532
 101.06498936603369
 43.5170487802894
 43.09785949918239
 43.0964359742784
 47.30979064561683
 -9.466859810956093
 -9.571228020046767
 -9.571528191896594
 -72.77017538752472
 -3.166574690137809
 -9.615294363236226
 -9.615089938913748
 -2.0357271945187754
 43.00766907117202
 43.00823337727873
 -61.857766177834975
 -61.85975889946045
 -74.98068820065056
 -55.35150232607299
 -55.37763492358525
 -72.77541550508357
 55.968495885970334
 55.968136226679334
 55.95122995712839
 55.97827986443329
 55.978570376732335
 55.9829269965157
 56.2146712154801
 15.301392966602112
 14.511378697002735
 14.4971386088093
 -72.58473084927883
 25.321067813565772
 -82.32463125761258
 -82.32017166169759
 -82.32089577543375
 -82.32168673056088
 -79.783652791249
 7.1564601620446915
 7.1981541735185655
 7.190064192876795
 7.1372888783532
 -72.58838116252235
 7.134179351257844
 -57.09676535912824
 -3.3773919410744746
 2.0336553875001107
 1.4485999859286116
 -74.86815902740119
 -74.8709938455253
 -74.87146934551207
 -74.8723375882202
 -73.11123651129937
 -47.45539137239213
 -73.1110874055583
 -72.85748682445899
 -95.28350044063177
 -67.04846001042665
 32.62684571196569
 33.015377412020385
 33.05036764197094
 33.05009152014394
 33.10652007572912
 -97.01705946682844
 -47.625291393718825
 -97.01762791714563
 -105.05309472013415
 -105.06336330195228
 -105.06336330195228
 -105.03650271880944
 -104.44181157079694
 -42.15985741678111
 -42.12442084938893
 17.149668683768812
 16.9053996755688
 -28.630601023126527
 56.11947598519245
 56.1193696068011
 56.07292872792149
 -65.06312921173213
 36.59750731795446
 74.59483649117058
 74.6005061339424
 74.6071846153078
 74.60954451344145
 74.61610062777757
 -28.63164318065202
 74.54316773347753
 74.52763346577126
 43.48744038458419
 43.49604351406111
 43.49211232045101
 43.19183780453231
 47.25294843482736
 2.8313090884043315
 115.86802563752698
 115.87499711285909
 -22.884137384137574
 115.88286461739216
 115.55370615675344
 68.1798214173915
 68.16005700402205
 4.600653129636925
 4.602429929060836
 9.500366049455112
 9.49967240881027
 9.42852021649422
 9.464863595153535
 42.45109011091306
 -13.18158925382101
 -83.34268568303504
 -85.14778465319687
 -3.5718035704023023
 -3.5664058973144375
 -3.5956457779790987
 -3.5949997747807703
 -6.945335596656548
 -6.948291904449328
 -6.800609737990234
 42.5514784674793
 -3.1629578774557574
 -6.800303644555572
 -61.76474969505318
 -61.8115756561503
 -0.320502869702603
 -0.32151109559055846
 67.95021121258279
 67.31140274021689
 119.05305461714633
 119.06766027813356
 4.751089884738659
 42.483470895215234
 4.756128675608699
 4.760937309895502
 4.754392623635078
 4.775244494417803
 4.7751884555181086
 4.988574591360723
 5.018640404306777
 2.3425163070024926
 -21.021275941196603
 60.765422219373235
 42.48477580103015
 60.765422219373235
 60.765422219373235
 60.79217810322286
 111.89544522680934
 111.88009440685454
 111.8835418594876
 0.4406188169524033
 2.370694442562521
 2.5594497572403987
 2.5199554054886293
 96.70402472939529
 2.4702505642015797
 -26.024965996882344
 -23.84604745666464
 6.563824004188981
 6.888225838859514
 4.049268436956133
 4.0407353283733825
 4.039005783631177
 3.9469929533757315
 -18.833942141487718
 -8.667091450824708
 -61.32989562068849
 -61.30838791983244
 -61.306155236768916
 -61.305770807678165
 8.97289246937051
 9.03581667821991
 9.025030418783299
 41.21518124294519
 41.15013579052075
 -47.53944247720679
 -8.667508817889837
 -47.53944247720679
 -49.29595426491137
 -49.29595426491137
 -96.26707886515317
 -96.35955006255045
 -96.34896478750726
 -96.34896478750726
 -96.19976287542578
 -80.96662190047059
 -80.99572862171588
 -8.673101492356778
 -41.641308975959554
 -51.583730007909914
 63.556305716902344
 60.26378032199516
 60.25328035711166
 60.28027800809454
 60.2620166201348
 60.26084639353448
 29.6811752414723
 29.665914395028746
 -8.663469264372408
 -25.677445079520005
 -28.006178544664422
 -28.09112651249633
 -28.454841297553806
 -28.46024520148687
 2.50478308166376
 2.504191222784819
 -28.683445583172002
 -28.680775359474175
 -28.944082477365008
 -44.237888578762266
 -26.302049121066332
 -26.279096678291317
 67.35068270144909
 11.070466200615995
 0.33430937138843403
 0.363368312699753
 0.47064168317301913
 0.47186971713955006
 0.4725758139618373
 60.57027551076426
 -44.24887225637843
 121.69909161062628
 122.44616940557435
 122.43651481783473
 86.18717001440582
 86.12412763106154
 86.10882820266627
 86.14037001011805
 86.14163029257318
 86.13641812422053
 79.77153520431038
 -44.232384111260835
 -3.1760223619674153
 79.50642445036473
 -18.98565162663922
 -18.986743325263635
 -55.27839351715802
 -55.24591503115233
 -75.73843106859862
 -104.4281744334057
 -105.02498832688728
 -105.02498832688728
 -105.0311953520524
 -61.11481038427925
 -105.0311953520524
 -105.00108865964474
 -105.00108865964474
 -105.05374290011994
 -43.38372005475384
 -27.30194954054802
 -27.364663399640833
 38.455277112781644
 38.45655674226063
 -14.022146729644263
 -61.1147323626147
 -13.986252333165407
 -13.91302027816437
 -2.878161044824332
 -2.880115077099684
 -2.9277162527550686
 -84.82574098440146
 -111.60491120414626
 -111.60364368705012
 -111.63146417810417
 -109.3841703165402
 -61.115089323092846
 -109.38784439710494
 -1.6417159006586557
 -1.6465572341647048
 -1.6228245828914598
 -1.626017931755108
 -5.704183312958562
 -5.776179592731135
 -5.7770818956358125
 -86.25042381671418
 -113.54676212785559
 44.49358708643981
 -113.71723931010065
 -112.18166101183898
 -80.2060967243771
 -80.20868542714108
 -80.20847125115863
 17.005966876930906
 -8.301089326940883
 -7.9420666034954275
 -12.560665507620797
 -12.51738134401705
 44.46802332133365
 -12.569821909591104
 90.19947397625583
 90.1995457262928
 31.568388128506594
 28.852957239462977
 28.852884459141528
 28.854268168243763
 28.757357568340005
 28.742233936372752
 -62.38051323380859
 44.46734747850004
 -62.37719203096934
 -62.37697027718413
 -62.38919746104637
 -64.70997145638455
 -64.71016696988146
 -88.49869859207722
 -88.49882351801509
 -60.52373168392109
 45.67630236534095
 45.16297872544981
 38.50212924927528
 49.391451957594555
 49.37968860814783
 49.34468571152989
 -5.942663312126761
 -5.944418550540936
 -5.915070124873132
 -5.886157558758086
 -5.892485495319388
 -5.590368561964202
 -86.15706714304318
 -8.541858388959188
 -83.94829869412825
 -83.94796077263365
 -59.52820900893262
 -59.51007966664251
 -44.64049825438065
 -44.50434845258095
 -44.5039914929141
 97.2991392277043
 97.26528047245047
 97.28565590255441
 -8.479509415550961
 97.2760013160728
 97.27530115793648
 41.78809594854397
 102.78259745510826
 102.78171622047454
 102.7836227995698
 97.87902392738599
 98.50696367692441
 98.7416857560374
 -7.444494846515375
 -10.534618610468172
 -3.177203023778959
 -7.45106405643478
 -10.318014172107453
 19.313949580406298
 19.00078096369692
 16.99811824629405
 16.907872842740066
 16.88715468236408
 -42.02491696306958
 -42.02491696306958
 -41.999478515503036
 -41.999478515503036
 -3.1917803997104968
 -41.98688715395855
 -104.355326447978
 -104.90953761876348
 -76.07168250475044
 -76.07168250475044
 -89.02165221202162
 -89.02101231919356
 -89.03672938616918
 -88.9992805302019
 -89.0880726015521
 -41.38810626734752
 -88.08873134409448
 -84.35593226157036
 -61.84094266327325
 -61.841886050125495
 -61.840397594551476
 -44.9154540893249
 -44.91553933859426
 76.89268705534118
 76.91643079057258
 79.00200088946154
 -41.39043840547738
 78.99868819325778
 79.01261751061104
 79.36677931558141
 -43.67849320874054
 -43.67869425008474
 -45.19720894667893
 -45.19949031329803
 -60.31915947618872
 -60.31938193514424
 -60.85446345358956
 -10.149961625620495
 -60.86233015323191
 -60.86176431106111
 -84.87308072057425
 -23.115486183280492
 -26.272188698325486
 -26.297804276936827
 -26.276246785329384
 -26.273109643973022
 -66.6618318682176
 -66.66187731043095
 -10.133229496916766
 0.04604830303965299
 0.0472264256415731
 68.37753395431105
 72.3794270162992
 72.38068029070047
 72.37927306435381
 72.81915438812796
 -53.866982954772574
 -53.86865517105339
 -53.84956114112988
 -10.136596304609009
 -44.00804289373171
 -53.84562263282822
 -69.35969999274288
 -69.36325457625777
 -66.82366403574201
 33.076437656784336
 33.07712225518725
 32.62408865117835
 -23.788426001699563
 -23.830895868196464
 -24.519296719911274
 -38.034538458314785
 -24.51056086546131
 -65.33180290209178
 -65.33237938742101
 -65.5279303585611
 -57.905253613403204
 -24.7085053467119
 -27.432385536684123
 -27.432193379415132
 65.42885486754297
 117.30032363093855
 -38.02488943694987
 117.27509206083587
 117.23795515620101
 117.23793324621823
 117.2553535099218
 117.2549320678299
 15.56585421707346
 137.09226751684653
 137.088384887652
 137.0765468451055
 92.818233188303
 -38.0246118764105
 96.2720023669872
 95.88783981357291
 95.94754255733957
 95.95518619125475
 98.03148362825591
 98.02472155668546
 42.86200492362833
 42.85628316999194
 42.844120605042654
 20.273147717811405
 47.77482403886701
 20.284344910740604
 20.37049910304953
 20.37095307369026
 22.966214671686835
 18.748750350473568
 18.73674150603363
 18.746656814149837
 19.17725024204234
 57.693601790032055
 -54.51508197217615
 47.77141610524156
 -72.02671261827525
 -72.02704926436009
 -72.02447033529116
 6.866945488459222
 6.418450178472804
 6.415591954946256
 121.84183040671279
 121.83639653860776
 85.36348011393942
 85.36985804805641
 41.52116088510484
 11.218752396103847
 11.211381954571639
 11.326884532180197
 11.187655417393445
 11.228060558606
 14.660998173577754
 8.566429570376176
 43.697643971593166
 43.69380164245847
 44.42948383092056
 41.24784880640878
 -26.80440976090148
 -26.80414580619838
 -82.77199377060839
 -79.0147734590968
 -79.01496561614545
 -40.188935197076745
 -40.16937164581841
 -40.16571832466676
 -44.25131047577436
 -44.24794721108558
 41.24807756535629
 -44.20797337577616
 35.353203021000134
 35.407149138652414
 35.406588794451984
 37.908263820981794
 37.90257899715493
 37.92481293216006
 37.92365291894662
 37.446185136739516
 -44.22179521115851
 40.81687183872746
 -40.97077552512085
 -5.440399662519749
 -5.428599611376836
 -5.385911837074555
 16.762795194276666
 -65.12392835518307
 -65.12350743735773
 -90.02261759154905
 -90.02261759154905
 -90.02261759154905
 -24.710927341247206
 -44.536406124340786
 -90.03120675477624
 -118.70200608898844
 -119.34919567772293
 -110.51867258141196
 -54.313579430027225
 -54.27283286993943
 -54.17623887170367
 -54.17498296965464
 -53.72433629780203
 -9.16291213303688
 3.3812222370071376
 -9.16884528829501
 -9.11751474367681
 -9.117979441057024
 -11.133796045278565
 -11.134121469989235
 -10.126418167987971
 -10.133283176591052
 94.26037186408045
 135.76403431099362
 97.38103450077888
 3.364619584365273
 97.3773014174299
 97.80831737987273
 97.83704554396556
 -10.949101171936274
 92.90067521055765
 92.97049718522534
 93.59282847960895
 96.71674523638947
 96.71350664146327
 96.70446559092247
 3.3809368017978976
 96.70124494405798
 96.70221272930421
 51.09549551324404
 51.09509313233797
 51.12677209111443
 44.79938331397712
 -28.569193137252025
 -70.51082295778494
 -70.53035296567633
 -70.54911456349842
 3.3837984112666284
 -70.54631180578984
 -52.280599243130474
 -71.58931898900778
 -72.56733649756278
 -70.86396975264597
 -70.86687804812496
 -70.87111560306256
 -70.8707359621981
 -70.87033142661836
 -70.99645723235653
 3.376609594281867
 24.73085126804435
 -76.6093073313921
 -100.3994451831284
 -68.22329991088694
 -68.24288367143008
 -68.24000529308023
 -68.02393301050083
 -68.16878704404134
 30.38619164440042
 35.166003224016684
 3.3825901994863616
 35.16197606777333
 35.160128957828526
 35.21050962897156
 35.241114522291696
 35.24336336911456
 -54.70276102655791
 -60.24673361027195
 -60.246938455153035
 -60.24680032415235
 -5.687294193503545
 3.696834548379471
 40.023927696412194
 43.7457775039757
 43.75337952061261
 43.16011145831573
 43.15171005059232
 -61.786027841240774
 -61.78270992549885
 -61.79917762038109
 -61.785434511457424
 21.578089518451584
 3.6963705003936087
 59.08039042379745
 59.08585598421194
 21.184920195662677
 21.19077616535278
 21.187760692849736
 25.639235836154253
 25.632126666652642
 25.680589608997902
 25.16904775735057
 25.169807038637114
 -24.782567934296175
 25.054954166445096
 25.068210569067936
 -70.82777758247371
 -52.080614576025
 62.56253658117499
 62.57941423137475
 59.031070538233436
 17.459821597237493
 17.463385338489893
 17.442498624901685
 69.84489726961151
 -44.51744762215113
 17.433777335896423
 17.454425407502164
 17.201817560020142
 12.562249608935893
 12.561382533856552
 -35.36273275606694
 -35.38553718359719
 -30.17658469877553
 -30.211903228123045
 -30.211903228123045
 69.84921432293683
 60.79600511396539
 -10.90327143583792
 -10.887458042600922
 -10.856194465328052
 -10.973131665255915
 2.394156411788612
 65.69229719038563
 65.70016469293489
 71.20358913153657
 71.19655696345191
 67.48021351295682
 71.1816250672424
 -26.52043484887101
 -26.512319823390197
 -26.476964007764202
 -82.57568469092757
 -39.906699222121084
 -11.50664954969741
 -11.515435875425014
 -11.514763999580703
 -11.513581273573028
 70.93378840020657
 -11.526440522943227
 -8.813411731889321
 -8.70326236349135
 -9.028292753243415
 -9.029653749593717
 -10.353573197773592
 -44.54793382865256
 -44.48073367777539
 -44.480261512472694
 -44.48208761712669
 115.23076426856804
 -44.455829217274214
 37.056128454516205
 37.0563241106005
 100.99760510826282
 100.99575863786905
 99.39130970151953
 100.08865441430677
 100.0916991879808
 95.23589819821831
 -9.084913015985974
 115.54892779866313
 -9.08500414679041
 -9.0926504441061
 -40.35237771824618
 -40.0351461177844
 -40.03492245907532
 -40.01190629501294
 -40.00688669288834
 -39.99530995988864
 -78.7510440206078
 -78.75125111129226
 119.40035474957988
 -20.102908048695195
 -29.35929834481073
 -33.49264398522486
 -87.00270057065454
 -87.00337730061882
 -33.856451689050935
 -33.85841328653116
 -33.84738030054752
 -33.705330946515495
 -33.77490039721002
 119.39231700047654
 -33.461330384802146
 34.69367861183155
 37.72294466018095
 37.63109549531281
 44.463169612303744
 96.51123183911476
 96.5121480339871
 -66.449810817094
 -66.44721180521975
 -66.41251723618863
 73.73550259540798
 -66.41602999717917
 -66.64188494446674
 -25.648848817303904
 2.305924784026206
 2.3512089155015423
 2.3632164970857565
 115.08787131797655
 118.59763293241042
 118.5876508256866
 118.58247685201275
 73.69605129971669
 118.56355707258261
 -70.64761633079189
 -52.99120307205185
 -52.9917472372002
 60.740271258609596
 23.578728845752668
 23.588918907568992
 23.591009036769044
 22.97001825628227
 18.758339271684115
 73.67494191735743
 -45.792158079893625
 18.76246481180575
 16.78574291709103
 16.741054473901677
 16.71690159595014
 16.699256673163465
 -82.6481594967097
 -38.475670339952764
 -38.47580022116485
 -38.47600799389208
 -37.938280907318244
 73.67622719043243
 -41.75091487458347
 -41.750673446042605
 -41.74920674993333
 -43.48461964597362
 -43.482286296084126
 -14.13106569549876
 -14.154611359792266
 87.5581582261679
 87.62783995264294
 -1.2359380092964731
 -22.483769985785987
 -1.2232703778684708
 -1.2306545254541201
 -1.2304863862037494
 -1.2204237818986672
 -3.3965899743803734
 -7.219855775168151
 -7.217420966275346
 39.419796497297256
 -63.651984617941224
 -63.64383290999349
 -22.477885140769068
 -63.553199568702794
 -45.97679437684338
 -45.97525686706898
 104.76786674472785
 140.87632039102687
 140.87179017236642
 140.87845221963852
 96.19962909515317
 96.27267057592236
 96.32503861679024
 -22.47543566576178
 96.39079924634187
 96.39215042852965
 -8.854216038176574
 -8.853315842046603
 -7.59883232361279
 -7.86892056142221
 -10.119243944653196
 -9.424825264254466
 -9.41356422448293
 -9.3921551052291
 -22.49702081335134
 95.4955853021985
 137.78656485760018
 138.29843181524035
 138.3037423402262
 134.7332567315614
 134.85888550727046
 134.85078255586444
 134.84685959856097
 134.85162894772728
 96.05801402858566
 -59.36901724442485
 96.04418937621425
 -25.84853156673027
 -25.945657579068584
 -25.947057591114984
 -26.221717023267942
 -26.24491706295477
 -26.259116225750695
 -29.0257390218864
 -27.43148714667096
 -27.43124571875966
 -59.36737842652493
 1.496185211760059
 -24.80778753585311
 -24.8232783173458
 -24.82315521861162
 69.77725179809141
 -21.089338605158847
 -20.728722336344312
 -24.018249815796793
 -24.018077148443314
 -24.01355147922586
 -2.0672505100036886
 -64.27862723048048
 -66.40003500983413
 -66.46188146277987
 -66.46208114363586
 -66.49071897127799
 -66.48884935134765
 -25.913165233714686
 -25.88978215240515
 67.99954023525434
 45.87043677185199
 -84.39550812350372
 45.82780140668455
 -10.236689336888467
 37.32879900751335
 37.36893972658991
 37.36908482355897
 37.38307876140584
 37.383272825309305
 -64.67024645484793
 -64.70122269628231
 -63.94702026079388
 -86.35519588539694
 75.13944957356209
 -60.80820779762192
 -60.983641028138614
 -60.97720463798788
 35.354297393779866
 99.2885611693823
 99.28115134797773
 99.26266398536112
 98.78921661321384
 98.79528875237881
 136.7428329381544
 -86.3550342237082
 136.73692290242155
 136.72543511315575
 136.72542156017323
 135.80450042870817
 135.80217081644818
 14.791796196791609
 16.748658502688055
 51.4401857386789
 -35.82539485769682
 -35.82802214292898
 -113.68929849440146
 -36.277332937285315
 -36.28919158314883
 -8.855913002445266
 -10.772892067964035
 -10.773301116488483
 -10.773536830547153
 -10.76116688342357
 -13.152403127101682
 -52.032251141245304
 -52.07609900946635
 -113.66991281325122
 -52.10422401119375
 -13.163130793669847
 -11.618126664736378
 -11.644070539088434
 -11.644070539088434
 -11.644070539088434
 -11.734254599943622
 4.8367703887460705
 4.9032049328694765
 4.90043793451692
 -112.11378807184438
 68.43275054182791
 68.455207492567
 -25.61638180564009
 2.7548771216878096
 2.4852855879475286
 17.387129226388463
 17.373823312708833
 15.241564871608261
 15.233694689266313
 15.33191609903991
 -112.11347648359276
 15.065945134644265
 15.06626639818144
 136.25962115794897
 136.28784404879093
 88.12507078556071
 88.12527960985727
 88.1080650465214
 28.54718014923869
 28.63523141930482
 -63.18994300992752
 -112.11436118209565
 -66.65732795419989
 0.05363055139394618
 0.0510810656692751
 0.05090840067293805
 0.06032897597068908
 0.14534060758221204
 3.541113457618391
 3.457353185969488
 3.457609246237704
 72.6475740473543
 -80.19349990729236
 73.5155566081688
 119.24065397475387
 119.20118015417712
 -52.76902361451846
 -52.76882932523171
 -52.766909562801594
 -74.44198573159457
 -74.440227259758
 -97.44231146098431
 -97.44276613843796
 -80.17576031299447
 -97.41922582977818
 -28.11468593868649
 -25.69482489178534
 -25.700921192632382
 -20.533844236991136
 -21.1360774156535
 -21.128260958035604
 -5.261672448367881
 -5.265289260927938
 -7.062069033951248
 -79.77020509153904
 -7.319356518182247
 -7.287241503783244
 -7.305298095455394
 -7.309831097947208
 -3.524071266542795
 -3.4324378142995524
 42.039721552945466
 77.5367165813342
 77.53568071111799
 -44.59404251098741
 -79.80028180859343
 41.857498226784976
 -44.596547602948135
 68.02542091408061
 68.02592594044152
 -25.873950735618546
 -30.782613688308103
 -30.78259431569795
 -30.782017837512054
 -32.13468749319935
 2.595495496898424
 2.5970161347613003
 -79.79719165970899
 2.576059879729632
 -20.7006682387015
 -20.706561903794597
 -20.736288130132895
 -21.09591312252992
 8.999733979144473
 8.988613689513526
 8.457372068941742
 8.451573575947066
 -61.618562142913454
 12.162121040806177
 -61.6175381227396
 -61.5890548521659
 -61.58917910593457
 -61.62598991263168
 -61.625821480037615
 -19.169854641479994
 -15.682192241814391
 6.255250967679852
 6.556948499541123
 -21.224959582841972
 12.81261392425169
 -21.219742686662954
 2.1965982209666497
 2.1883724513722127
 4.668282527570792
 -25.65280557457436
 -25.652969040611406
 -27.15631614409314
 -27.15621369835995
 -27.48424275467578
 65.34210590630839
 12.794140309671054
 65.41297743183398
 65.44552319806387
 65.43704519806096
 30.767236660401032
 30.770788015165973
 30.759153324710507
 30.770036683308934
 61.05867534118071
 17.79064312731915
 17.79046812302761
 12.785507396903084
 21.112966756565225
 21.14940088928829
 23.259974872145246
 23.254458525259075
 22.649208174033387
 -72.03727878328236
 -72.03393171104601
 69.94099811094193
 70.0398027276864
 69.8565055302292
 -59.01820186059692
 -24.775602971809406
 -24.77406582728047
 -24.7753745416624
 -24.455464597454355
 -27.380696417128036
 -27.384140451318743
 -27.39255495515778
 -25.518144027351006
 -63.73127326171472
 -23.634458573242256
 -17.72997507946357
 -23.645594450787883
 -66.40259283719931
 -66.40616602252105
 -25.486163809645472
 68.67223747892056
 115.54034022443257
 115.54342422975223
 115.54738075969428
 115.58766044300569
 119.44522288496145
 4.753608617618529
 119.45077409446856
 119.3487046681629
 118.91021162668515
 118.9167399042585
 118.8916632793429
 30.67913862277186
 30.719315909175354
 -68.00222490821025
 -68.00260454876303
 -68.03083530290718
 4.7531951873260505
 -68.14262588100553
 -96.44629092741933
 -96.65850481637874
 -96.6577905070216
 -96.65423592358691
 -96.6527281896193
 -96.6520390792936
 -94.17641355212923
 -72.04414385807159
 96.21267102396037
 4.751742028611243
 42.22084137589493
 96.21489253405798
 27.64185324371575
 27.640462410497886
 27.749597002323824
 30.438812760689668
 -48.426218635647075
 -48.42617558602528
 -13.038957284971236
 -13.076092297749518
 -8.972306004353626
 5.60530169823807
 -8.972195987471233
 -9.197783146758406
 -9.219573605485508
 -13.289798975626073
 -13.151227178633283
 -13.149342170872467
 -13.18423919918413
 -9.090113224913905
 -9.105793923199641
 95.97285395244114
 5.605480823959965
 92.21409340366748
 92.23799304602744
 92.23244183908398
 134.77571441143192
 134.77556641804208
 95.94281668495672
 95.93603527694316
 -8.218718846454584
 -8.14933911793423
 -87.43655242451487
 5.5966544781950445
 -87.43635691092405
 -87.44676307659093
 -87.44731820261686
 -87.44733685808673
 -87.50212348208764
 -88.56311244236694
 -88.67096104654313
 -85.42590809172229
 -62.58291595395763
 -62.575456783791054
 5.610406304626664
 -45.5922789240537
 -46.880295117123964
 -46.8799010643593
 -44.37816914480204
 -41.676799817388144
 -41.39901027646512
 -41.370983598312016
 -41.37662015012638
 -41.38087237665803
 -41.380648718059014
 2.809074756856203
 -41.40249098021111
 -10.165929128470985
 -38.0748590966263
 47.69107867164254
 47.72926664847157
 60.29858372723591
 -53.21259100292117
 -53.212411173395175
 -53.20824235945609
 -52.15419380971404
 21.31952738583851
 -53.696301522531215
 -53.82802403048518
 -53.829119748106166
 -71.46414824511827
 -71.45236412834117
 -71.44989654871725
 -71.44896944491684
 -98.23411628226468
 -98.22741775894072
 -72.17123981702173
 21.311083075138885
 -72.17691550292484
 -70.82078321468327
 -70.82619865986265
 -72.92712567180216
 -53.928789122059776
 58.86618748955639
 23.687475015268795
 23.68882211286743
 23.70344820593377
 23.6616150537021
 21.159554458212497
 23.9732133279217
 23.968800063312532
 23.968656395755605
 -8.976849676284957
 -8.996311347751629
 96.15532491880225
 101.72816247588925
 101.74974828110221
 30.190602893694113
 29.94995701560991
 59.066534184234186
 29.94765311834756
 29.9474752263314
 29.94765660161661
 29.89705766090441
 89.04259608836165
 95.74795380476984
 95.77452930074372
 -42.583830390158894
 -8.993957322183277
 15.778078219133107
 59.0688940830697
 42.22425229107306
 137.44597418718814
 137.45689996738392
 137.45912209494955
 138.58887133753535
 138.97309086779816
 138.95438807912726
 138.95382711706938
 138.96449224996059
 135.15000342255945
 135.1471159047161
 62.14903933356078
 135.15111257375574
 60.7441327094738
 60.743044379812744
 58.89238079057592
 58.90561509174408
 56.27658909610538
 56.21601334173767
 56.21981207064919
 15.294399683895369
 15.357609179132758
 62.166501170715584
 15.357609179132758
 15.375037840608673
 -75.67436394422727
 -75.66792663356846
 -104.32633469446431
 -70.47005770966858
 -96.15103571196329
 -96.14987960800028
 -98.13449839323125
 -98.10415773604892
 62.1997309987868
 -98.08890019523187
 -29.454034649820432
 -42.747437598146284
 14.821235123597345
 14.821235123597345
 14.904618507767594
 14.943783685527096
 14.952466736359854
 14.952466736359854
 -62.91793607818286
 23.636591421798887
 -62.91936144696171
 -85.91183217480119
 -60.33457415528805
 -60.33097448957568
 -60.32872516888286
 -60.3285007830061
 -60.3328608406884
 -60.52254384986775
 -60.522716341559615
 -60.50857217507395
 23.42346367295941
 -58.38657717512958
 49.950611383129576
 48.37491859021468
 -28.28948617803018
 -28.298926895285856
 -23.12560766137639
 -23.125039193886128
 21.535879301690798
 21.544923943435474
 -72.58942089577155
 23.42106220388148
 -72.58682064304716
 -73.58580245952237
 -51.82955793417576
 -51.829495521071344
 -52.01966351403149
 -52.02677592230611
 -52.01549073068327
 -68.53695325907745
 -68.5254806020839
 -53.23483513918348
 23.42097166771606
 -53.23505040748593
 -53.02274207289017
 -53.017673759948835
 -52.946231040264976
 60.83130365211568
 64.5671662276533
 64.59328453254204
 64.59150732435984
 64.57657648078015
 15.286505702735806
 -71.65139702480731
 15.329116728124767
 -8.867551887212771
 -10.037942593723896
 -10.04008064814049
 -10.019320842519127
 -10.293276078821886
 93.99371702628133
 93.99784733310756
 90.7702290859445
 134.64856292330037
 -71.65432970903854
 134.65477724745267
 134.6553382120359
 95.78162159824832
 95.78119036968884
 95.7880211415784
 -4.739152270292116
 -4.776959668503445
 -4.7784616184909705
 -4.778077448016572
 -85.75092159177935
 28.041606007204308
 42.227458625380265]
phi	[0.30940916157991755
 0.30999481637277393
 0.3097866350905689
 0.309637413854974
 0.30949292856652505
 0.30935013828336383
 0.3092088880620199
 0.3090691541433553
 0.30893091927566396
 0.30879416672427495
 0.30865887997275454
 0.3085250426929046
 0.30839263874673595
 0.3082616521789503
 0.3081320672245778
 0.308003868291766
 0.30787703997746696
 0.3077515670474566
 0.3076274344503696
 0.30750462730089656
 0.3073831308922713
 0.307262930679447]
workGrid	[35.5,36.0,36.5,37.0,37.5,38.0,38.5,39.0,39.5,40.0,40.5,41.0,41.5,42.0,42.5,43.0,43.5,44.0,44.5,45.0,45.5,46.0]
criterionValue	99.99761788399009
cumFVE	99.99761788399009
lambda	4027.2048358035327
smoothedCov	[368.06851896484886 368.7529191102032 368.50272712602435 368.3239941080241 368.1509670021338 367.97997374368896 367.8108277411186 367.6435004493936 367.47797114702564 367.31421973361336 367.15222637107945 366.9919714477337 366.8334355805888 366.6765996063847 366.52144459066164 366.367951807214 366.21610275676846 366.06587914311444 365.9172628898843 365.7702361204394 365.62478117273207 365.48088057922166
 368.7529191102032 369.462967630461 369.2117340050991 369.0313925699405 368.8567613491882 368.6841806145539 368.51346383648644 368.34458228938047 368.17751507076844 368.0122419012845 367.84874276611185 367.68699787864557 367.52698768318146 367.36869284545935 367.2120942622241 367.05717304013984 366.90391051492827 366.75228822702627 366.602287938788 366.4538916138827 366.3070814326269 366.1618397714139
 368.50272712602435 369.2117340050991 368.96122489092056 368.78133744929005 368.6071401161389 368.434987629581 368.26469418387217 368.0962311424415 367.9295776608296 367.7647135154807 367.60161874660275 367.4402736219824 367.28065863963036 367.12275451839065 366.96654220744267 366.8120028652971 366.6591178788678 366.5078688392125 366.35823755866136 366.21020605030145 366.06375654324336 365.9188714621307
 368.3239941080241 369.0313925699405 368.78133744929005 368.6018060342161 368.4279549685755 368.25614445724005 368.086188983649 367.9180599699147 367.7517366192088 367.5871987545472 367.42442646209116 367.26340005503977 367.10410007624114 366.94650728885915 366.79060268582 366.63636746888204 366.4837830676499 366.33283111538526 366.18349346607476 366.03575217398725 365.88958950888536 365.7449879355991
 368.1509670021338 368.8567613491882 368.6071401161389 368.4279549685755 368.25444125709095 368.0829639487197 367.9133377750454 367.74553421353835 367.57953251377637 367.4153125442515 367.25285443600205 367.0921385465779 366.93314546261513 366.77585599055755 366.6202511660535 366.4663122330944 366.3140206629746 366.1633581301678 366.01430652933834 365.86684795496944 365.7209647165191 365.5766393180591
 367.97997374368896 368.6841806145539 368.434987629581 368.25614445724005 368.0829639487197 367.91181574912497 367.7425148332512 367.57503273304894 367.4093487438399 367.2454427789498 367.0832950136615 366.92288584924995 366.7641959155207 366.60720606158924 366.45189736522417 366.2982511120556 366.14624881448094 365.99587218760655 365.8471031662044 365.69992388440613 365.55431669080895 365.41026412817524
 367.8108277411186 368.51346383648644 368.26469418387217 368.086188983649 367.9133377750454 367.7425148332512 367.5735353736901 367.4063709820775 367.2410009988506 367.0774053815514 366.9155643490975 366.75545834588695 366.5970680443022 366.44037433554325 366.28535833892073 366.1320013811319 365.9802850151135 365.8301909960484 365.6817012982659 365.53479809500385 365.3894637734633 365.24568091456877
 367.6435004493936 368.34458228938047 368.0962311424415 367.9180599699147 367.74553421353835 367.57503273304894 367.4063709820775 367.2395205994083 367.07446096997506 366.9111720949269 366.7496342362158 366.5898278807701 366.43173374296384 366.2753327555032 366.1206060786705 365.96753507966775 365.8161013514152 365.6662866886227 365.51807310463585 365.3714428112643 365.2263782337847 365.0828619907626
 367.47797114702564 368.17751507076844 367.9295776608296 367.7517366192088 367.57953251377637 367.4093487438399 367.2410009988506 367.07446096997506 366.90970808603197 366.7467223911773 366.585484189805 366.42597401078865 366.2681726099163 366.11206096083026 365.9576202642229 365.80483192724404 365.65367758224943 365.5041390629351 365.35619842112845 365.2098379066829 365.0650399824307 364.9217873040639
 367.31421973361336 368.0122419012845 367.7647135154807 367.5871987545472 367.4153125442515 367.2454427789498 367.0774053815514 366.9111720949269 366.7467223911773 366.584036356873 366.4230943382655 366.263876905596 366.10636485549736 365.9505392019858 365.79638118560797 365.64387225291364 365.492994075154 365.34372852447586 365.1960576906619 365.04996386108894 364.905429535631 364.76243740659913
 367.15222637107945 367.84874276611185 367.60161874660275 367.42442646209116 367.25285443600205 367.0832950136615 366.9155643490975 366.7496342362158 366.585484189805 366.4230943382655 366.26244506912934 366.1035169934363 365.94629094810205 365.7907479869617 365.6368693898686 365.48463664223164 365.33403145366356 365.1850357342356 365.0376316111654 364.89180140883946 364.7475276636666 364.6047931040773
 366.9919714477337 367.68699787864557 367.4402736219824 367.26340005503977 367.0921385465779 366.92288584924995 366.75545834588695 366.5898278807701 366.42597401078865 366.263876905596 366.1035169934363 365.94487492558625 365.7879315786893 365.6326680458524 365.47906564569536 365.327105901953 365.1767705620723 365.0280415735298 364.88090110046426 364.73533150376556 364.59131535587744 364.44883542085574
 366.8334355805888 367.52698768318146 367.28065863963036 367.10410007624114 366.93314546261513 366.7641959155207 366.5970680443022 366.43173374296384 366.2681726099163 366.10636485549736 365.94629094810205 365.7879315786893 365.63126766308426 365.47628033312486 365.32295094566484 365.17126106223816 365.0211924676071 364.8727271461398 364.7258472983908 364.580535321253 364.4367738227117 364.29454560196064
 366.6765996063847 367.36869284545935 367.12275451839065 366.94650728885915 366.77585599055755 366.60720606158924 366.44037433554325 366.2753327555032 366.11206096083026 365.9505392019858 365.7907479869617 365.6326680458524 365.47628033312486 365.32156601881553 365.1685064974856 365.01708336794974 364.8672784517729 364.7190737697081 364.57245155822665 364.42739424973115 364.28388448726196 364.1419051046703
 366.52144459066164 367.2120942622241 366.96654220744267 366.79060268582 366.6202511660535 366.45189736522417 366.28535833892073 366.1206060786705 365.9576202642229 365.79638118560797 365.6368693898686 365.47906564569536 365.32295094566484 365.1685064974856 365.0157137329087 364.86455428751594 364.71501001917 364.56706298450933 364.4206954554295 364.2758898993559 364.1326289939042 363.990895607108
 366.367951807214 367.05717304013984 366.8120028652971 366.63636746888204 366.4663122330944 366.2982511120556 366.1320013811319 365.96753507966775 365.80483192724404 365.64387225291364 365.48463664223164 365.327105901953 365.17126106223816 365.01708336794974 364.86455428751594 364.7136554927808 364.5643688774057 364.4166765334228 364.2705607676644 364.12600408209954 363.9829891884447 363.8414989884489
 366.21610275676846 366.90391051492827 366.6591178788678 366.4837830676499 366.3140206629746 366.14624881448094 365.9802850151135 365.8161013514152 365.65367758224943 365.492994075154 365.33403145366356 365.1767705620723 365.0211924676071 364.8672784517729 364.71501001917 364.5643688774057 364.4153369554482 364.26789638023683 364.1220294930621 363.9777188299621 363.83494713628755 363.6936973470404
 366.06587914311444 366.75228822702627 366.5078688392125 366.33283111538526 366.1633581301678 365.99587218760655 365.8301909960484 365.6662866886227 365.5041390629351 365.34372852447586 365.1850357342356 365.0280415735298 364.8727271461398 364.7190737697081 364.56706298450933 364.4166765334228 364.26789638023683 364.1207046863188 363.9750838269442 363.83101637175344 363.6884850992692 363.5474729772918
 365.9172628898843 366.602287938788 366.35823755866136 366.18349346607476 366.01430652933834 365.8471031662044 365.6817012982659 365.51807310463585 365.35619842112845 365.1960576906619 365.0376316111654 364.88090110046426 364.7258472983908 364.57245155822665 364.4206954554295 364.2705607676644 364.1220294930621 363.9750838269442 363.82970617810474 363.6858791493248 363.54358555184484 363.4028083858136
 365.7702361204394 366.4538916138827 366.21020605030145 366.03575217398725 365.86684795496944 365.69992388440613 365.53479809500385 365.3714428112643 365.2098379066829 365.04996386108894 364.89180140883946 364.73533150376556 364.580535321253 364.42739424973115 364.2758898993559 364.12600408209954 363.9777188299621 363.83101637175344 363.6858791493248 363.54228979814314 363.40023116171847 363.2596862721041
 365.62478117273207 366.3070814326269 366.06375654324336 365.88958950888536 365.7209647165191 365.55431669080895 365.3894637734633 365.2263782337847 365.0650399824307 364.905429535631 364.7475276636666 364.59131535587744 364.4367738227117 364.28388448726196 364.1326289939042 363.9829891884447 363.83494713628755 363.6884850992692 363.54358555184484 363.40023116171847 363.2584048042258 363.11808954288813
 365.48088057922166 366.1618397714139 365.9188714621307 365.7449879355991 365.5766393180591 365.41026412817524 365.24568091456877 365.0828619907626 364.9217873040639 364.76243740659913 364.6047931040773 364.44883542085574 364.29454560196064 364.1419051046703 363.990895607108 363.8414989884489 363.6936973470404 363.5474729772918 363.4028083858136 363.2596862721041 363.11808954288813 362.9780012927232]
