18.0,[-0.010170526075012754,-0.044497738826976274,-0.1040710628785746,-0.0005201172825763933,7.224043526797307e-5,1.146907161038122e-5,0.6369698479714268,5.973474797073552e-6,-0.8660944120336037]
19.0,[-0.010210034615390136,-0.044494186113297474,-0.10407035233583883,-0.0005194067398406332,7.224043526797307e-5,1.146907161039037e-5,0.6369698479714269,5.973474797078318e-6,-0.8660944120336033]
20.0,[-0.00994236782792052,-2.0948064616277406,-5.967991967281705,-0.00010373923942097463,0.0013277295602765861,-0.0,0.34964659180829893,0.0,-1.5515574166859156]
21.0,[-0.010196056987856267,-0.019407764284551376,-0.046622972149634734,-0.00018403056856186595,-0.0037651645757262324,6.958396435103787e-6,0.5882773920610829,3.6241648099498887e-6,-0.9822574777945846]
22.0,[-0.010118976953804544,-0.05147242632119742,-0.047483439402640215,0.0003240074875066057,0.0005465205794789813,-0.0,0.515613191568558,0.0,-1.1556085286864404]
23.0,[-0.010245966603737925,-0.009246292620446184,-0.021643842273988412,-0.00011652900866465643,-0.0007513994698847432,2.6483876970638045e-6,0.5800519421595519,1.3793685922207318e-6,-1.001877972553424]
24.0,[-0.010241175197391957,0.0026055602120322874,0.015374013173641288,1.4210854715202004e-5,0.00041188998320683076,2.89021045788359e-7,0.5605974638519788,1.5053179468143696e-7,-1.048289114111026]
25.0,[-0.010307177639897741,-0.007774758614687016,-0.017779910876924987,-0.00011368683772161603,6.51362186950346e-5,1.0480823218264751e-6,0.5789746107843395,5.458762092846226e-7,-1.0044470343304484]
26.0,[-0.010327310635254532,-0.0036223468669049907,-0.00631317220722849,-7.389644451905042e-5,0.000397031207917305,3.5336102423870595e-7,0.5737485664261759,1.8404220012432603e-7,-1.0169143867839976]
27.0,[-0.010370354673134905,-0.007689493486395804,-0.01759232759468432,-0.00011155520951433573,0.000304034483791594,5.596542868484537e-7,0.5790631065096943,2.9148660773356965e-7,-1.0042355599370776]
28.0,[-0.010398417810233401,-0.006512124173241318,-0.014424017535930034,-0.00010444978215673473,0.00040006311331996656,3.569319493479264e-7,0.5776667933346302,1.85902056952045e-7,-1.0075666194244888]
29.0,[-0.010412789130224809,-0.0017998047496803338,-0.0008945733043219661,-5.3290705182007514e-5,0.00036951638728148126,4.123794745209937e-7,0.5709205679329781,2.1478097631301755e-7,-1.0236612253452342]
30.0,[-0.0104415636522023,-0.001467981292080367,0.00016058265828178264,-5.115907697472721e-5,0.00024673349700611965,6.648217735328811e-7,0.5702550792675061,3.462613403817089e-7,-1.0252490714773599]
31.0,[-0.010489000752692455,-0.005707789796360885,-0.012208545285830041,-9.166001291305292e-5,0.0002396433219389977,6.861642388475166e-7,0.5765025454704727,3.5737720773308157e-7,-1.010344417352043]
32.0,[-0.010520293434515991,-0.005677947001458961,-0.01212896449942491,-9.379164112033322e-5,0.00035314205951988173,4.516058629342501e-7,0.5765441518513861,2.3521138694492195e-7,-1.0102449888730238]
33.0,[-0.010557072740154412,-0.007132427981559886,-0.01609734567864507,-0.00010729195309977513,0.0003545790590891311,4.533183747191365e-7,0.5784109962600634,2.361033201662169e-7,-1.005791232721259]
34.0,[-0.010588669702732095,-0.0071665340328763705,-0.016194690033444203,-0.00010871303857129533,0.0003885150375279524,3.830041285351738e-7,0.5784819262822927,1.9948131694540303e-7,-1.0056219637294794]
35.0,[-0.010621880129252496,-0.007619149755555554,-0.017405454855179414,-0.00011510792319313623,0.00039000915127439327,3.8131066792818527e-7,0.5790427314828536,1.985993062125965e-7,-1.0042840415413836]
36.0,[-0.010653455028794298,-0.007648282007721718,-0.017478640756962704,-0.00011226575225009583,0.0004002085735482612,3.6018821221143485e-7,0.579081552302793,1.8759802719345566e-7,-1.0041914110692025]
37.0,[-0.010685495731873537,-0.007782574584780377,-0.017838885923993075,-0.00011297629498585593,0.00040097625301082355,3.590185108408429e-7,0.5792506741055323,1.8698880772960567e-7,-1.0037879339328803]
38.0,[-0.010717023978161495,-0.0077911010976094985,-0.017868728718895,-0.00011581846592889633,0.0004040555285320437,3.5265645628951606e-7,0.579267604958298,1.8367523765078962e-7,-1.0037475372112439]
39.0,[-0.010718313505296385,-0.0018523849121265812,-0.0010437872788315872,-5.4001247917767614e-5,0.0003986255803828722,3.5209643115969266e-7,0.5710256250540646,1.8338355789567326e-7,-1.0234105460113252]
40.0,[-0.010747760984713887,-0.0017465140444983263,-0.0007140954494389007,-5.7553961596568115e-5,0.00024881155236223536,6.617259257307544e-7,0.5707305460006971,3.4464891965143457e-7,-1.024114741488284]
41.0,[-0.010800712634716571,-0.00574544856135617,-0.012293099871385493,-9.876544027065393e-5,0.00024829717416092854,6.684605084277816e-7,0.5765487026187849,3.481565148061363e-7,-1.010234286938405]
42.0,[-0.010832412521686688,-0.005790212753709056,-0.012420287021086551,-0.00010444978215673473,0.0003540339158624956,4.5011964415345896e-7,0.576687375321774,2.3443731466325988e-7,-1.0099032975320847]
43.0,[-0.010870853787389513,-0.0071452177508035675,-0.016123635759868193,-0.00010942358130705543,0.0003571878252539493,4.4795230371962297e-7,0.5784292859488802,2.3330849152063698e-7,-1.00574759491646]
44.0,[-0.010902632584986154,-0.0072020611696643755,-0.016281376247206936,-0.00010871303857129533,0.0003888634861831199,3.8238995733116243e-7,0.5785253362072627,1.9916143610998044e-7,-1.0055183996126427]
45.0,[-0.010936340314718856,-0.007626255182913155,-0.017416112996215816,-0.00011297629498585593,0.00039080047637207266,3.7968324218795934e-7,0.5790495677698739,1.9775168863956217e-7,-1.0042677309513306]
46.0,[-0.010967987113391869,-0.007653255806872039,-0.017498535953563987,-0.00011297629498585593,0.0004003377133178216,3.599531573376001e-7,0.5790947620019142,1.8747560278000005e-7,-1.0041598963334029]
47.0,[-0.01100017669436438,-0.007784706212987658,-0.017848122979557957,-0.00011795009413617663,0.00040121730941631006,3.5852374033194144e-7,0.5792531355981583,1.867311147562195e-7,-1.003782061161351]
48.0,[-0.011031731586015316,-0.007796785439495579,-0.01787441306078108,-0.00011439738045737613,0.0004041016893748234,3.525704662257001e-7,0.5792716377465992,1.8363045115921883e-7,-1.0037379160691606]
49.0,[-0.011063436791958453,-0.007829470405340544,-0.017976020671994775,-0.00011795009413617663,0.0004044550093034391,3.519550466454789e-7,0.5793196442190496,1.8330992012785358e-7,-1.003623385902444]
50.0,[-0.01109494677624941,-0.007838707460905425,-0.017991652612181497,-0.00011723955140041653,0.00040532873642313275,3.5015179781629804e-7,0.5793266909948547,1.823707280293219e-7,-1.003606573020702]
51.0,[-0.011126497628007338,-0.007853628858356387,-0.0180236270352907,-0.00011368683772161603,0.0004054618749867764,3.4991083312412785e-7,0.5793412888071474,1.8224522558548328e-7,-1.0035717466392577]
52.0,[-0.011157988428925082,-0.007855049943827908,-0.018027179748969502,-0.00011510792319313623,0.00040572758309503817,3.493631151431633e-7,0.5793438571699007,1.8195995580373092e-7,-1.0035656188683193]
53.0,[-0.011189490085908674,-0.007855760486563668,-0.018034995719062863,-0.00011439738045737613,0.00040577578018460505,3.4927375326859877e-7,0.5793483095134102,1.8191341316072854e-7,-1.0035549967849737]
54.0,[-0.01122097325854702,-0.007857181572035188,-0.018040680060948944,-0.00011652900866465643,0.00040585685295440547,3.491069048186263e-7,0.5793492183910388,1.8182651292636786e-7,-1.0035528283434536]
55.0,[-0.011300828740728693,-0.01532356463940232,-0.03710880491780699,-0.00017124079931818414,0.00041168605408452107,3.4907970119147987e-7,0.5877534514962552,1.8181234437056243e-7,-0.9835027293444347]
56.0,[-0.011335080459510243,-0.015497647609663545,-0.03754152544388489,-0.00017905676941154525,0.0005644668837203498,3.0524841452104255e-8,0.5880658147307599,1.5898354922970968e-8,-0.9827572923743596]
57.0,[-0.011332074767884283,-0.010149392437597271,-0.024071056259344914,-0.00013571366253017914,0.0005652515284987615,2.308104474547487e-8,0.5821925748855423,1.2021377471601495e-8,-0.9967691592595238]
58.0,[-0.011363136695633673,-0.010105338787980145,-0.023943869109643856,-0.00013429257705865894,0.00045850460220250535,2.461653681919917e-7,0.5820560239191181,1.2821112926666233e-7,-0.9970950901967955]
59.0,[-0.01138405815228082,-0.008601119816376013,-0.020021673208248103,-0.00012292389328649733,0.0004553868938578868,2.482459969488521e-7,0.5802879960821787,1.2929479007752713e-7,-1.0013131009510856]
60.0,[-0.011415069406427687,-0.008541434226572164,-0.01986606434911664,-0.00012008172234345693,0.0004232311279854672,3.1503988983528604e-7,0.5801914875709058,1.6408327595587816e-7,-1.0015433903950461]
61.0,[-0.011443266088762519,-0.008106582072286983,-0.018703616433413117,-0.00011937117960769683,0.0004212801958898384,3.177540366397949e-7,0.5796584996254573,1.654968940832265e-7,-1.0028149492892924]
62.0,[-0.011474494229364134,-0.008077449820120819,-0.018616930219650385,-0.00011866063687193673,0.0004115864983272863,3.378395501162399e-7,0.5796128543793112,1.7595809901887495e-7,-1.0029238601518933]
63.0,[-0.01150494641755232,-0.00793960452938336,-0.018266632650920656,-0.00011795009413617663,0.0004106972141246625,3.392819690390964e-7,0.5794517568106363,1.7670935887452936e-7,-1.0033081939531743]
64.0,[-0.011536314299200011,-0.007918998790046317,-0.018211210317531368,-0.00011439738045737613,0.0004077615602177633,3.4533856712969354e-7,0.5794330281321097,1.798638370467154e-7,-1.003352879555229]
65.0,[-0.011567470866124332,-0.007884892738729832,-0.018108892163581913,-0.00011510792319313623,0.00040740480705791344,3.4596201540762985e-7,0.579384190757106,1.8018854969147387e-7,-1.003469392023772]
66.0,[-0.011598904785245223,-0.00787565568316495,-0.01809681293707399,-0.00011510792319313623,0.00040651744238506414,3.4779797859114864e-7,0.5793770500292481,1.8114478051622324e-7,-1.0034864290716357]
67.0,[-0.011630282117481724,-0.00786712917033583,-0.018061285800285987,-0.00011581846592889633,0.00040638262003221177,3.480421878447957e-7,0.5793621995638223,1.812719728358311e-7,-1.0035218582135865]
68.0,[-0.011661743627453452,-0.007859313200242468,-0.018054890915664146,-0.00011297629498585593,0.00040611246095686044,3.4859954318257347e-7,0.5793595949735297,1.8156226207425702e-7,-1.0035280724199669]
69.0,[-0.011693190320713776,-0.007865708084864309,-0.018050627659249585,-0.00011581846592889633,0.00040606359226744534,3.4869015619113697e-7,0.5793550657431601,1.8160945634955052e-7,-1.0035388779342864]
70.0,[-0.011724662611986174,-0.00786712917033583,-0.018050627659249585,-0.00011795009413617663,0.00040598113478801037,3.4885990441807147e-7,0.5793541435864658,1.8169786688441223e-7,-1.0035410780579346]
71.0,[-0.01175613114273912,-0.007854339401092147,-0.018046364402835025,-0.00011226575225009583,0.00040596391049591447,3.4889236647127315e-7,0.5793527582198321,1.817147742037881e-7,-1.0035443831700908]
72.0,[-0.011725901677063432,-0.0018751222796709044,-0.001114131009671837,-5.8975047068088315e-5,0.00040018536940821355,3.4893724224796715e-7,0.5710588186044512,1.8173814700414955e-7,-1.0233313534274107]
73.0,[-0.01175437829582818,-0.0017607248992135283,-0.0007581490990560269,-5.9685589803848416e-5,0.00024942228555537157,6.605253734671639e-7,0.5707567040713737,3.4402363201414786e-7,-1.0240523349478465]
74.0,[-0.011829016778252873,-0.005750422360506491,-0.012311573982515256,-9.663381206337363e-5,0.0002487743586111917,6.674953712456468e-7,0.5765594158149581,3.4765383919044103e-7,-1.0102087276238654]
75.0,[-0.011861105835345349,-0.005789502210973296,-0.012435208418537513,-9.663381206337363e-5,0.00035423174450785927,4.497304266886351e-7,0.5766955114975505,2.3423459723366412e-7,-1.0098838866632918]
76.0,[-0.011906174902289362,-0.007150191549953888,-0.016137136071847635,-0.00010800249583553523,0.00035733677290912834,4.476515261352972e-7,0.5784327448419111,2.3315183652880064e-7,-1.005739342771102]
77.0,[-0.01193827985583168,-0.007202771712400136,-0.016287771131828777,-0.00010871303857129533,0.0003889273158271935,3.8226384707734243e-7,0.5785278781477108,1.9909575368611585e-7,-1.005512335178924]
78.0,[-0.011973994115018854,-0.007621281383762835,-0.017418955167158856,-0.00011368683772161603,0.0003908470632431753,3.795891872468821e-7,0.5790506829018938,1.9770270169108442e-7,-1.0042650704977583]
79.0,[-0.01200580183620529,-0.00766249286243692,-0.01750564138092159,-0.00011581846592889633,0.0004003582846529623,3.5991243074571973e-7,0.5790955579480288,1.8745439101339571e-7,-1.004157997404296]
80.0,[-0.011969346640989434,-0.0018196999462816166,-0.0009343636975245317,-6.110667527536862e-5,0.0003954841165208653,3.5849129432229123e-7,0.5709612438019539,1.8671421579286e-7,-1.0235641458519775]
81.0,[-0.011997733682358142,-0.0017180923350679222,-0.0006224354365258478,-6.181721801112872e-5,0.0002476246463907596,6.640467257555693e-7,0.570677782085292,3.45857669664359e-7,-1.0242406227727503]
82.0,[-0.01207802171740574,-0.005723421736547607,-0.012254020020918688,-9.379164112033322e-5,0.0002473336934790771,6.704052392824426e-7,0.5765278597588815,3.491693954596056e-7,-1.0102840134361253]
83.0,[-0.012110263902380777,-0.005773870270786574,-0.012390444226184627,-9.947598300641403e-5,0.00035364877407286665,4.508757871360641e-7,0.5766709881380383,2.3483113913336674e-7,-1.0099423932105276]
84.0,[-0.012157067490602748,-0.007139533408917487,-0.016112267076096032,-0.00010302869668521453,0.000356887860027182,4.485584207041572e-7,0.578422539226695,2.3362417745008187e-7,-1.0057636911008998]
85.0,[-0.012189273909941298,-0.007194245199571014,-0.016273560277113575,-0.00010800249583553523,0.00038873891051533426,3.8263565053241504e-7,0.5785202233723065,1.9928940131896617e-7,-1.0055305975515336]
86.0,[-0.01222551515605132,-0.007617018127348274,-0.017415402453480056,-0.00011368683772161603,0.000390706788777025,3.7987252698461585e-7,0.579047387813037,1.978502744711541e-7,-1.0042729318407024]
87.0,[-0.012257370103640546,-0.007655387435079319,-0.017502799209978548,-0.00011439738045737613,0.0004002974688007285,3.600326847711317e-7,0.5790931630200575,1.8751702331829775e-7,-1.0041637111040664]
88.0,[-0.01229032660346677,-0.007784706212987658,-0.017842438637671876,-0.00011368683772161603,0.0004011879730001568,3.585829107074755e-7,0.5792524326642305,1.867619326601435e-7,-1.0037837382031294]
89.0,[-0.012321968005926644,-0.007794653811288299,-0.01787441306078108,-0.00011368683772161603,0.0004040887513042812,3.5259617126696144e-7,0.5792711368935825,1.8364383920154244e-7,-1.0037391109797185]
90.0,[-0.012353905805843675,-0.007840839089112706,-0.017981705013880855,-0.00011439738045737613,0.00040444584475228247,3.519735978136167e-7,0.5793194180056005,1.8331958219459205e-7,-1.003623925596352]
91.0,[-0.01238544902029425,-0.007846523430998786,-0.017991652612181497,-0.00011723955140041653,0.0004053245903582949,3.501600920928347e-7,0.5793265339106578,1.8237504796501805e-7,-1.0036069477846392]
92.0,[-0.01241707060520869,-0.007854339401092147,-0.01802646920623374,-0.00012292389328649733,0.00040545901512340583,3.499166619289452e-7,0.5793412161367197,1.8224826142132562e-7,-1.0035719200142985]
93.0,[-0.012448573583521572,-0.007848655059206067,-0.018029311377176782,-0.00011937117960769683,0.0004057262655203659,3.493657939703052e-7,0.5793438078503813,1.819613510262006e-7,-1.0035657365325146]
94.0,[-0.012480096813215392,-0.007853628858356387,-0.018039969518213184,-0.00011439738045737613,0.0004057748960142009,3.492755947273703e-7,0.5793482862065554,1.8191437225383872e-7,-1.0035550523897856]
95.0,[-0.012511584311500148,-0.007858602657506708,-0.018038548432741663,-0.00012150280781497713,0.0004058564441158558,3.4910777651250196e-7,0.5793492028935012,1.8182696693359478e-7,-1.0035528653167733]
96.0,[-0.012543076877391052,-0.007860023742978228,-0.018041390603684704,-0.00011795009413617663,0.0004058735653850811,3.4907549632061607e-7,0.5793505728441801,1.818101543336542e-7,-1.0035495969828108]
97.0,[-0.012574558652269453,-0.007857892114770948,-0.018044943317363504,-0.00011084466677857563,0.00040589852342319484,3.490242235288353e-7,0.579350890361531,1.8178344975460174e-7,-1.003548839440507]
98.0,[-0.012606041635484025,-0.007855049943827908,-0.018043522231891984,-0.00011510792319313623,0.0004059044339088129,3.490129471851225e-7,0.5793513106009562,1.81777576658918e-7,-1.0035478368612523]
99.0,[-0.012637521351258821,-0.007857181572035188,-0.018041390603684704,-0.00011439738045737613,0.00040591209373159006,3.489972379156015e-7,0.5793514188781096,1.8176939474770911e-7,-1.0035475785316799]
100.0,[-0.012669001332841826,-0.007857181572035188,-0.018041390603684704,-0.00011368683772161603,0.00040591410415140755,3.4899336790607076e-7,0.5793515481301009,1.817673791177452e-7,-1.0035472701705934]
101.0,[-0.012700480322378749,-0.007860734285713988,-0.018043522231891984,-0.00011581846592889633,0.00040591646120612606,3.4898854180357196e-7,0.5793515846129045,1.8176486552269374e-7,-1.0035471831296008]
102.0,[-0.012731959361640982,-0.007855760486563668,-0.018041390603684704,-0.00011581846592889633,0.00040591713724981513,3.4898723136594827e-7,0.5793516244664128,1.8176418300309806e-7,-1.003547088049581]
103.0,[-0.01267230390433861,-0.0018815171642927453,-0.0011112888387287967,-6.0396132539608516e-5,0.000400164408950433,3.4897862899872743e-7,0.5710580278063638,1.817597026035039e-7,-1.0233332400752668]
104.0,[-0.012699894112883903,-0.0017578827282704879,-0.0007574385563202668,-5.3290705182007514e-5,0.00024940788176854457,6.605545764288867e-7,0.5707563449982751,3.440388418900452e-7,-1.024053191614527]
105.0,[-0.012794957279571143,-0.005752553988713771,-0.012313705610722536,-9.237055564881302e-5,0.0002487678340135037,6.675086136648474e-7,0.5765591688404804,3.4766073628377467e-7,-1.0102093168438635]
106.0,[-0.012827421961395628,-0.005791633839180577,-0.012437340046744794,-9.592326932761353e-5,0.0003542271851710137,4.49739496451015e-7,0.576695396673579,2.3423932106823698e-7,-1.0098841606069586]
107.0,[-0.012784419534303114,-0.0013535839116229909,0.0005094591415399918,-4.973799150320701e-5,0.0003515874556944558,4.4764321385946936e-7,0.5701518268583794,2.3314750721847365e-7,-1.0254952470973047]
108.0,[-0.012812800882958228,-0.0012875034371973015,0.0007183587058534613,-4.689582056016661e-5,0.00023265285980168747,6.930129739040565e-7,0.5699449601361246,3.6094425724169607e-7,-1.0259889472559411]
109.0,[-0.012916158295749696,-0.005538680625249981,-0.011733902738342294,-9.308109838457312e-5,0.000233923684447171,6.97341271994518e-7,0.5762637115562095,3.6319857916381146e-7,-1.0109142148168087]
110.0,[-0.012949137884813182,-0.005597655672318069,-0.011905143537660479,-9.094947017729282e-5,0.0003487669970882241,4.6043061692036944e-7,0.5764442326833534,2.398076129793591e-7,-1.0104833737630121]
111.0,[-0.01300307242526562,-0.007079847819113638,-0.01594600007592817,-0.00011581846592889633,0.00035273445807605165,4.56950397639544e-7,0.5783364462265019,2.3799499877059585e-7,-1.0059690903956293]
112.0,[-0.013140867673644592,-0.014490808553091483,-0.0350198092746723,-0.00016910917111090384,0.00039294833039665785,3.857615590929939e-7,0.5868417170746891,2.0091747869426766e-7,-0.9856778933800693]
113.0,[-0.013184333609662612,-0.015198509117908543,-0.03679758719954407,-0.00017479351299698465,0.0005477811554770479,6.467054583992498e-8,0.58772990324369,3.3682575958294263e-8,-0.9835587055975863]
114.0,[-0.013141548421858766,-0.009905676279231557,-0.023428725626217783,-0.00013287149158713873,0.0005590380272248234,3.538151409205036e-8,0.5819078492951937,1.8427871922942895e-8,-0.9974484419539763]
115.0,[-0.013069668433293413,-0.0035058178582403343,-0.005971401151327882,-7.318590178329032e-5,0.0004475258775684025,2.5676544123484896e-7,0.5736170097308508,1.337320006431505e-7,-1.017228174474571]
116.0,[-0.013075961013701856,-0.002253841557831038,-0.0022581048142455984,-6.0396132539608516e-5,0.0002961927330221438,5.660832787621389e-7,0.5715906379542481,2.948350410219474e-7,-1.0220627395114932]
117.0,[-0.01317886864344831,-0.006354383685902576,-0.01396927018504357,-0.00010444978215673473,0.00026421454134499496,6.376651644723499e-7,0.5773487540545597,3.3211727316268225e-7,-1.0083255708020966]
118.0,[-0.013204947150714559,-0.005987033091514604,-0.012986589581487351,-0.00010018652574217413,0.00036867106898145157,4.204463027649237e-7,0.576968948944605,2.189824493567311e-7,-1.0092315221223724]
119.0,[-0.013258392172023663,-0.007344880259552156,-0.01666649040998891,-0.00011297629498585593,0.00036238706943754744,4.3776396786204784e-7,0.5786774159840535,2.2800206659481656e-7,-1.0051556202694494]
120.0,[-0.01328891137184179,-0.0072731154432403855,-0.01646611735850456,-0.00010871303857129533,0.00039340440496551097,3.7317833937427884e-7,0.5786173379701216,1.9436371842410356e-7,-1.0052989031129522]
121.0,[-0.013327091218336671,-0.0076845196872454835,-0.0175838010818552,-0.00011652900866465643,0.0003924992242543572,3.7634265278672884e-7,0.5791267345382278,1.9601179832642128e-7,-1.0040836307035512]
122.0,[-0.013358489363164387,-0.0076845196872454835,-0.017567458598932717,-0.00011368683772161603,0.0004017517225048532,3.570903341476078e-7,0.5791247256030678,1.8598454903521242e-7,-1.0040884096972058]
123.0,[-0.013392011258415128,-0.00780318032411742,-0.017897150428325403,-0.00011581846592889633,0.00040177078002432326,3.574337978146653e-7,0.5792771829150063,1.8616343636180485e-7,-1.003724690355483]
124.0,[-0.013423530111928355,-0.00780318032411742,-0.017897150428325403,-0.00011297629498585593,0.000404541766388643,3.5167822437346937e-7,0.5792813645613814,1.8316574186118197e-7,-1.0037147100308648]
125.0,[-0.013455632923468132,-0.007839418003641185,-0.017994494783124537,-0.00011510792319313623,0.000404634304561672,3.516003934706045e-7,0.5793271507885214,1.8312520493260653e-7,-1.003605477119094]
126.0,[-0.013487143578075721,-0.007845102345527266,-0.018000179125010618,-0.00011795009413617663,0.0004054661027136792,3.498734137571522e-7,0.5793298394228921,1.8222573633185012e-7,-1.0035990615721102]
127.0,[-0.013518813377457252,-0.007849365601941827,-0.018028600834441022,-0.00011368683772161603,0.00040551988755466276,3.497958922346029e-7,0.5793436356571176,1.8218536053885567e-7,-1.0035661476436568]
128.0,[-0.01355030780364167,-0.007856471029299428,-0.018032864090855583,-0.00011581846592889633,0.00040577056982896837,3.492761613634205e-7,0.5793448737066853,1.8191466737678152e-7,-1.0035631936398806]
129.0,[-0.013581845139272873,-0.007857181572035188,-0.018039969518213184,-0.00011439738045737613,0.0004057945383371568,3.4923663280143487e-7,0.5793490442590982,1.8189407958408067e-7,-1.0035532438651749]
130.0,[-0.013613330423117548,-0.007856471029299428,-0.018044232774627744,-0.00011581846592889633,0.00040587035389890965,3.490797322061733e-7,0.5793495458917266,1.818123605240486e-7,-1.0035520470009751]
131.0,[-0.013644827121437301,-0.007856471029299428,-0.018039258975477424,-0.00011226575225009583,0.0004058799103168817,3.490629703112473e-7,0.5793508106380102,1.818036303704413e-7,-1.0035490296657261]
132.0,[-0.013676308333405366,-0.007858602657506708,-0.018046364402835025,-0.00011439738045737613,0.0004059029145167969,3.490154543620091e-7,0.5793510005529205,1.8177888248021307e-7,-1.0035485765490715]
133.0,[-0.01370779252886089,-0.007858602657506708,-0.018039258975477424,-0.00011652900866465643,0.00040590649824083,3.4900894344902906e-7,0.5793513852816425,1.8177549137970267e-7,-1.0035476586916128]
134.0,[-0.013739272105050111,-0.007860023742978228,-0.018044943317363504,-0.00011510792319313623,0.00040591349994687046,3.489945088427026e-7,0.5793514542298318,1.8176797335557427e-7,-1.0035474941906217]
135.0,[-0.013770752442712135,-0.007860023742978228,-0.018045653860099264,-0.00011510792319313623,0.0004059147929000168,3.489921059972411e-7,0.579351571612924,1.817667218735631e-7,-1.0035472141463853]
136.0,[-0.01367976985937634,-0.0018758328224066645,-0.0011127099242003169,-6.465938895416912e-5,0.0004001633917453986,3.489805193886289e-7,0.5710579876517146,1.8176068718157756e-7,-1.0233333358741374]
137.0,[-0.013706413508500633,-0.001765698698363849,-0.0007574385563202668,-6.110667527536862e-5,0.000249407191427732,6.605561683627075e-7,0.570756328166283,3.440396710222435e-7,-1.0240532317719884]
138.0,[-0.013823218358259162,-0.005750422360506491,-0.012317968867137097,-9.592326932761353e-5,0.0002487675826517472,6.675093813426399e-7,0.5765591563630091,3.476611361159583e-7,-1.0102093466120936]
139.0,[-0.013856081934550273,-0.005791633839180577,-0.012438050589480554,-9.805489753489383e-5,0.00035422693100875486,4.4973992609532297e-7,0.5766953912517381,2.3423954484131407e-7,-1.0098841735422295]
140.0,[-0.013914041068185234,-0.007148059921746608,-0.016137136071847635,-0.00011297629498585593,0.000357334590766789,4.4765595548079847e-7,0.5784326634796273,2.3315414347958252e-7,-1.0057395368814288]
141.0,[-0.013946786067412483,-0.0072020611696643755,-0.016289902760036057,-0.00010942358130705543,0.0003889257748446522,3.8226680512377274e-7,0.5785278396222269,1.9909729433529832e-7,-1.0055124270918339]
142.0,[-0.013986403623151726,-0.007622702469234355,-0.017421086795366136,-0.00011581846592889633,0.0003908463479810333,3.795905911967515e-7,0.5790506573338696,1.9770343291497474e-7,-1.0042651314967617]
143.0,[-0.01401852619804356,-0.007651124178664759,-0.017504220295450068,-0.00011084466677857563,0.000400357761321916,3.599133267466211e-7,0.5790955456009892,1.8745485768053183e-7,-1.0041580268614447]
144.0,[-0.014052503794722861,-0.007779021871101577,-0.017840307009464595,-0.00011013412404281553,0.000401231644377854,3.584947144916428e-7,0.5792534864306823,1.8671599713106398e-7,-1.003781224154454]
145.0,[-0.014084257404937822,-0.007794653811288299,-0.0178758341462526,-0.00011439738045737613,0.0004041081713723786,3.52557651850868e-7,0.5792718834081841,1.8362377700566042e-7,-1.0037373299816548]
146.0,[-0.014116504609902667,-0.007834444204490865,-0.017982415556616616,-0.00012079226507921703,0.00040445954277048597,3.5194598438762013e-7,0.5793197570014995,1.8330520020188548e-7,-1.0036231168292686]
147.0,[-0.014148091125305868,-0.007842260174584226,-0.017993784240388777,-0.00011510792319313623,0.00040533086911580235,3.501477183859329e-7,0.5793267681170675,1.8236860332600673e-7,-1.0036063890262237]
148.0,[-0.01417980671850344,-0.007851497230149107,-0.0180236270352907,-0.00011581846592889633,0.0004054633500992408,3.499080347903705e-7,0.579341325018168,1.8224376811998466e-7,-1.0035716602481093]
149.0,[-0.014211325608125333,-0.007854339401092147,-0.018029311377176782,-0.00011226575225009583,0.0004057283205073387,3.4936185088069746e-7,0.5793438814184428,1.819592973336966e-7,-1.0035655610173226]
150.0,[-0.01424287748369769,-0.007857181572035188,-0.018039969518213184,-0.00011297629498585593,0.0004057762976888208,3.4927292094954443e-7,0.5793483211346871,1.8191297966122108e-7,-1.003554969059333]
151.0,[-0.014274370643571968,-0.007851497230149107,-0.018037127347270143,-0.00011581846592889633,0.00040585714279639746,3.4910654562037915e-7,0.5793492260336244,1.818263258439475e-7,-1.0035528101101716]
152.0,[-0.014305871963478486,-0.007862865913921269,-0.018044232774627744,-0.00011723955140041653,0.0004058740463913985,3.490746908684765e-7,0.5793505840425053,1.8180973482733152e-7,-1.0035495702662305]
153.0,[-0.014337355707749362,-0.007857181572035188,-0.018043522231891984,-0.00011155520951433573,0.00040589878709740155,3.4902386357505185e-7,0.5793508976548638,1.8178326227867286e-7,-1.003548822040442]
154.0,[-0.01436884137360493,-0.007864997542128549,-0.018048496031042305,-0.00011795009413617663,0.000405904625578781,3.490127286294188e-7,0.5793513141954016,1.817774628278223e-7,-1.0035478282857766]
155.0,[-0.014400321763073579,-0.007858602657506708,-0.018044232774627744,-0.00011581846592889633,0.00040591221805842063,3.489971572160424e-7,0.5793514211870137,1.8176935271668876e-7,-1.0035475730232366]
156.0,[-0.014431802568939577,-0.007862865913921269,-0.018044232774627744,-0.00011795009413617663,0.0004059142048015476,3.4899333387626487e-7,0.5793515492909143,1.8176736139388795e-7,-1.0035472674012]
157.0,[-0.01446328178600775,-0.007862865913921269,-0.018046364402835025,-0.00011581846592889633,0.00040591654094555493,3.4898855052795043e-7,0.5793515853526934,1.8176487006664086e-7,-1.003547181364682]
158.0,[-0.01449476107918672,-0.007862865913921269,-0.018051338201985345,-0.00011652900866465643,0.0004059172092418539,3.4898725541000365e-7,0.5793516248491615,1.8176419552604357e-7,-1.003547087136469]
159.0,[-0.014526239892484754,-0.007855760486563668,-0.018044943317363504,-0.00011297629498585593,0.0004059179298462089,3.489857822373456e-7,0.5793516368883624,1.817634282486175e-7,-1.0035470584133228]
160.0,[-0.014557718713693987,-0.007862155371185509,-0.018047074945570785,-0.00011652900866465643,0.00040591815259996127,3.4898534814795904e-7,0.5793516490946438,1.8176320216039535e-7,-1.0035470292923128]
161.0,[-0.01458919738950882,-0.007862865913921269,-0.018048496031042305,-0.00012150280781497713,0.0004059183753981001,3.489848933357881e-7,0.5793516530831864,1.8176296527905632e-7,-1.0035470197764649]
162.0,[-0.014620676063122676,-0.007857181572035188,-0.018042811689156224,-0.00011652900866465643,0.0004059184490999274,3.489847490616505e-7,0.5793516568639101,1.817628901362763e-7,-1.003547010756635]
163.0,[-0.014652154692547202,-0.007860734285713988,-0.018044232774627744,-0.00011795009413617663,0.00040591851813650057,3.489846083250767e-7,0.5793516581770444,1.8176281683597745e-7,-1.0035470076237718]
164.0,[-0.014683633319905402,-0.007858602657506708,-0.018042811689156224,-0.00011439738045737613,0.00040591854237567965,3.4898456070208096e-7,0.5793516593505084,1.817627920323338e-7,-1.0035470048241877]
165.0,[-0.014715111933791315,-0.007853628858356387,-0.018042811689156224,-0.00011297629498585593,0.00040591856381150124,3.489845170641941e-7,0.5793516597805892,1.8176276930426775e-7,-1.003547003798107]
166.0,[-0.014746590546624092,-0.007864997542128549,-0.018045653860099264,-0.00012008172234345693,0.0004059185717429265,3.489845014304526e-7,0.5793516601455158,1.8176276116169405e-7,-1.0035470029274849]
167.0,[-0.014778069155336805,-0.007862865913921269,-0.018048496031042305,-0.00011723955140041653,0.00040591857841076434,3.489844878687336e-7,0.5793516602857689,1.8176275409829872e-7,-1.003547002592871]
168.0,[-0.014809547763599775,-0.007859313200242468,-0.018039969518213184,-0.00011439738045737613,0.0004059185809963426,3.489844827632538e-7,0.5793516603994625,1.8176275143919472e-7,-1.0035470023216269]
169.0,[-0.014841026370598785,-0.007864997542128549,-0.018045653860099264,-0.00012008172234345693,0.0004059185830744611,3.489844785360755e-7,0.5793516604450297,1.8176274923753933e-7,-1.0035470022129138]
170.0,[-0.014872504977421501,-0.007853628858356387,-0.018042811689156224,-0.00011368683772161603,0.0004059185839136514,3.489844768803791e-7,0.5793516604805098,1.8176274837519745e-7,-1.003547002128267]
171.0,[-0.01506924734711672,-0.015334222780438722,-0.037123726315257954,-0.00017408297026122455,0.00041173081658737846,3.4898926977553754e-7,0.5877545444531869,1.8176524467475915e-7,-0.9835001217968754]
172.0,[-0.015107295483758375,-0.015499068695135065,-0.037547209785770974,-0.00017337242752546445,0.0005644870161205615,3.0484542068616006e-8,0.5880665898083882,1.5877365660737505e-8,-0.9827554432318039]
173.0,[-0.015021855242496447,-0.01014655026665423,-0.024068924631137634,-0.00013784529073745944,0.0005652657017577104,2.3052122039453504e-8,0.5821929280083182,1.2006313562215368e-8,-0.9967683167888135]
174.0,[-0.015051470943255629,-0.010106049330715905,-0.023943158566908096,-0.00013571366253017914,0.00045851125222812043,2.461524867736738e-7,0.5820562681454177,1.2820442019462177e-7,-0.9970945075334229]
175.0,[-0.015048133657920314,-0.008606804158262094,-0.020023804836455383,-0.00012931877790833823,0.0004553914021925737,2.4823695685657305e-7,0.580288109672815,1.292900816961318e-7,-1.001312829949825]
176.0,[-0.015077957529595551,-0.008545697482986725,-0.0198632221781736,-0.00011652900866465643,0.00042323314901988656,3.150356744328702e-7,0.580191564340053,1.6408108043378656e-7,-1.0015432072427837]
177.0,[-0.015098895747607399,-0.008105160986815463,-0.018699353176998557,-0.00012008172234345693,0.00042128152329469156,3.177511344310076e-7,0.5796585360434041,1.6549538251614982e-7,-1.0028148624044035]
178.0,[-0.015129541837176545,-0.008073186563706258,-0.018613377505971584,-0.00011510792319313623,0.0004115871034392806,3.3783816065986784e-7,0.5796128785099336,1.7595737534368116e-7,-1.0029238025821303]
179.0,[-0.01515780610527924,-0.007936762358440319,-0.018265211565449135,-0.00011439738045737613,0.000410697583825226,3.392810160800242e-7,0.5794517684619479,1.767088625416793e-7,-1.003308166155793]
180.0,[-0.015188931206705848,-0.007922551503725117,-0.018208368146588327,-0.00011581846592889633,0.00040776192857816616,3.453382695143599e-7,0.5794330357778186,1.798636820387291e-7,-1.00335286131454]
181.0,[-0.015219425302428771,-0.007884182195994072,-0.018111734334524954,-0.00011937117960769683,0.00040740508416487505,3.459618519024825e-7,0.5793841945332273,1.8018846453254297e-7,-1.003469383014909]
182.0,[-0.015250765749819078,-0.007887024366937112,-0.018102497278960072,-0.00012008172234345693,0.000406517613219856,3.4779792926061577e-7,0.579377052453355,1.811447548232374e-7,-1.0034864232883742]
183.0,[-0.015281941787519326,-0.00787281351222191,-0.018068391227643588,-0.00012008172234345693,0.0004063827608282488,3.4804218272723434e-7,0.5793622007866819,1.8127197017043455e-7,-1.0035218552961893]
184.0,[-0.015313368990892686,-0.00786783971307159,-0.018062706885757507,-0.00011652900866465643,0.0004061125698478334,3.4859957427586643e-7,0.5793595957540295,1.8156227826868046e-7,-1.0035280705579397]
185.0,[-0.015344754326920082,-0.007865708084864309,-0.018048496031042305,-0.00011439738045737613,0.00040606369123297507,3.4869020172398995e-7,0.5793550661500253,1.816094800645781e-7,-1.0035388769636553]
186.0,[-0.015376214418993277,-0.007862155371185509,-0.018050627659249585,-0.00011795009413617663,0.0004059812239685245,3.488599613041473e-7,0.5793541438491485,1.816978965125767e-7,-1.0035410774312896]
187.0,[-0.015407664191838009,-0.007860734285713988,-0.018050627659249585,-0.00011581846592889633,0.0004059639964053256,3.488924280370865e-7,0.5793527583660898,1.8171480626931592e-7,-1.0035443828212056]
188.0,[-0.015439136280614612,-0.007859313200242468,-0.018042101146420464,-0.00011510792319313623,0.00040593875679590334,3.489442856032919e-7,0.5793524386783273,1.817418154183812e-7,-1.0035451455419089]
189.0,[-0.015470605949238977,-0.007855760486563668,-0.018043522231891984,-0.00011439738045737613,0.00040593280529327083,3.489556358693049e-7,0.5793520137182919,1.8174772701526296e-7,-1.0035461593832438]
190.0,[-0.015502082299660698,-0.007857892114770948,-0.018042811689156224,-0.00011439738045737613,0.0004059250595709462,3.4897152234828777e-7,0.5793519046428344,1.8175600122306656e-7,-1.0035464196174684]
191.0,[-0.015533558128319814,-0.007859313200242468,-0.018042811689156224,-0.00011581846592889633,0.00040592303413421725,3.48975420026102e-7,0.5793517739519698,1.817580312635948e-7,-1.003546731411315]
192.0,[-0.015565035963802768,-0.007859313200242468,-0.018045653860099264,-0.00011297629498585593,0.00040592065085486755,3.489803000462619e-7,0.5793517371849222,1.8176057294076142e-7,-1.003546819130471]
193.0,[-0.015596513704705516,-0.007860023742978228,-0.018044943317363504,-0.00011866063687193673,0.00040591996948609706,3.4898162045232136e-7,0.5793516968915664,1.8176126065225073e-7,-1.003546915259849]
194.0,[-0.015627992050232457,-0.007861444828449748,-0.018044943317363504,-0.00011226575225009583,0.0004059192343538606,3.489831233692664e-7,0.5793516846161467,1.8176204342149292e-7,-1.0035469445465663]
195.0,[-0.015659470386225845,-0.007855049943827908,-0.018044943317363504,-0.00011723955140041653,0.00040591900722894707,3.4898356596799037e-7,0.579351672163796,1.8176227394166164e-7,-1.0035469742546337]
196.0,[-0.015690948904960537,-0.007852918315620627,-0.018040680060948944,-0.00011013412404281553,0.00040591877994284047,3.489840299523402e-7,0.5793516680967902,1.817625156001772e-7,-1.0035469839576792]
197.0,[-0.015722427426581833,-0.007855760486563668,-0.018041390603684704,-0.00011368683772161603,0.00040591870479027563,3.4898417706202807e-7,0.5793516642399086,1.817625922198063e-7,-1.0035469931592018]
198.0,[-0.01575390600361062,-0.007857181572035188,-0.018049917116513825,-0.00011795009413617663,0.0004059186343637044,3.489843206346116e-7,0.5793516629008905,1.817626669971935e-7,-1.003546996353819]
199.0,[-0.015785384583263215,-0.007861444828449748,-0.018043522231891984,-0.00011581846592889633,0.00040591860964743536,3.4898436919448444e-7,0.5793516617038037,1.8176269228879398e-7,-1.0035469992097605]
200.0,[-0.0158168631797688,-0.007860734285713988,-0.018044943317363504,-0.00011581846592889633,0.00040591858777994864,3.48984413715071e-7,0.5793516612652285,1.8176271547659948e-7,-1.003547000256107]
201.0,[-0.015848341777600763,-0.007862865913921269,-0.018044232774627744,-0.00011795009413617663,0.00040591857969174297,3.489844296525918e-7,0.5793516608929601,1.8176272377739158e-7,-1.003547001144245]
202.0,[-0.015879820380574915,-0.007864286999392789,-0.018050627659249585,-0.00012292389328649733,0.0004059185728891883,3.4898444349069224e-7,0.5793516607499332,1.8176273098473555e-7,-1.003547001485476]
203.0,[-0.015911298984112858,-0.007860023742978228,-0.018047785488306545,-0.00011510792319313623,0.00040591857025351304,3.489844487012002e-7,0.5793516606339575,1.817627336985418e-7,-1.0035470017621646]
204.0,[-0.015942777589224657,-0.007860734285713988,-0.018041390603684704,-0.00011297629498585593,0.0004059185681333441,3.4898445300389397e-7,0.5793516605874851,1.817627359395281e-7,-1.0035470018730375]
205.0,[-0.015974256194556686,-0.007856471029299428,-0.018044232774627744,-0.00011581846592889633,0.0004059185672778009,3.489844546970069e-7,0.5793516605512923,1.817627368213578e-7,-1.0035470019593848]
206.0,[-0.016005734800371967,-0.007862155371185509,-0.018047785488306545,-0.00011652900866465643,0.0004059185666161566,3.4898445603892546e-7,0.579351660536241,1.817627375202737e-7,-1.0035470019952932]
207.0,[-0.016037213406269055,-0.007855049943827908,-0.018047074945570785,-0.00011581846592889633,0.0004059185663386761,3.489844565899745e-7,0.5793516605249281,1.817627378072784e-7,-1.0035470020222832]
208.0,[-0.01606869201231501,-0.007860023742978228,-0.018043522231891984,-0.00011439738045737613,0.0004059185661320583,3.489844570115809e-7,0.5793516605200679,1.8176273802686507e-7,-1.003547002033879]
209.0,[-0.016100170618390326,-0.007857181572035188,-0.018042811689156224,-0.00011581846592889633,0.0004059185660425066,3.489844571871986e-7,0.5793516605165256,1.817627381183326e-7,-1.0035470020423298]
210.0,[-0.01613164922451164,-0.007862155371185509,-0.018050627659249585,-0.00012079226507921703,0.00040591856597735446,3.489844573164128e-7,0.5793516605149585,1.8176273818563168e-7,-1.0035470020460684]
211.0,[-0.016163127830643335,-0.007855760486563668,-0.018039258975477424,-0.00011084466677857563,0.00040591856594906134,3.4898445737935844e-7,0.5793516605138507,1.8176273821841585e-7,-1.0035470020487116]
212.0,[-0.016194606436789185,-0.007856471029299428,-0.018042811689156224,-0.00011226575225009583,0.0004059185659285553,3.4898445741579525e-7,0.5793516605133447,1.8176273823739336e-7,-1.0035470020499184]
213.0,[-0.016226085042938626,-0.007862865913921269,-0.018044232774627744,-0.00011510792319313623,0.0004059185659197299,3.4898445743218206e-7,0.5793516605129958,1.8176273824592814e-7,-1.0035470020507509]
214.0,[-0.016257563649092498,-0.007859313200242468,-0.018046364402835025,-0.00011581846592889633,0.00040591856591272154,3.4898445745209834e-7,0.5793516605128333,1.8176273825630122e-7,-1.0035470020511388]
215.0,[-0.016289042255247615,-0.007860734285713988,-0.018041390603684704,-0.00011795009413617663,0.00040591856591012585,3.489844574550252e-7,0.5793516605127242,1.8176273825782565e-7,-1.0035470020513986]
216.0,[-0.016320520861404113,-0.007855049943827908,-0.018038548432741663,-0.00011439738045737613,0.00040591856590778966,3.4898445746001937e-7,0.5793516605126731,1.8176273826042675e-7,-1.003547002051521]
217.0,[-0.016351999467561017,-0.007857892114770948,-0.018042101146420464,-0.00011084466677857563,0.00040591856590727055,3.489844574591518e-7,0.5793516605126392,1.817627382599749e-7,-1.0035470020516017]
218.0,[-0.016383478073718313,-0.007861444828449748,-0.018048496031042305,-0.00011795009413617663,0.00040591856590623226,3.4898445746296027e-7,0.5793516605126214,1.8176273826195848e-7,-1.003547002051644]
219.0,[-0.016414956679875827,-0.007860734285713988,-0.018048496031042305,-0.00011866063687193673,0.00040591856590571314,3.489844574664568e-7,0.5793516605126126,1.817627382637796e-7,-1.003547002051665]
220.0,[-0.01644643528603337,-0.007855049943827908,-0.018042811689156224,-0.00011510792319313623,0.0004059185659059727,3.4898445746014775e-7,0.5793516605126052,1.8176273826049361e-7,-1.0035470020516826]
221.0,[-0.01627476054464293,-0.001872280108727864,-0.0011098677532572765,-5.6843418860808015e-5,0.00040016503265777277,3.4897727437779353e-7,0.5710580513202987,1.8175899707176746e-7,-1.0233331839767692]
222.0,[-0.0162989646034723,-0.0017614354419492884,-0.0007581490990560269,-5.6843418860808015e-5,0.0002494083544486305,6.605538254032487e-7,0.5707563563740341,3.440384507308587e-7,-1.0240531644746793]
223.0,[-0.01647177047536964,-0.005753975074185291,-0.012315126696194056,-9.805489753489383e-5,0.00024876810002617784,6.67508354465449e-7,0.5765591762271991,3.4766060128408806e-7,-1.0102092992210783]
224.0,[-0.01650566103511883,-0.005795897095595137,-0.012443734931366635,-0.00010373923942097463,0.0003542272955978631,4.4973919376445686e-7,0.5766954002855076,2.3423916341898794e-7,-1.0098841519897128]
225.0,[-0.01658073934182179,-0.007146638836275088,-0.016132872815433075,-0.00011013412404281553,0.0003573347570069298,4.476556256926564e-7,0.5784326697033975,2.3315397171492524e-7,-1.0057395220330558]
226.0,[-0.016614333867524835,-0.0072020611696643755,-0.016290613302771817,-0.00010871303857129533,0.0003889258890853657,3.82266575269096e-7,0.578527842519295,1.9909717461932087e-7,-1.0055124201800927]
227.0,[-0.01665913533159567,-0.007626965725648915,-0.017421086795366136,-0.00011226575225009583,0.00039084640132581257,3.7959048520130875e-7,0.579050659287796,1.97703377709015e-7,-1.0042651268351763]
228.0,[-0.016691675901833073,-0.007653255806872039,-0.01750848355186463,-0.00011439738045737613,0.00040035779719684587,3.5991325457456526e-7,0.5790955465295596,1.874548200909194e-7,-1.0041580246460897]
229.0,[-0.01672722199969678,-0.007786837841194938,-0.017848122979557957,-0.00011581846592889633,0.0004012316614832669,3.5849468048165937e-7,0.5792534870449,1.867159794175309e-7,-1.0037812226890817]
230.0,[-0.01675915014054694,-0.007796074896759819,-0.01787441306078108,-0.00011439738045737613,0.00040410818263227186,3.5255762915704505e-7,0.5792718837055062,1.8362376518596097e-7,-1.0037373292723135]
231.0,[-0.01679187283708954,-0.007837286375433905,-0.017987389355766936,-0.00011937117960769683,0.0004044595482367736,3.519459734829458e-7,0.5793197571947616,1.833051945223676e-7,-1.0036231163681923]
232.0,[-0.01682352655823336,-0.007834444204490865,-0.017992363154917257,-0.00011297629498585593,0.00040533087265633914,3.501477112441035e-7,0.5793267682121719,1.8236859960630394e-7,-1.0036063887993265]
233.0,[-0.016855386688170684,-0.007847944516470307,-0.0180236270352907,-0.00011652900866465643,0.00040546335184640743,3.4990803130051595e-7,0.5793413250790307,1.8224376630235206e-7,-1.0035716601029063]
234.0,[-0.01688693024204296,-0.007852207772884867,-0.018030732462648302,-0.00011297629498585593,0.0004057283216227116,3.4936184863401113e-7,0.5793438814488341,1.8195929616354746e-7,-1.0035655609448164]
235.0,[-0.016918526180337408,-0.007857892114770948,-0.018037127347270143,-0.00011795009413617663,0.000405776298246637,3.492729198350111e-7,0.5793483211538684,1.8191297908073497e-7,-1.003554969013571]
236.0,[-0.016950028109559926,-0.007858602657506708,-0.018039969518213184,-0.00011368683772161603,0.0004058571431478554,3.4910654491147833e-7,0.5793492260433271,1.818263254747283e-7,-1.0035528100870235]
237.0,[-0.016981542900904777,-0.007857181572035188,-0.018047074945570785,-0.00011652900866465643,0.00040587404656998276,3.490746905159378e-7,0.5793505840485537,1.818097346437176e-7,-1.003549570251801]
238.0,[-0.0170130296941763,-0.007857892114770948,-0.018043522231891984,-0.00011297629498585593,0.000405898787208238,3.490238633504722e-7,0.579350897657956,1.8178326216170429e-7,-1.0035488220330648]
239.0,[-0.01704451949019192,-0.007859313200242468,-0.018047074945570785,-0.00011723955140041653,0.00040590462563562686,3.490127285164093e-7,0.5793513141973106,1.8177746276896317e-7,-1.0035478282812218]
240.0,[-0.01707600092238246,-0.007862865913921269,-0.018044232774627744,-0.00011226575225009583,0.0004059122180937222,3.4899715714527856e-7,0.5793514211879995,1.817693526798326e-7,-1.0035475730208847]
241.0,[-0.01710748299788143,-0.007863576456657029,-0.018047785488306545,-0.00011795009413617663,0.00040591420481945795,3.489933338407201e-7,0.5793515492915187,1.8176736137537504e-7,-1.0035472673997583]
242.0,[-0.01691587372999765,-0.0018744117369351443,-0.0011169731806148775,-6.323830348264892e-5,0.00040016296155980034,3.489813267948384e-7,0.5710579771944984,1.81761107705645e-7,-1.0233333608226447]
243.0,[-0.016939476209910608,-0.0017621459846850485,-0.0007567280135845067,-5.5422333389287814e-5,0.00024940702062772256,6.605566044796587e-7,0.5707563212596172,3.440398981664889e-7,-1.024053248249631]
244.0,[-0.017126117942119063,-0.0057482907322992105,-0.012310863439779496,-9.734435479913373e-5,0.00024876748486129147,6.675097121982068e-7,0.5765591530397416,3.476613084365661e-7,-1.0102093545406967]
245.0,[-0.01716026259225482,-0.005787370582766016,-0.012435208418537513,-9.521272659185342e-5,0.00035422685724333287,4.4974003216024943e-7,0.5766953890822051,2.3423960008346328e-7,-1.0098841787181911]
246.0,[-0.017014157002856755,-0.0013585577107733116,0.0005073275133327115,-5.3290705182007514e-5,0.00035158742042146906,4.4764362377443366e-7,0.5701518219892079,2.3314772071585087e-7,-1.0254952587140498]
247.0,[-0.017039888151136457,-0.001290345608140342,0.0007126743639673805,-5.2580162446247414e-5,0.0002326528539600614,6.93013403561454e-7,0.5699449577762619,3.6094448102159066e-7,-1.0259889528862065]
248.0,[-0.01724265630903584,-0.005536548997042701,-0.011731060567399254,-9.379164112033322e-5,0.00023392359457256637,6.973412216000575e-7,0.5762637100076384,3.6319855291669665e-7,-1.0109142185112208]
249.0,[-0.017277977662341074,-0.00560120838599687,-0.01190940679407504,-9.450218385609332e-5,0.00034876704425601264,4.604307731512243e-7,0.5764442319468818,2.39807694349596e-7,-1.0104833755201341]
250.0,[-0.017362372012680708,-0.007068479135341477,-0.015942447362249368,-0.00010587086762825493,0.0003527343979406578,4.569503658354745e-7,0.5783364457300991,2.3799498220597633e-7,-1.005969091579882]
251.0,[-0.01739669739446193,-0.007141665037124767,-0.016123635759868193,-0.00011226575225009583,0.0003871470685931226,3.8576112857863526e-7,0.5784497061822924,2.0091725446803922e-7,-1.005698833651623]
252.0,[-0.01744434825988588,-0.007601386187161552,-0.017355716863676207,-0.00011226575225009583,0.0003894148922680724,3.824862283234601e-7,0.5790194054329133,1.9921157725180214e-7,-1.0043396916716414]
253.0,[-0.017477199527192972,-0.007633360610270756,-0.0174537717612111,-0.00011439738045737613,0.0003997803998626119,3.610509644707317e-7,0.5790711753700888,1.880473773285061e-7,-1.0042161680820487]
254.0,[-0.017513614489544332,-0.007778311328365817,-0.017826806697485154,-0.00011866063687193673,0.000400784824537421,3.593976365498802e-7,0.5792433638838743,1.8718626903639594e-7,-1.003805374303926]
255.0,[-0.017310380587556625,-0.0018196999462816166,-0.000942890210353653,-5.5422333389287814e-5,0.00039816770046084433,3.529187514800243e-7,0.5709718804803992,1.838118497291793e-7,-1.0235387657958703]
256.0,[-0.01733503313016563,-0.001744382416291046,-0.0007041478511382593,-6.252776074688882e-5,0.0002478335904876636,6.637258680393188e-7,0.5707217286563098,3.4569055627047856e-7,-1.0241357785812808]
257.0,[-0.017530423908929275,-0.005732658792112488,-0.012258283277333248,-0.00010160761121369433,0.000248131784154693,6.687638414696053e-7,0.5765324021668824,3.4831450076541946e-7,-1.0102731753760386]
258.0,[-0.017565172916077922,-0.005780265155408415,-0.01241744485014351,-9.450218385609332e-5,0.00035373615872937145,4.507279014074718e-7,0.5766842359935609,2.347541153163916e-7,-1.0099107875067201]
259.0,[-0.0176471747636833,-0.007141665037124767,-0.016122214674396673,-0.00011297629498585593,0.0003571290695411557,4.4806202077157647e-7,0.5784243127627191,2.3336563581852941e-7,-1.0057594595960988]
260.0,[-0.017681247925442407,-0.0072020611696643755,-0.016284928960885736,-0.00011297629498585593,0.00038877255720974244,3.825756853102995e-7,0.5785242413615195,1.9925816943244764e-7,-1.005521011734436]
261.0,[-0.017983566220912753,-0.015052137314341962,-0.0364337893188349,-0.00016768808563938364,0.00039658532311939027,3.797225084090142e-7,0.5874473403170272,1.977721397963616e-7,-0.9842330450454553]
262.0,[-0.01802589141921428,-0.015256063079505111,-0.03695532768688281,-0.00017124079931818414,0.0005588061479819685,4.173535864135229e-8,0.587806024147264,2.173716595903765e-8,-0.983377086488212]
263.0,[-0.01788158939881346,-0.01006483785204182,-0.023855761810409604,-0.00013073986337985843,0.0005604900503830068,3.280535581532628e-8,0.582092329384763,1.7086122820482436e-8,-0.9970083233287482]
264.0,[-0.017910632889568113,-0.010039258313554456,-0.02377120722485415,-0.00013642420526593924,0.00045665904200350993,2.4982602463028853e-7,0.5819747563555125,1.301177211616086e-7,-0.9972889739990091]
265.0,[-0.017889968118117276,-0.008574829735152889,-0.019952750562879373,-0.00012647660696529783,0.0004538991440274282,2.512697115060595e-7,0.5802553791186034,1.30869641409406e-7,-1.00139091786684]
266.0,[-0.017671774438595786,-0.002367528395552654,-0.0026119550966541283,-6.679101716144942e-5,0.0004168774131724615,3.1622971019458557e-7,0.5718611849154314,1.6470297405968e-7,-1.0214171132944065]
267.0,[-0.0176798576796667,-0.0019333867840032326,-0.001290345608140342,-6.0396132539608516e-5,0.0002641044034184068,6.309965058144982e-7,0.5710480165877572,3.286440134450512e-7,-1.0233573254238546]
268.0,[-0.017881393289270166,-0.0059394267282186775,-0.01284305994886381,-9.663381206337363e-5,0.000254161549355097,6.570407553860267e-7,0.5768078097424026,3.422087267635556e-7,-1.0096161232150933]
269.0,[-0.017911209413362102,-0.005861267027285066,-0.01262492332898546,-9.734435479913373e-5,0.00035877859118290176,4.4053300669153875e-7,0.576790160747946,2.2944427431850976e-7,-1.0096580740249053]
270.0,[-0.01799487736404168,-0.007207034968814696,-0.016295587101922138,-0.00010516032489249483,0.0003590816446036564,4.4421555111272764e-7,0.578509998368127,2.3136226620454563e-7,-1.0055550354757194]
271.0,[-0.018027500688284268,-0.007225509079944459,-0.016351719978047186,-0.00011013412404281553,0.000390342956091227,3.794008513021896e-7,0.5785586100965455,1.9760461005322373e-7,-1.0054390154845636]
272.0,[-0.0180748535994355,-0.007649703093193239,-0.017478640756962704,-0.00011795009413617663,0.0003914140626841684,3.784705648924345e-7,0.5790747728705714,1.9712008588147632e-7,-1.004207597916326]
273.0,[-0.018107179279635916,-0.00766249286243692,-0.01752198386384407,-0.00011155520951433573,0.00040079992143233784,3.590197908419016e-7,0.5791055137308596,1.8698947439682375e-7,-1.0041342451133712]
274.0,[-0.018143483242370025,-0.007786127298459178,-0.01786020220606588,-0.00011013412404281553,0.0004014155818736662,3.5813128747559153e-7,0.5792610203483918,1.865267122268706e-7,-1.0037632501197562]
275.0,[-0.018175369743500657,-0.007794653811288299,-0.01788009740266716,-0.00011652900866465643,0.00040424613729461484,3.522784485594101e-7,0.5792751046453929,1.8347835862469278e-7,-1.0037296448305972]
276.0,[-0.018208318011324484,-0.007833733661755105,-0.017985968270295416,-0.00011368683772161603,0.00040451889267334093,3.518283257168268e-7,0.5793221142287701,1.8324391964418062e-7,-1.0036174930744524]
277.0,[-0.018239966030166997,-0.007840839089112706,-0.017995205325860297,-0.00011795009413617663,0.0004053740541055144,3.500604144925552e-7,0.5793278067506831,1.8232313254820585e-7,-1.0036039110808097]
278.0,[-0.018271893480562757,-0.007855049943827908,-0.018030021919912542,-0.00011652900866465643,0.0004054825051353201,3.498700812138336e-7,0.5793420635543342,1.8222400063220501e-7,-1.0035698982847177]
279.0,[-0.018303437345431082,-0.007848655059206067,-0.018029311377176782,-0.00011439738045737613,0.00040574188837888943,3.493345431163364e-7,0.5793442156515053,1.8194507453975857e-7,-1.0035647636132254]
280.0,[-0.01833505343356173,-0.007857181572035188,-0.018033574633591343,-0.00011795009413617663,0.0004057824964081342,3.4926072908531384e-7,0.579348552811043,1.819066297319343e-7,-1.0035544163370322]
281.0,[-0.018366556059537326,-0.007857181572035188,-0.018035706261798623,-0.00011084466677857563,0.00040586143809589776,3.4909801719105265e-7,0.5793493334111556,1.8182188395367328e-7,-1.0035525539319696]
282.0,[-0.018398076899853674,-0.007859313200242468,-0.018043522231891984,-0.00011297629498585593,0.0004058760753206438,3.4907080458495803e-7,0.5793506568061846,1.8180771072133232e-7,-1.003549396670106]
283.0,[-0.01842956408278764,-0.007857892114770948,-0.018043522231891984,-0.00011439738045737613,0.0004059001749808002,3.490212201835886e-7,0.579350932107167,1.8178188551228572e-7,-1.0035487398452019]
284.0,[-0.018461055700079325,-0.007855049943827908,-0.018042101146420464,-0.00011937117960769683,0.00040590531463861483,3.4901151450389573e-7,0.5793513370793572,1.8177683047077905e-7,-1.00354777369033]
285.0,[-0.018492537303398622,-0.007857181572035188,-0.018044943317363504,-0.00011439738045737613,0.0004059126932189589,3.489963601727978e-7,0.5793514322343866,1.8176893758999884e-7,-1.0035475466667922]
286.0,[-0.018259161320081894,-0.0018751222796709044,-0.001114131009671837,-5.7553961596568115e-5,0.0004001607612836313,3.4898564716890487e-7,0.5710579487008085,1.8176335790047129e-7,-1.0233334288035332]
287.0,[-0.018281501174205052,-0.001765698698363849,-0.0007602807272633072,-5.6132876125047915e-5,0.0002494065536675243,6.605577750245785e-7,0.5707562858445651,3.440405078253013e-7,-1.0240533327406627]
288.0,[-0.018497132578866475,-0.00574758018956345,-0.012313705610722536,-9.734435479913373e-5,0.0002487669240607759,6.675112536021117e-7,0.5765591434695562,3.476621112510998e-7,-1.0102093773735257]
289.0,[-0.018531808941794653,-0.005793765467387857,-0.012441603303159354,-9.734435479913373e-5,0.00035422664197636217,4.4974032804712116e-7,0.5766953782038244,2.3423975419120897e-7,-1.0098842046711105]
290.0,[-0.018619978782092022,-0.007143796665332047,-0.016137136071847635,-0.00010800249583553523,0.0003573343803620863,4.4765647450015844e-7,0.5784326592133631,2.3315441380216586e-7,-1.005739547059887]
291.0,[-0.01865422309969938,-0.007208456054286216,-0.016292744930979097,-0.00010658141036401503,0.00038892564927967195,3.82266914067697e-7,0.5785278355761676,1.9909735107692555e-7,-1.005512436744653]
292.0,[-0.018702988856703705,-0.007623413011970115,-0.017413981368008535,-0.00010871303857129533,0.0003908462671451802,3.7959073446233413e-7,0.579050655925621,1.9770350753246568e-7,-1.0042651348565435]
293.0,[-0.018735849121192198,-0.007649703093193239,-0.01750564138092159,-0.00011581846592889633,0.0004003576824860508,3.5991333050321185e-7,0.5790955443339507,1.874548596370895e-7,-1.0041580298842394]
294.0,[-0.01877259470146189,-0.007775469157422776,-0.017838885923993075,-0.00011084466677857563,0.00040123158267958844,3.584947266660674e-7,0.5792534859586573,1.867160034719101e-7,-1.0037812252805796]
295.0,[-0.01880465632350869,-0.007796074896759819,-0.01788080794540292,-0.00011368683772161603,0.0004041081841201279,3.525576874507687e-7,0.5792718830253667,1.8362379554727535e-7,-1.003737330894973]
296.0,[-0.01883774264396967,-0.007835865289962385,-0.017976731214730535,-0.00011297629498585593,0.0004044595671007742,3.5194602657077565e-7,0.5793197568608706,1.8330522217227898e-7,-1.0036231171647991]
297.0,[-0.01886944776315266,-0.007839418003641185,-0.017998047496803338,-0.00011723955140041653,0.000405330922010487,3.5014777217195977e-7,0.5793267680125419,1.823686313395624e-7,-1.00360638927563]
298.0,[-0.018901418425195108,-0.007850786687413347,-0.01802291649255494,-0.00011937117960769683,0.0004054634078808525,3.499080913136512e-7,0.5793413249875027,1.8224379755919334e-7,-1.003571660321309]
299.0,[-0.01893298084172646,-0.007850076144677587,-0.018027890291705262,-0.00011510792319313623,0.0004057283882208828,3.493619119873142e-7,0.5793438814012803,1.8195932916005947e-7,-1.0035655610583114]
300.0,[-0.01896461047631,-0.007857181572035188,-0.018041390603684704,-0.00011652900866465643,0.0004057763672450533,3.4927298307002434e-7,0.5793483211401027,1.8191301201563767e-7,-1.0035549690464571]
301.0,[-0.018996119112076947,-0.007856471029299428,-0.018042101146420464,-0.00011723955140041653,0.0004058572154622803,3.491066091992209e-7,0.5793492260438209,1.8182635895792756e-7,-1.0035528100858913]
302.0,[-0.019027644205510258,-0.007860734285713988,-0.018046364402835025,-0.00011723955140041653,0.0004058741197152917,3.490747548063681e-7,0.5793505840596194,1.8180976812831672e-7,-1.0035495702254473]
303.0,[-0.019059133330556175,-0.007861444828449748,-0.018044943317363504,-0.00011723955140041653,0.0004058988613811851,3.4902392796521976e-7,0.5793508976736318,1.8178329581521865e-7,-1.003548821995713]
304.0,[-0.018808680509308156,-0.0018765433651424246,-0.0011119993814645568,-5.7553961596568115e-5,0.0004001509268393002,3.490053988789465e-7,0.5710577097505616,1.8177364524945132e-7,-1.0233339988846595]
305.0,[-0.018830506307872842,-0.0017614354419492884,-0.0007574385563202668,-5.6843418860808015e-5,0.00024940218741504444,6.605665157820198e-7,0.5707561206881157,3.4404506030313534e-7,-1.024053726763007]
306.0,[-0.019057999701192693,-0.005749001275034971,-0.012312995067986776,-9.592326932761353e-5,0.00024876393624152456,6.6751740849023e-7,0.5765590670805971,3.4766531692199477e-7,-1.010209559620153]
307.0,[-0.01909289443106677,-0.005789502210973296,-0.012437340046744794,-9.805489753489383e-5,0.0003542252214258014,4.497430995156253e-7,0.5766953265540129,2.342411976643882e-7,-1.0098843278947833]
308.0,[-0.019184690466232484,-0.007148059921746608,-0.016134293900904595,-0.00010871303857129533,0.00035733344059954447,4.476583877203187e-7,0.5784326347491258,2.3315541027099933e-7,-1.005739605425934]
309.0,[-0.01921911498439673,-0.007199929541457095,-0.016290613302771817,-0.00011084466677857563,0.0003889251869504646,3.822677979786208e-7,0.5785278193585117,1.9909781144719833e-7,-1.0055124754359779]
310.0,[-0.019268978812662735,-0.007622702469234355,-0.017416823538951576,-0.00011155520951433573,0.00039084596783147367,3.795913313912769e-7,0.5790506480926139,1.9770381843295674e-7,-1.0042651535442861]
311.0,[-0.019301927694390646,-0.00765965069149388,-0.017504930838185828,-0.00011297629498585593,0.00040035752512891946,3.599136057565049e-7,0.5790955392303883,1.8745500299817964e-7,-1.0041580420600777]
312.0,[-0.019339005522588156,-0.007784706212987658,-0.017841017552200356,-0.00011084466677857563,0.00040123147942570036,3.5849490643702907e-7,0.5792534834504077,1.867160971026193e-7,-1.0037812312646748]
313.0,[-0.019371104137402898,-0.007796074896759819,-0.0178758341462526,-0.00011368683772161603,0.0004041081430888371,3.5255778384265244e-7,0.5792718814212086,1.8362384575138148e-7,-1.003737334722105]
314.0,[-0.019404291179844324,-0.007831602033547824,-0.017978152300202055,-0.00011226575225009583,0.0004044595451979859,3.519460925255633e-7,0.5793197560624941,1.833052565237309e-7,-1.0036231190695446]
315.0,[-0.019436010541819836,-0.007843681260055746,-0.017997336954067578,-0.00011581846592889633,0.0004053309207549462,3.5014781324732923e-7,0.5793267675106153,1.82368652732984e-7,-1.0036063904731134]
316.0,[-0.01946801182092896,-0.007847233973734546,-0.0180236270352907,-0.00011439738045737613,0.00040546341312520766,3.49908122590787e-7,0.5793413247362316,1.8224381384936825e-7,-1.0035716609207923]
317.0,[-0.01949957946408344,-0.007852918315620627,-0.018027179748969502,-0.00011510792319313623,0.0004057284001481309,3.493619357513376e-7,0.5793438812467412,1.81959341537155e-7,-1.0035655614270147]
318.0,[-0.019235988557573545,-0.0018708590232563438,-0.001107025582314236,-5.9685589803848416e-5,0.00040002214763187676,3.4926518049013354e-7,0.5710547578847402,1.8190894817194455e-7,-1.0233410413786772]
319.0,[-0.01925743943388809,-0.001758593271006248,-0.0007503331289626658,-5.5422333389287814e-5,0.00024934797323595913,6.60673668982345e-7,0.5707539585729673,3.441008692616381e-7,-1.0240588850285415]
320.0,[-0.01949419776006575,-0.005749711817770731,-0.012312995067986776,-9.805489753489383e-5,0.00024872450971924476,6.675971785630772e-7,0.5765581195030178,3.4770686383493603e-7,-1.0102118203264991]
321.0,[-0.019529271280003778,-0.005789502210973296,-0.012437340046744794,-9.166001291305292e-5,0.00035420772777335524,4.497775903634883e-7,0.5766946520996987,2.342591616476502e-7,-1.0098859369747117]
322.0,[-0.01962390022874316,-0.007150191549953888,-0.016134293900904595,-0.00010658141036401503,0.00035732109331765646,4.4768329753393563e-7,0.578432330225517,2.3316838413225816e-7,-1.0057403319500504]
323.0,[-0.019658468024817282,-0.007199929541457095,-0.016290613302771817,-0.00010800249583553523,0.0003889195602938961,3.8227891156517503e-7,0.5785276080819615,1.9910359977352865e-7,-1.0055129794894]
324.0,[-0.01970918983764613,-0.007619860298291314,-0.017416112996215816,-0.00011084466677857563,0.0003908420918143278,3.795991378489496e-7,0.5790505503069785,1.9770788429632793e-7,-1.0042653868384501]
325.0,[-0.019742208712200587,-0.007652545264136279,-0.017500667581771268,-0.00011652900866465643,0.00040035570947548235,3.599171715043278e-7,0.579095472911474,1.8745686015850404e-7,-1.0041582002806058]
326.0,[-0.019779546178229815,-0.0077839956702518975,-0.017848122979557957,-0.00011155520951433573,0.00040123025272523736,3.584973484070098e-7,0.5792534520862185,1.8671736896198427e-7,-1.0037813060924137]
327.0,[-0.01981167392607901,-0.00779891706770286,-0.01787796577445988,-0.00012008172234345693,0.0004041075710437429,3.5255893743748546e-7,0.5792718605812377,1.8362444658202366e-7,-1.0037373844411457]
328.0,[-0.019844939688180886,-0.007833733661755105,-0.017979573385673575,-0.00011581846592889633,0.00040445917064294164,3.5194686956088483e-7,0.5793197460192545,1.8330566122962754e-7,-1.0036231430304]
329.0,[-0.019571045299226337,-0.001858779796748422,-0.0010700773600547109,-5.8975047068088315e-5,0.0003995751797142046,3.501390200542083e-7,0.5710334988337378,1.8236407294490014e-7,-1.0233917600245255]
330.0,[-0.019592666070828588,-0.0017578827282704879,-0.000737543359718984,-5.5422333389287814e-5,0.0002489600434836296,6.614583836507189e-7,0.5707461775920137,3.445095748180828e-7,-1.0240774487864697]
331.0,[-0.019836705652261578,-0.005740474762205849,-0.012297363127800054,-9.592326932761353e-5,0.0002485813770569429,6.678784633336898e-7,0.5765515378956487,3.478533663196301e-7,-1.0102275223621402]
332.0,[-0.019872063479197167,-0.005792344381916337,-0.012437340046744794,-9.805489753489383e-5,0.0003540870794446646,4.5002102630331796e-7,0.5766921257185973,2.3438595119964477e-7,-1.0098919643720794]
333.0,[-0.01996892460212192,-0.007148770464482368,-0.016132872815433075,-0.00011084466677857563,0.00035727449393786867,4.477749907064226e-7,0.578430282739441,2.3321614099292846e-7,-1.005745216732327]
334.0,[-0.020003648918305215,-0.007204903340607416,-0.016291323845507577,-0.00011084466677857563,0.0003888820134184383,3.823547521943622e-7,0.5785267882679155,1.9914310010123035e-7,-1.005514935385653]
335.0,[-0.020055048283469906,-0.0076276762683846755,-0.017419665709894616,-0.00011581846592889633,0.00039082696258969,3.79628979569526e-7,0.579049911686436,1.9772342685912814e-7,-1.0042669104259165]
336.0,[-0.020088135543600193,-0.007655387435079319,-0.017504930838185828,-0.00011084466677857563,0.00040034398467083114,3.5994081728868114e-7,0.5790952074535389,1.874691756711881e-7,-1.0041588336042837]
337.0,[-0.02012567847706172,-0.0077768902428942965,-0.017844570265879156,-0.00011084466677857563,0.0004012253441777762,3.585070189465297e-7,0.5792532525272266,1.8672240570131756e-7,-1.0037817821900585]
338.0,[-0.02015783320047253,-0.007795364354024059,-0.01787370251804532,-0.00011368683772161603,0.0004041039214776664,3.5256633653681405e-7,0.5792717748343951,1.8362830027959066e-7,-1.0037375890138982]
339.0,[-0.020191161385446958,-0.007833733661755105,-0.017976020671994775,-0.00011652900866465643,0.00040445759871081383,3.5195000902721957e-7,0.5793196835709647,1.8330729636834353e-7,-1.0036232920164192]
340.0,[-0.020222901994060297,-0.007837286375433905,-0.017993784240388777,-0.00011368683772161603,0.00040532961940392703,3.501505182911465e-7,0.5793267333235605,1.8237006160997214e-7,-1.0036064720355902]
341.0,[-0.02025494622009911,-0.007851497230149107,-0.0180236270352907,-0.00011368683772161603,0.0004054628129780115,3.4990940080216983e-7,0.5793413019610174,1.8224447958446347e-7,-1.003571715256859]
342.0,[-0.020286521577210694,-0.007852207772884867,-0.01802646920623374,-0.00011581846592889633,0.00040572801555706654,3.4936280667020255e-7,0.5793438703010256,1.819597951407305e-7,-1.0035655875409863]
343.0,[-0.02031817365115309,-0.007862155371185509,-0.018042101146420464,-0.00011795009413617663,0.00040577621346713476,3.492734344542483e-7,0.5793483139066953,1.8191324711158766e-7,-1.003554986303623]
344.0,[-0.02034968686747258,-0.007855760486563668,-0.018039258975477424,-0.00011866063687193673,0.0004058571351312911,3.4910692246970305e-7,0.5793492225034311,1.8182652211963702e-7,-1.0035528185324731]
345.0,[-0.020721820842175376,-0.015328538438552641,-0.03711591034516459,-0.00017621459846850485,0.0004116860772519351,3.4907950793367633e-7,0.5877534529235229,1.8181224371545646e-7,-0.983502725939244]
346.0,[-0.020765579002671244,-0.015494094895984745,-0.03753655164473457,-0.00016910917111090384,0.000564466883815093,3.052478807588977e-8,0.588065815996935,1.5898327122859253e-8,-0.9827572893535896]
347.0,[-0.02055650870889462,-0.01014726080938999,-0.024068214088401874,-0.00013358203432289883,0.0005652514258852329,2.3080992655973718e-8,0.5821925753217854,1.2021350341652979e-8,-0.9967691582187356]
348.0,[-0.020583960287603585,-0.010103207159772865,-0.023938184767757775,-0.00013358203432289883,0.0004585050562929564,2.461655909512226e-7,0.5820560244503409,1.282112452870951e-7,-0.9970950889296089]
349.0,[-0.02054424136031286,-0.008598988188168732,-0.020013146695418982,-0.00011795009413617663,0.0004553869897539997,2.482460312059856e-7,0.5802879962641427,1.292948079197842e-7,-1.0013131005169962]
350.0,[-0.02057228592686006,-0.008541434226572164,-0.01986535380638088,-0.00012008172234345693,0.0004232309331129227,3.1503973775132965e-7,0.5801914876359846,1.640831967454842e-7,-1.001543390239678]
351.0,[-0.020582338437938573,-0.008100897730400902,-0.018695800463319756,-0.00011368683772161603,0.00042127997501173995,3.177538647195575e-7,0.5796584996087093,1.654968045414362e-7,-1.0028149493291254]
352.0,[-0.02061211204765553,-0.008067502221820178,-0.018611245877764304,-0.00011084466677857563,0.00041158631965944624,3.378394015096086e-7,0.5796128543639165,1.759580216195878e-7,-1.0029238601885146]
353.0,[-0.020637095054741022,-0.00794031507211912,-0.018263790479977615,-0.00011795009413617663,0.0004106970159939935,3.392818042556582e-7,0.5794517567669435,1.7670927304982198e-7,-1.0033081940572948]
354.0,[-0.020667856185933475,-0.007926814760139678,-0.01822115791583201,-0.00011723955140041653,0.00040776196928733044,3.453389137383803e-7,0.5794330282662431,1.7986401757207307e-7,-1.003352879235473]
355.0,[-0.020366919012474095,-0.001894306933536427,-0.001170974428532645,-6.110667527536862e-5,0.0004016571461084104,3.459601703415183e-7,0.5710901338412119,1.8018758871954076e-7,-1.0232566420932308]
356.0,[-0.020387013406452867,-0.0017784884676075308,-0.000801492205937393,-5.4001247917767614e-5,0.0002499981621831264,6.593919672780268e-7,0.5707813641084811,3.4343331629063893e-7,-1.0239935023354574]
357.0,[-0.02064754724435057,-0.0057553961596568115,-0.012333600807323819,-9.734435479913373e-5,0.0002492242626292833,6.665856521827746e-7,0.576569522291632,3.4718002717852845e-7,-1.0101846158082868]
358.0,[-0.020682957520395527,-0.005800870894745458,-0.012455814157874556,-9.805489753489383e-5,0.0003544182236709054,4.4936305657569533e-7,0.5767031820195587,2.3404325863317463e-7,-1.0098655867269501]
359.0,[-0.02045284833576056,-0.0013592682535090717,0.0005009326287108706,-5.115907697472721e-5,0.0003517298499894985,4.473553225524144e-7,0.5701551201440882,2.3299756382938254e-7,-1.0254873900529056]
360.0,[-0.020476390770295293,-0.001283240180782741,0.0007190692485892214,-4.831690603168681e-5,0.0002327135202427872,6.928940224985413e-7,0.5699473561974118,3.6088230338465696e-7,-1.0259832308533334]
361.0,[-0.020759923966400834,-0.005537259539778461,-0.011736034366549575,-9.521272659185342e-5,0.00023396756101818128,6.972534696090064e-7,0.576264767817878,3.631528487546908e-7,-1.0109116948155406]
362.0,[-0.020467099576641837,-0.0002799538378894795,0.00397193389289896,-4.050093593832571e-5,0.00034306050104404036,4.603834273384904e-7,0.5681931152769303,2.3978303507213046e-7,-1.0301681823989144]
363.0,[-0.020560496645716488,-0.001198685595227289,0.0010011547146859812,-5.115907697472721e-5,0.00019701307807326528,7.658211014202725e-7,0.5697575448232286,3.9886515698972526e-7,-1.0264361186510846]
364.0,[-0.02082910666249836,-0.005099565214550239,-0.01049897946359124,-8.881784197001252e-5,0.0002303083884547472,7.033235818994122e-7,0.5756743713276924,3.663143655726106e-7,-1.0123202164922065]
365.0,[-0.021240816813369836,-0.012581580222104094,-0.030258462402343866,-0.00015347723092418164,0.0003438289155612277,4.825106390741614e-7,0.5847360981372702,2.513076245177924e-7,-0.9907013676658261]
366.0,[-0.021363424806742613,-0.014406253967536031,-0.03483506816337467,-0.00016697754290362354,0.0005092110809920423,1.4325529772054969e-7,0.5868568508304748,7.461213422945296e-8,-0.9856416153439371]
367.0,[-0.021152569596229603,-0.009352163488074439,-0.02198987658630358,-0.00013429257705865894,0.000542941609327709,6.747579616294663e-8,0.5812476745333236,3.5143643834868034e-8,-0.9990234532389255]
368.0,[-0.021203222791875177,-0.0097855945568881,-0.023103297053239658,-0.00012860823517257813,0.00044120444689759705,2.8128776818039796e-7,0.5816628523954366,1.4650404592729062e-7,-0.998033110205007]
369.0,[-0.02116347060975129,-0.008358824743481819,-0.019378632032385212,-0.00011652900866465643,0.00044813128928080883,2.6262570825064527e-7,0.5799923234915667,1.367842230472111e-7,-1.0020185015456253]
370.0,[-0.02119845046752517,-0.00843698444441543,-0.019588952682170202,-0.00012434497875801753,0.00041781654986493397,3.260059958831373e-7,0.5800643126713771,1.6979478952246736e-7,-1.001846801202569]
371.0,[-0.021208693767714133,-0.008028422371353372,-0.018489032527213567,-0.00011795009413617663,0.00041894105921316566,3.224070404082272e-7,0.5795659254198899,1.6792033354595167e-7,-1.0030358082175774]
372.0,[-0.021240556888939097,-0.008041922683332814,-0.018528822920416133,-0.00011439738045737613,0.0004098869453757434,3.4126600038417347e-7,0.5795718466888335,1.777427085334237e-7,-1.0030216952323545]
373.0,[-0.021265662738193268,-0.007916867161839036,-0.018208368146588327,-0.00011510792319313623,0.0004099402248136714,3.407804789694268e-7,0.5794227410250021,1.7748983279657647e-7,-1.003377418397837]
374.0,[-0.02129705657718287,-0.007911893362688716,-0.018184920236308244,-0.00011581846592889633,0.00040723180547234803,3.4641426280615603e-7,0.5794198359806217,1.8042409521153962e-7,-1.0033843530278472]
375.0,[-0.02132661443972789,-0.00787565568316495,-0.01808828642424487,-0.00011368683772161603,0.00040716296929282464,3.464458042835008e-7,0.5793750871509502,1.8044052306432338e-7,-1.0034911109725932]
376.0,[-0.02135800709039733,-0.00787636622590071,-0.01809539185160247,-0.00011581846592889633,0.000406351190593494,3.4813531026632963e-7,0.5793728134029701,1.813204740970467e-7,-1.003496536692422]
377.0,[-0.021761775863008828,-0.015337775494117523,-0.037127279028936755,-0.00017266188478970435,0.00041211802014369287,3.482030948544547e-7,0.5877623147938643,1.813557785700285e-7,-0.9834815834225629]
378.0,[-0.02180652288990699,-0.015501910866078106,-0.037555025755864335,-0.00017621459846850485,0.0005646306122461326,3.020004034423662e-8,0.5880732496385042,1.5729187679289906e-8,-0.9827395545767404]
379.0,[-0.021214221030686167,-0.00361808361049043,-0.0062946980960987275,-7.815970093361102e-5,0.0005596158924287895,2.2802613019664864e-8,0.5738637504582289,1.1876360947742116e-8,-1.0166393544800922]
380.0,[-0.021229428091623207,-0.003452527153058327,-0.005825739890497061,-7.460698725481052e-5,0.000301336732998338,5.600520755568795e-7,0.5734236088330275,2.9169378935254143e-7,-1.0176897903926885]
381.0,[-0.021434197626559806,-0.006436806643250748,-0.014205170373315923,-0.00010444978215673473,0.0002975495304650182,5.691268022871751e-7,0.5774797000030032,2.964202095245704e-7,-1.0080131222262652]
382.0,[-0.02146634066384764,-0.006414069275706424,-0.014151169125398155,-0.00010444978215673473,0.00037124663539478913,4.1647055450020077e-7,0.5775201746957355,2.1691174713552123e-7,-1.007916452133427]
383.0,[-0.021550688991652498,-0.007381828481811681,-0.0167467817391298,-0.00011226575225009583,0.0003724182230198591,4.17067968145042e-7,0.5787338675105769,2.172229000755427e-7,-1.0050209282733156]
384.0,[-0.02158403695812709,-0.007408829105770565,-0.016832757410156773,-0.00011368683772161603,0.0003944886232552038,3.713362994222777e-7,0.5787840241331552,1.9340432261576964e-7,-1.0049012362368295]
385.0,[-0.02163155716582412,-0.007698019999224925,-0.017618617675907444,-0.00011439738045737613,0.00039552929483899874,3.7007847352901105e-7,0.5791488619082907,1.927492049630266e-7,-1.0040308366462734]
386.0,[-0.02166410485869057,-0.007717915195826208,-0.01767190838108945,-0.00011084466677857563,0.00040217236051181854,3.563428927840459e-7,0.5791753241939117,1.8559525665835725e-7,-1.0039676953823053]
387.0,[-0.02170045298110463,-0.007806733037796221,-0.017905676941154525,-0.00011652900866465643,0.00040269336131178044,3.5553607409428394e-7,0.5792853971090657,1.851750385907729e-7,-1.0037050922798536]
388.0,[-0.021732406915178085,-0.007818101721568382,-0.01793480919332069,-0.00011581846592889633,0.00040469653496502173,3.5139469496352624e-7,0.5792967742024011,1.8301807029350326e-7,-1.0036779468276251]
389.0,[-0.02176536711014836,-0.007845102345527266,-0.01800515292416094,-0.00011795009413617663,0.0004049151406893874,3.510228798031384e-7,0.5793300941280055,1.828244165641346e-7,-1.0035984547395298]
390.0,[-0.02179703546857328,-0.007842970717319986,-0.01801154780878278,-0.00011439738045737613,0.0004055213406169031,3.497704462264414e-7,0.5793345465861263,1.821721074096049e-7,-1.0035878315519888]
391.0,[-0.021828966144422663,-0.007854339401092147,-0.018028600834441022,-0.00011155520951433573,0.00040560578619909337,3.496197580586968e-7,0.5793446648446869,1.8209362398890458e-7,-1.00356369217036]
392.0,[-0.02186051610389114,-0.007862865913921269,-0.018037127347270143,-0.00012221335055073723,0.0004057899143650094,3.4923988959771064e-7,0.5793463157341876,1.8189577583214095e-7,-1.0035597533483593]
393.0,[-0.021892133055557022,-0.007858602657506708,-0.018042811689156224,-0.00011795009413617663,0.0004058209762731701,3.491828368897965e-7,0.5793493977616535,1.8186606088010236e-7,-1.003552400470653]
394.0,[-0.021923637495536327,-0.007862865913921269,-0.018046364402835025,-0.00012008172234345693,0.000405877087319999,3.4906727681538055e-7,0.5793499888785889,1.8180587334134406e-7,-1.0035509901519926]
395.0,[-0.02195515856265209,-0.007853628858356387,-0.018041390603684704,-0.00011795009413617663,0.0004058881498148174,3.4904656392194993e-7,0.5793509304392277,1.817950853760156e-7,-1.0035487438425312]
396.0,[-0.02198664628173407,-0.007860023742978228,-0.018043522231891984,-0.00011297629498585593,0.00040590530056186644,3.4901130515990086e-7,0.579351137012434,1.8177672143744839e-7,-1.0035482509926967]
397.0,[-0.022018137956791074,-0.007861444828449748,-0.018041390603684704,-0.00011297629498585593,0.00040590915166962313,3.490039956012097e-7,0.5793514254753969,1.8177291437563008e-7,-1.0035475627972643]
398.0,[-0.022049619717384863,-0.007860734285713988,-0.018042101146420464,-0.00012079226507921703,0.00040591440880005924,3.4899320678949383e-7,0.5793514963918569,1.8176729520286137e-7,-1.0035473936031465]
399.0,[-0.022081102356853212,-0.007862155371185509,-0.018052759287456865,-0.00011795009413617663,0.00040591572709062595,3.489906791636182e-7,0.5793515850067747,1.8176597873105115e-7,-1.0035471821914657]
400.0,[-0.022112582039457866,-0.007855760486563668,-0.018042811689156224,-0.00011581846592889633,0.0004059173428703806,3.4898736878918614e-7,0.5793516090255848,1.8176425457770112e-7,-1.0035471248870829]
401.0,[-0.022144061893576837,-0.007860734285713988,-0.018045653860099264,-0.00011652900866465643,0.0004059177883739917,3.4898650792827276e-7,0.5793516363178948,1.8176380621264206e-7,-1.0035470597748137]
402.0,[-0.022175540863021894,-0.007862155371185509,-0.018047074945570785,-0.00011795009413617663,0.0004059182862515897,3.4898548951441597e-7,0.579351644367496,1.8176327578875833e-7,-1.0035470405700377]
403.0,[-0.022207019856256408,-0.007860023742978228,-0.018044943317363504,-0.00011723955140041653,0.0004059184352941702,3.4898519975009024e-7,0.5793516527936511,1.8176312486983868e-7,-1.0035470204674322]
404.0,[-0.022238498583943434,-0.007857892114770948,-0.018047074945570785,-0.00011866063687193673,0.0004059185890765015,3.489848856588235e-7,0.5793516554687659,1.8176296128063724e-7,-1.0035470140851483]
405.0,[-0.022269977310435157,-0.007862865913921269,-0.018044943317363504,-0.00011368683772161603,0.0004059186385378519,3.489847890245208e-7,0.5793516580761944,1.8176291095027126e-7,-1.0035470078644997]
406.0,[-0.02230145595695866,-0.007854339401092147,-0.018042101146420464,-0.00010942358130705543,0.00040591868614535224,3.4898469192715593e-7,0.5793516589591607,1.8176286037872707e-7,-1.003547005757925]
407.0,[-0.022332934600606112,-0.007857892114770948,-0.018042811689156224,-0.00011795009413617663,0.00040591870245102954,3.489846599340185e-7,0.5793516597677465,1.8176284371563466e-7,-1.0035470038288474]
408.0,[-0.022364413220093058,-0.007858602657506708,-0.018044232774627744,-0.00011581846592889633,0.0004059187172203111,3.48984629853809e-7,0.5793516600575532,1.8176282804885887e-7,-1.00354700313743]
409.0,[-0.02239589183795399,-0.007859313200242468,-0.018048496031042305,-0.00011937117960769683,0.00040591872256719646,3.4898461933096237e-7,0.5793516603088035,1.8176282256820955e-7,-1.0035470025380115]
410.0,[-0.022427370448491815,-0.007860734285713988,-0.018048496031042305,-0.00011866063687193673,0.00040591872715847315,3.4898460998990944e-7,0.5793516604034801,1.8176281770307785e-7,-1.0035470023121333]
411.0,[-0.02245884905830974,-0.007861444828449748,-0.018046364402835025,-0.00011368683772161603,0.00040591872890382284,3.48984606549504e-7,0.579351660481695,1.817628159112e-7,-1.0035470021255324]
412.0,[-0.022490327665900964,-0.007858602657506708,-0.018042101146420464,-0.00011510792319313623,0.00040591873033353514,3.489846036416594e-7,0.5793516605125035,1.817628143966976e-7,-1.0035470020520296]
413.0,[-0.022521806273205325,-0.007857181572035188,-0.018048496031042305,-0.00011226575225009583,0.00040591873090069594,3.4898460252104714e-7,0.5793516605368921,1.817628138130454e-7,-1.0035470019938448]
414.0,[-0.022553284879830705,-0.007857181572035188,-0.018044943317363504,-0.00011795009413617663,0.00040591873134715657,3.4898460161481204e-7,0.5793516605468866,1.8176281334104794e-7,-1.0035470019700004]
415.0,[-0.02258476348634823,-0.007860734285713988,-0.018041390603684704,-0.00011723955140041653,0.00040591873153093225,3.489846012480615e-7,0.579351660554503,1.8176281315003203e-7,-1.0035470019518293]
416.0,[-0.022616242092658122,-0.007860023742978228,-0.018045653860099264,-0.00011795009413617663,0.0004059187316700618,3.4898460096601863e-7,0.5793516605577367,1.817628130031347e-7,-1.0035470019441146]
417.0,[-0.022647720698928984,-0.007860734285713988,-0.018048496031042305,-0.00011795009413617663,0.00040591873172924383,3.4898460084683183e-7,0.5793516605601199,1.8176281294105825e-7,-1.003547001938429]
418.0,[-0.023093366422915367,-0.015332091152231442,-0.03711591034516459,-0.00017692514120426495,0.00041173078153632417,3.4898923866029336e-7,0.5877545444647228,1.8176522846890282e-7,-0.9835001217693319]
419.0,[-0.023139502045924958,-0.015496226524192025,-0.037545788700299454,-0.00017337242752546445,0.0005644869969087369,3.048454075026113e-8,0.588066589813971,1.587736497409434e-8,-0.9827554432184838]
420.0,[-0.0228785385269781,-0.010152234608540311,-0.024071056259344914,-0.00013642420526593924,0.0005652656114563725,2.305211848491099e-8,0.5821929279882228,1.2006311710891143e-8,-0.9967683168367528]
421.0,[-0.022905076069985254,-0.010101075531565584,-0.023944579652379616,-0.00012931877790833823,0.00045851156816028617,2.461526567221502e-7,0.5820562682435189,1.2820450870945324e-7,-0.9970945072995028]
422.0,[-0.022850086063417006,-0.008604672530054813,-0.020018120494569303,-0.00012434497875801753,0.00045539146409823595,2.482369909849353e-7,0.580288109694099,1.2929009947132048e-7,-1.0013128298990717]
423.0,[-0.022877382086212327,-0.008547829111194005,-0.01986819597732392,-0.00012576606422953773,0.0004232330075712902,3.1503556955693106e-7,0.5801915642988982,1.6408102581090163e-7,-1.0015432073408927]
424.0,[-0.02288286530803482,-0.008105160986815463,-0.018697932091527036,-0.00012008172234345693,0.000421281363971576,3.177510149144474e-7,0.5796585359962723,1.6549532026794136e-7,-1.0028148625167608]
425.0,[-0.022912272188864363,-0.008067502221820178,-0.018615509134178865,-0.00011795009413617663,0.0004115869747802243,3.3783805547445285e-7,0.5796128784714818,1.7595732055961086e-7,-1.0029238026737903]
426.0,[-0.022935877864304906,-0.00793747290117608,-0.018268053736392176,-0.00011652900866465643,0.0004106974415571666,3.392808991847227e-7,0.5794517684192667,1.7670880165870972e-7,-1.0033081662575345]
427.0,[-0.02296648606591237,-0.007926814760139678,-0.018211210317531368,-0.00011652900866465643,0.0004077622179555276,3.4533851529896854e-7,0.5794330358643002,1.7986381005154614e-7,-1.0033528611083946]
428.0,[-0.02299556960879026,-0.007882050567786791,-0.018103918364431593,-0.00011155520951433573,0.0004074053428716879,3.4596207224876273e-7,0.5793841946112301,1.801885792962306e-7,-1.003469382828974]
429.0,[-0.023026711044516132,-0.007882761110522551,-0.018098944565281272,-0.00011510792319313623,0.000406517803947844,3.477980929894058e-7,0.5793770525109012,1.8114484009864885e-7,-1.003486423151202]
430.0,[-0.023057458480989602,-0.00787352405495767,-0.018070522855850868,-0.00011723955140041653,0.00040638294151087236,3.480423380121495e-7,0.5793622008413133,1.8127205104799454e-7,-1.0035218551659653]
431.0,[-0.02351610379439198,-0.015334933323174482,-0.037132252828087076,-0.00017195134205394424,0.0004119252768159132,3.4860472632569187e-7,0.5877625743586459,1.8156496162796454e-7,-0.9834809644620351]
432.0,[-0.023562427986390955,-0.015501200323342346,-0.037548630871242494,-0.00017408297026122455,0.0005646341556490587,3.0184551082610105e-8,0.5880700403126369,1.57211203555261e-8,-0.9827472111002454]
433.0,[-0.023730001499383417,-0.01794333570614981,-0.043510084424269735,-0.00019539925233402755,0.0005711495984335121,2.292492629415459e-8,0.590630662175232,1.1940065778205516e-8,-0.976638293756894]
434.0,[-0.023771436682258403,-0.01807407556952967,-0.04382485485621146,-0.00019468870959826745,0.000617727997795572,-0.0,0.5908056638297708,0.0,-0.9762207734346896]
435.0,[-0.023403522350830163,-0.010944489758912823,-0.026118129881069763,-0.00014068746168049984,0.0006153708823602252,-0.0,0.5831449420765507,0.0,-0.9944970667602293]
436.0,[-0.023868661064459947,-0.01871569565992104,-0.045354653366302955,-0.00020037305148434825,0.00048194632535611105,2.1154160714283303e-7,0.5913540583197563,1.1017792038689222e-7,-0.9749126119668725]
437.0,[-0.023790971392345987,-0.016650147927066428,-0.04035882739117369,-0.00018829382497642655,0.0006303366609673167,-0.0,0.5893318644239575,0.0,-0.9797368377314157]
438.0,[-0.023508531341580336,-0.011116441100966767,-0.026558666377241025,-0.00014210854715202004,0.0005886542135708365,-0.0,0.583316239993054,0.0,-0.9940883988737138]
439.0,[-0.023498502197398387,-0.010447820386616513,-0.024850521640473744,-0.00013358203432289883,0.00047907569366572564,2.0427490399984948e-7,0.5824722264956297,1.0639317916658828e-7,-0.9961021198425005]
440.0,[-0.023436404431797682,-0.008893152880773414,-0.02078408556371869,-0.00012718714970105793,0.0004630720871189695,2.3307818819596836e-7,0.5806381580845663,1.213948896854002e-7,-1.000477703625526]
441.0,[-0.02345260587184993,-0.00865725269250106,-0.02015312361436372,-0.00012150280781497713,0.0004296449513789124,3.0202742714900357e-7,0.580327307199398,1.5730595164010603e-7,-1.0012193542724557]
442.0,[-0.0234556556380494,-0.008189715572370915,-0.01893596390800667,-0.00012079226507921703,0.00042379129788421086,3.1280922048093534e-7,0.5797676904033751,1.6292146900048714e-7,-1.002554447758534]
443.0,[-0.02392196597691134,-0.015625545302100363,-0.037832847965546534,-0.00017905676941154525,0.0004193955433329357,3.3378825441575616e-7,0.5880634808928791,1.73848049174873e-7,-0.9827630768614561]
444.0,[-0.023959703220365162,-0.015620571502950042,-0.037838532307432615,-0.00017763568394002505,0.0005701432803855523,1.8946718085558173e-8,0.588202534807833,9.868082336228215e-9,-0.9824311090632543]
445.0,[-0.023678780163090305,-0.010231104852209683,-0.024279955823658383,-0.00013216094885137863,0.0005677717367990866,1.8041109665365557e-8,0.5822901304796989,9.39641128404456e-9,-0.9965364158849396]
446.0,[-0.02370224362825048,-0.010152234608540311,-0.024061819203780033,-0.00013784529073745944,0.0004602941231782498,2.4254478019352323e-7,0.582100209444643,1.2632540635079338e-7,-0.9969896735711945]
447.0,[-0.023641327665999502,-0.008626699354863376,-0.02007567445616587,-0.00011866063687193673,0.00045620004686847213,2.4662437612817526e-7,0.5803186425676848,1.2845019590009126e-7,-1.001239986034506]
448.0,[-0.024114599420415436,-0.016125767388075474,-0.03907345558218367,-0.00017976731214730535,0.00042960555759232117,3.1390563614524337e-7,0.5886186744697404,1.6349251882564758e-7,-0.9814385294119313]
449.0,[-0.024132279945863862,-0.015794654473211267,-0.038262015777945635,-0.00017621459846850485,0.0005803018976353855,-0.0,0.5883872435501547,0.0,-0.981990433244631]
450.0,[-0.02384694912410148,-0.010375345027568983,-0.024660806730025797,-0.00013642420526593924,0.0005711880214874691,1.1303450001526e-8,0.5824629658912178,5.8872135424614575e-9,-0.9961240751619874]
451.0,[-0.023864424236413377,-0.010200551514571998,-0.02418829581074533,-0.00014068746168049984,0.0004634605424842264,2.3610024594414463e-7,0.5821612007882085,1.2296887809590867e-7,-0.9968441610483069]
452.0,[-0.0238020808015277,-0.008670042461744742,-0.020197177263980848,-0.00012434497875801753,0.00045732580987923666,2.444055614850153e-7,0.5803723978040924,1.2729456327344545e-7,-1.001111739814209]
453.0,[-0.023826448788713577,-0.00857909299156745,-0.019944934592786012,-0.00012221335055073723,0.00042477882839913407,3.119072801127116e-7,0.5802256789973348,1.624517083920373e-7,-1.001461817182987]
454.0,[-0.02382965842938158,-0.008127187811624026,-0.018755486053123605,-0.00011866063687193673,0.0004219119012787766,3.165073217715005e-7,0.5796848627000182,1.6484756342265652e-7,-1.0027520536351868]
455.0,[-0.023858116610824927,-0.0080831341620069,-0.01864322030087351,-0.00011795009413617663,0.00041207000067511963,3.368624541222477e-7,0.5796239258259286,1.7544919485533735e-7,-1.002897446145609]
456.0,[-0.023881013177667602,-0.007949552127684001,-0.018282264591107378,-0.00011581846592889633,0.0004109015266274014,3.3887792216435823e-7,0.5794600007757029,1.7649891779393657e-7,-1.0032885259193391]
457.0,[-0.02391131426189507,-0.007923972589196637,-0.01821973683036049,-0.00011368683772161603,0.00040791235323911414,3.45032919308223e-7,0.5794366028414331,1.7970464547303282e-7,-1.003344351101809]
458.0,[-0.023940175802426942,-0.007888445452408632,-0.018118129219146795,-0.00011795009413617663,0.00040747071791644623,3.4583141454031566e-7,0.5793867719788223,1.801205284064144e-7,-1.0034632338729628]
459.0,[-0.023971218001119635,-0.007879208396843751,-0.018101786736224312,-0.00011795009413617663,0.00040656481965114616,3.477024705245989e-7,0.5793782016767777,1.8109503673156194e-7,-1.0034836815014523]
460.0,[-0.024001895785532384,-0.00786926079854311,-0.018070522855850868,-0.00012008172234345693,0.0004064039558595677,3.480001726097354e-7,0.5793630087783945,1.8125008990090384e-7,-1.0035199276288105]
461.0,[-0.02403321794320426,-0.007862865913921269,-0.018059864714814466,-0.00011795009413617663,0.0004061274161667125,3.485697054116708e-7,0.579359965297596,1.8154672156857857e-7,-1.0035271889112392]
462.0,[-0.02452296866543559,-0.015334222780438722,-0.037126568486200995,-0.00017834622667578515,0.0004118830843697358,3.486817500479489e-7,0.5877582470295535,1.8160507814997339e-7,-0.9834912882878868]
463.0,[-0.024570487199701632,-0.015501910866078106,-0.037552894127657055,-0.00017479351299698465,0.0005645552465575947,3.0348038684839896e-8,0.5880692251987208,1.580627014835411e-8,-0.9827491558459364]
464.0,[-0.023835572512208924,-0.00361595198228315,-0.006296829724306008,-8.029132914089132e-5,0.000559542288161439,2.29536307476917e-8,0.573862417843978,1.195501601442276e-8,-1.016642533824817]
465.0,[-0.02384728262557105,-0.003453237695794087,-0.005821476634082501,-7.247535904753022e-5,0.0003013121157202742,5.601000243302521e-7,0.573422373996368,2.917187626720063e-7,-1.0176927363943964]
466.0,[-0.02409163280332635,-0.006439648814193788,-0.014202328202372883,-0.00010516032489249483,0.00029752699726473184,5.691725146134836e-7,0.5774792634756308,2.9644401802785604e-7,-1.0080141636885054]
467.0,[-0.02412396035837187,-0.006412648190234904,-0.014148326954455115,-0.00010018652574217413,0.0003712384434999411,4.1648621591637755e-7,0.5775197922397444,2.169199041231133e-7,-1.0079173645753357]
468.0,[-0.0242203213772571,-0.007381117939075921,-0.01674536065365828,-0.00011226575225009583,0.0003724110143333652,4.170819114644595e-7,0.5787337248474087,2.1723016222107266e-7,-1.0050212686368334]
469.0,[-0.024254102882024214,-0.007404565849356004,-0.016827783611006453,-0.00010658141036401503,0.00039448585533053966,3.713413515038185e-7,0.5787839051939804,1.934069539082388e-7,-1.0049015199953264]
470.0,[-0.02430524891872201,-0.007699441084696446,-0.017617907133171684,-0.00011723955140041653,0.00039552692020022,3.7008269890002363e-7,0.5791488154261643,1.9275140567709563e-7,-1.0040309475423645]
471.0,[-0.024338040566428396,-0.007719336281297728,-0.017673329466560972,-0.00011439738045737613,0.000402171539673674,3.5634461394767066e-7,0.5791752871494954,1.8559615309774516e-7,-1.0039677837609282]
472.0,[-0.02437548361069058,-0.007808154123267741,-0.017910650740304845,-0.00012221335055073723,0.0004026927023659767,3.555374652947987e-7,0.5792853820510074,1.8517576317437434e-7,-1.0037051282050715]
473.0,[-0.0244075450161861,-0.007815970093361102,-0.017929124851434608,-0.00011795009413617663,0.00040469620524916225,3.513951987752545e-7,0.5792967626178008,1.8301833269544506e-7,-1.0036779744655313]
474.0,[-0.024440836627346165,-0.007843681260055746,-0.018000179125010618,-0.00011368683772161603,0.00040491486711387753,3.510232548282757e-7,0.5793300892351968,1.8282461188972692e-7,-1.003598466412641]
475.0,[-0.024472547578223466,-0.007847944516470307,-0.01800444238142518,-0.00011439738045737613,0.00040552116172609226,3.49770547005708e-7,0.5793345429417552,1.8217215989880627e-7,-1.0035878402464888]
476.0,[-0.02450457885708657,-0.007849365601941827,-0.01802149540708342,-0.00011084466677857563,0.0004056056267033636,3.4961981136603177e-7,0.579344663243319,1.8209365175314156e-7,-1.003563695990804]
477.0,[-0.02453614472995403,-0.007854339401092147,-0.018031443005384062,-0.00011439738045737613,0.00040578978325119826,3.492398588356274e-7,0.579346314570628,1.8189575981022262e-7,-1.003559756124258]
478.0,[-0.02456779231118184,-0.007853628858356387,-0.018035706261798623,-0.00011297629498585593,0.00040582085181214175,3.4918278923306785e-7,0.5793493972236379,1.818660360588895e-7,-1.0035524017541702]
479.0,[-0.024599302478178802,-0.007855049943827908,-0.018042101146420464,-0.00011368683772161603,0.00040587697151070305,3.4906720340601286e-7,0.5793499884912974,1.818058351072984e-7,-1.0035509910759077]
480.0,[-0.024630832898186288,-0.007853628858356387,-0.018043522231891984,-0.00011297629498585593,0.0004058880362632626,3.4904648464352563e-7,0.5793509302439939,1.817950440851696e-7,-1.003548744308247]
481.0,[-0.024662322625908832,-0.007855049943827908,-0.018046364402835025,-0.00011510792319313623,0.0004059051896664929,3.4901121798561187e-7,0.5793511368683624,1.8177667603417287e-7,-1.0035482513363485]
482.0,[-0.02469381716504872,-0.007857892114770948,-0.018041390603684704,-0.00011510792319313623,0.00040590904153323267,3.490039064166564e-7,0.5793514253904479,1.8177286792534187e-7,-1.0035475629998647]
483.0,[-0.024725299617069957,-0.007855049943827908,-0.018040680060948944,-0.00011581846592889633,0.00040591429948287215,3.4899311517704934e-7,0.579351496324086,1.8176724748804655e-7,-1.0035473937647625]
484.0,[-0.024756783135982792,-0.007861444828449748,-0.018050627659249585,-0.00011795009413617663,0.00040591561802548145,3.48990586874173e-7,0.5793515849572457,1.8176593066363178e-7,-1.0035471823095614]
485.0,[-0.02433449078533758,-0.0018822277070285054,-0.001113420466936077,-5.8975047068088315e-5,0.00040016357912622965,3.489799868515875e-7,0.5710580004715449,1.8176040981853517e-7,-1.023333305289305]
486.0,[-0.02435112077398972,-0.001766409241099609,-0.0007631228982063476,-6.0396132539608516e-5,0.0002494074875492449,6.60555858386495e-7,0.5707563325154537,3.4403950957629953e-7,-1.0240532213958882]
487.0,[-0.02469785995615702,-0.005750422360506491,-0.012315126696194056,-9.734435479913373e-5,0.0002487677468763258,6.675094524998296e-7,0.5765591603514768,3.476611731769946e-7,-1.0102093370968002]
488.0,[-0.024734941164379274,-0.005791633839180577,-0.012440182217687834,-0.00010018652574217413,0.0003542269666596758,4.497397326556347e-7,0.576695392656273,2.3423944409147644e-7,-1.009884170191272]
489.0,[-0.02486318987438236,-0.007149481007218128,-0.016133583358168835,-0.00011084466677857563,0.00035733463788889324,4.4765593071418126e-7,0.5784326647154342,2.3315413058030277e-7,-1.0057395339331288]
490.0,[-0.024899423230539373,-0.007203482255135896,-0.016285639503621496,-0.00010942358130705543,0.0003889257625329807,3.8226672544675374e-7,0.5785278400737686,1.990972528368509e-7,-1.0055124260145278]
491.0,[-0.024960325395567605,-0.007629097353856196,-0.017419665709894616,-0.00011297629498585593,0.0003908463512796507,3.795905695653145e-7,0.5790506577147805,1.9770342164860134e-7,-1.004265130588002]
492.0,[-0.02499416430446153,-0.00765680852055084,-0.01750564138092159,-0.00011439738045737613,0.0004003577286337287,3.599132771059244e-7,0.5790955457393785,1.874548318260023e-7,-1.004158026531252]
493.0,[-0.02503458201329194,-0.007786837841194938,-0.017848122979557957,-0.00011795009413617663,0.0004012316180229187,3.5849468326677877e-7,0.579253486541125,1.8671598086811398e-7,-1.0037812238909467]
494.0,[-0.025067052255258127,-0.007793232725816779,-0.01788009740266716,-0.00011297629498585593,0.0004041081896552017,3.52557661735387e-7,0.5792718834616963,1.836237821538474e-7,-1.0037373298539973]
495.0,[-0.025592902642666643,-0.015300116729122237,-0.0370427244433813,-0.00017408297026122455,0.00041026880740887894,3.519484455406411e-7,0.5877222636892959,1.8330648205241727e-7,-0.9835771365901409]
496.0,[-0.02564196313617474,-0.015473489156647702,-0.037488945281438646,-0.00017337242752546445,0.000563891222125693,3.167071438082286e-8,0.5880413787460195,1.6495163740011905e-8,-0.982815590470721]
497.0,[-0.02532718319557951,-0.01014441863844695,-0.02404973997727211,-0.00013358203432289883,0.0005648034779547747,2.3994555757849945e-8,0.5821824250243659,1.2497164457213513e-8,-0.9967933745808383]
498.0,[-0.025352907175020232,-0.010096812275151024,-0.023921842284835293,-0.00013358203432289883,0.0004583183313777241,2.4653721579976686e-7,0.5820483568610273,1.284047998957119e-7,-0.9971133818724176]
499.0,[-0.02528207913639143,-0.008598988188168732,-0.02000817289626866,-0.00012221335055073723,0.00045524655979469126,2.4853097161417125e-7,0.5802847111990039,1.2944321438238086e-7,-1.0013209379473558]
500.0,[-0.02530863882464007,-0.008540013141100644,-0.01985824837902328,-0.00011866063687193673,0.00042317035586613035,3.151598170262627e-7,0.5801890851436623,1.641457380345118e-7,-1.0015491219857036]
501.0,[-0.025309384115745747,-0.008096634473986342,-0.018695800463319756,-0.00011581846592889633,0.0004212359494023024,3.178429121563866e-7,0.5796574399012635,1.655431834147847e-7,-1.002817477551923]
502.0,[-0.025338422680984882,-0.008073186563706258,-0.018613377505971584,-0.00011581846592889633,0.0004115668298471875,3.378781842175018e-7,0.5796121013202711,1.7597822094661553e-7,-1.0029256567631992]
503.0,[-0.025360600610873696,-0.00794315724306216,-0.018266632650920656,-0.00011652900866465643,0.0004106832607865174,3.3930972309556124e-7,0.5794514157354608,1.767238141122715e-7,-1.0033090076809172]
504.0,[-0.02589216981793286,-0.015405277054014732,-0.03730136199919798,-0.00017905676941154525,0.0004135728358607852,3.453598591311095e-7,0.5878366436626739,1.7987492663078621e-7,-0.9833042539475204]
505.0,[-0.02593812713761507,-0.01552962203277275,-0.037614000802932424,-0.00017834622667578515,0.0005659902798728864,2.741302474079914e-8,0.5880994395806083,1.4277617052499553e-8,-0.982677070866995]
506.0,[-0.025615581365302564,-0.010170708719670074,-0.024127189135469962,-0.00013997691894473974,0.0005658722272879372,2.184527145990402e-8,0.5822186545702166,1.1377745552033344e-8,-0.996706939700534]
507.0,[-0.025640157310437946,-0.010113865300809266,-0.02396376430624514,-0.00013073986337985843,0.0004589809492826015,2.4519504629641984e-7,0.5820669557278189,1.2770575327938534e-7,-0.9970690093315225]
508.0,[-0.025567027023190487,-0.008606093615526333,-0.020033752434756025,-0.00012434497875801753,0.00045558836386950613,2.4784584439024994e-7,0.5802961610714803,1.2908637728658853e-7,-1.0012936213336427]
509.0,[-0.025593173047221196,-0.008545697482986725,-0.019871748691002722,-0.00012008172234345693,0.00042338086280164133,3.14737203583527e-7,0.5801950223228238,1.6392562686642032e-7,-1.0015349572706944]
510.0,[-0.025593221066733843,-0.008105160986815463,-0.018702195347941597,-0.00011510792319313623,0.00042134532655190265,3.1762476964042986e-7,0.579661057018048,1.6542956752105722e-7,-1.002808847988921]
511.0,[-0.025622113912630896,-0.008072476020970498,-0.018620482933329185,-0.00011581846592889633,0.00041163333994831446,3.3774481004556427e-7,0.579613993656946,1.7590875523206474e-7,-1.002921142093293]
512.0,[-0.025644078826694658,-0.00794884158494824,-0.018270185364599456,-0.00011723955140041653,0.00041071812522569946,3.392402298554462e-7,0.579452558555544,1.7668761971637824e-7,-1.0033062811890805]
513.0,[-0.025674481667818407,-0.007926814760139678,-0.01822186845856777,-0.00012008172234345693,0.00040777643645625454,3.453090472384254e-7,0.5794333945856955,1.798484621033466e-7,-1.0033520052805887]
514.0,[-0.025703067666172554,-0.007882761110522551,-0.018112444877260714,-0.00011297629498585593,0.00040741173861330576,3.4594876060695e-7,0.5793844424378145,1.8018164614945312e-7,-1.003468791576043]
515.0,[-0.025734131978154138,-0.00787139242675039,-0.01809183913792367,-0.00011297629498585593,0.00040652219734279503,3.477887930333494e-7,0.5793771677025406,1.8113999637153616e-7,-1.00348614833022]
516.0,[-0.026277688381095694,-0.015336354408646002,-0.037132963370822836,-0.00017337242752546445,0.00041219824322179114,3.4804364738485353e-7,0.5877652882639557,1.8127273301294454e-7,-0.983474489458597]
517.0,[-0.025811969934079478,-0.008022738029467291,-0.018473400587026845,-0.00012008172234345693,0.0005588682300282625,3.0088745336085085e-8,0.5796688014640359,1.567122152921098e-8,-1.0027901665706178]
518.0,[-0.02548574997654708,-0.003483791033431771,-0.0059188209888816345,-7.318590178329032e-5,0.00040683534412234973,3.4142989964661845e-7,0.5735577242284211,1.7782807273261377e-7,-1.0173696732192667]
519.0,[-0.0258524099758092,-0.007817391178832622,-0.01794262516341405,-0.00011439738045737613,0.0003006253270203023,5.671452784313148e-7,0.5792198105925831,2.953881658496431e-7,-1.0038617141186077]
520.0,[-0.025786191933051678,-0.006470912694567232,-0.014306777984529617,-0.00010302869668521453,0.00040289350544352116,3.5091931606862357e-7,0.577614700248669,1.8277047711907478e-7,-1.0076908943491154]
521.0,[-0.026434028200230268,-0.015258194707712391,-0.03694395900311065,-0.00017550405573274475,0.00038013891231346417,4.144272389634852e-7,0.5876596105789385,2.1584752029348188e-7,-0.9837266536382744]
522.0,[-0.02645551192056661,-0.014997425523688435,-0.03632223410932056,-0.00016981971384666394,0.0005625677517687692,3.317848712699482e-8,0.5875371363446004,1.72804620453098e-8,-0.98401856984823]
523.0,[-0.026152196196046643,-0.010111733672601986,-0.02397726461822458,-0.00012789769243681803,0.0005556307377095133,4.3148374862626464e-8,0.5821476813739439,2.247311190761795e-8,-0.9968762766852872]
524.0,[-0.026170206640099218,-0.009963230240828125,-0.023588597741763806,-0.00013216094885137863,0.0004576335423430595,2.475880573812329e-7,0.5818956600633891,1.2895211321939214e-7,-0.997477673554527]
525.0,[-0.02610244657085897,-0.00858619841892505,-0.019979751186838257,-0.00012292389328649733,0.0004524669754577619,2.5429233000924734e-7,0.5802694921066196,1.3244392187981632e-7,-1.0013572504687291]
526.0,[-0.02612680292232189,-0.008498801662426558,-0.019761614566959906,-0.00011652900866465643,0.00042287657483572696,3.156542491492603e-7,0.5801428199981082,1.6440325476523973e-7,-1.0016594977575484]
527.0,[-0.026653497900148846,-0.01559783413540572,-0.03778097834583605,-0.00016910917111090384,0.0004262131933262389,3.1959151684719003e-7,0.58805783333324,1.6645391502457814e-7,-0.9827765401846394]
528.0,[-0.0266999788730001,-0.015727152913314058,-0.03810214366239961,-0.00017692514120426495,0.0005700820863126248,1.936011840500652e-8,0.5883161156133302,1.0083395002607563e-8,-0.9821601380082826]
529.0,[-0.026351733888001813,-0.010234657565888483,-0.024279955823658383,-0.00013571366253017914,0.0005698350373155904,1.3714524276738046e-8,0.5822920141116972,7.142981394134399e-9,-0.996531918986754]
530.0,[-0.02637566683536253,-0.010177814147027675,-0.024135005105563323,-0.00013855583347321954,0.00046034100743055917,2.425333631301452e-7,0.5821344247526088,1.263194599636173e-7,-0.9969080456140352]
531.0,[-0.026295013266604387,-0.008636646953164018,-0.020092727481824113,-0.00013145040611561853,0.000456821276428234,2.4532961279201457e-7,0.5803202828087213,1.277758399958409e-7,-1.0012360719632027]
532.0,[-0.026320733702586398,-0.008569855936002568,-0.01992361831071321,-0.00012434497875801753,0.0004238274108677218,3.1386169464237135e-7,0.5802160121618436,1.6346963262623505e-7,-1.0014848808865267]
533.0,[-0.026318530990532045,-0.008111555871437304,-0.01872422217275016,-0.00011866063687193673,0.00042173023282134097,3.168449537555676e-7,0.5796689438301557,1.6502341341435814e-7,-1.0027900317515956]
534.0,[-0.0263472261231131,-0.008073897106442018,-0.018631141074365587,-0.00012221335055073723,0.00041177923059504184,3.37458223866193e-7,0.5796205298798971,1.7575949159697552e-7,-1.0029055483281197]
535.0,[-0.026368511624132673,-0.00794742049947672,-0.018275159163749777,-0.00012221335055073723,0.00041083801680073947,3.389977477785743e-7,0.5794551260159373,1.7656132696800747e-7,-1.0033001557889405]
536.0,[-0.02639883391669333,-0.007926104217403918,-0.01822542117224657,-0.00011155520951433573,0.0004078235749253325,3.452153468735604e-7,0.5794354327960983,1.7979965982997938e-7,-1.0033471426259846]
537.0,[-0.026427213803501715,-0.007889866537880152,-0.018118839761882555,-0.00011795009413617663,0.0004074488852630109,3.4587300139263354e-7,0.5793852752725628,1.8014218822533e-7,-1.0034668046161723]
538.0,[-0.02645824749594059,-0.00787849785410799,-0.01809468130886671,-0.00011297629498585593,0.000406537474358366,3.4775834824933783e-7,0.579377804267297,1.8112413971319682e-7,-1.00348462964684]
539.0,[-0.027024921108306618,-0.015342038750532083,-0.037132252828087076,-0.00017834622667578515,0.00041220991270892994,3.48020056820997e-7,0.5877655608620329,1.8126044626093594e-7,-0.9834738391006194]
540.0,[-0.027074846489027644,-0.015501910866078106,-0.037559289012278896,-0.00017195134205394424,0.0005646901919479927,3.0079155586071063e-8,0.5880748658500509,1.5666226867745347e-8,-0.9827356986714185]
541.0,[-0.026727583454745688,-0.010157918950426392,-0.024080293314909795,-0.00013358203432289883,0.0005654174691539838,2.27429655078586e-8,0.5821965020589748,1.1845294535343021e-8,-0.9967597899042786]
542.0,[-0.02675255300501483,-0.010103917702508625,-0.023951685079737217,-0.00012789769243681803,0.0004585768681007597,2.4602140800242373e-7,0.5820588691801803,1.2813615000126234e-7,-0.997088302114004]
543.0,[-0.02667216709427461,-0.008601119816376013,-0.020027357550134184,-0.00012008172234345693,0.0004554390316806278,2.481403528074163e-7,0.5802892632778345,1.29239767087196e-7,-1.0013100777088473]
544.0,[-0.027242552466421596,-0.016125056845339714,-0.039047165500960546,-0.00018260948309034575,0.00042906840875075656,3.149951483254181e-7,0.5886052009014417,1.6405997308615528e-7,-0.9814706742745238]
545.0,[-0.027257228873480498,-0.015776890904817265,-0.03824283112408011,-0.00017905676941154525,0.0005800537111339765,-0.0,0.5883779049073863,0.0,-0.9820127125780928]
546.0,[-0.026903349367877753,-0.010373923942097463,-0.024650859131725156,-0.00014068746168049984,0.0005710169231086097,1.1651839463990686e-8,0.5824586176025967,6.068666387495149e-9,-0.9961344491851192]
547.0,[-0.026917831170271612,-0.010191314459007117,-0.024170532242351328,-0.00013145040611561853,0.00046338045663515216,2.3625997273122115e-7,0.5821582553755075,1.2305206913084438e-7,-0.9968511880755558]
548.0,[-0.0268352769970402,-0.008663647577122902,-0.020185808580208686,-0.00011652900866465643,0.0004572717807251238,2.4451476964910003e-7,0.5803710009669543,1.2735144252557293e-7,-1.0011150723465299]
549.0,[-0.026858125650343363,-0.008568434850531048,-0.01993427645174961,-0.00012576606422953773,0.00042475315586305276,3.1195854607912835e-7,0.5802247518543385,1.624784094162127e-7,-1.0014640291178967]
550.0,[-0.027403729436416793,-0.015621992588421563,-0.03784919044846902,-0.00017195134205394424,0.0004277119089042727,3.165478581050387e-7,0.5880912064236573,1.648686760963743e-7,-0.9826969193520304]
551.0,[-0.027450343153686736,-0.0157513113663299,-0.03815969762399618,-0.00017479351299698465,0.0005706960938707229,1.8133095040048153e-8,0.588342022447271,9.444320333358414e-9,-0.982098330828007]
552.0,[-0.027084291036776446,-0.010248157877867925,-0.024302693191202707,-0.00013358203432289883,0.0005703091824896767,1.2745916653382865e-8,0.5823028692589753,6.638498256970242e-9,-0.9965060210149564]
553.0,[-0.027107711147674473,-0.010187761745328316,-0.024151347588485805,-0.00013997691894473974,0.00046054155768989895,2.4213622864959613e-7,0.5821425578713182,1.2611261908833133e-7,-0.9968886420328759]
554.0,[-0.02702182032646979,-0.008630252068542177,-0.020089885310881073,-0.00011652900866465643,0.00045696998884485593,2.4502727133311806e-7,0.5803237940678196,1.27618370485999e-7,-1.0012276948862524]
555.0,[-0.0270472248608624,-0.008569145393266808,-0.01993498699448537,-0.00012718714970105793,0.00042389226870884666,3.1373339086244313e-7,0.5802185614202691,1.634028077408558e-7,-1.0014787989926373]
556.0,[-0.027043453879586753,-0.008108003157758503,-0.01871853783086408,-0.00011866063687193673,0.0004217770999716119,3.1675059070263267e-7,0.5796700760044616,1.6497426599095453e-7,-1.0027873306397774]
557.0,[-0.027072005491682625,-0.008078870905592339,-0.018636114873515908,-0.00011795009413617663,0.00041180016563052257,3.374168749572414e-7,0.5796213292021781,1.7573795570689656e-7,-1.002903641344]
558.0,[-0.027092817703425205,-0.007951683755891281,-0.018279422420164337,-0.00011795009413617663,0.0004108527461765203,3.3896822361799824e-7,0.5794554902311295,1.7654594980104075e-7,-1.003299286854465]
559.0,[-0.027123082188917055,-0.007925393674668157,-0.018214052488474408,-0.00011723955140041653,0.0004078301408751398,3.4520189732764345e-7,0.5794356835900676,1.7979265485814765e-7,-1.0033465442936227]
560.0,[-0.027151318582552576,-0.007888445452408632,-0.018115997590939514,-0.00011937117960769683,0.00040745336543849034,3.4586362151016943e-7,0.5793853921827491,1.8013730286987992e-7,-1.0034665256951711]
561.0,[-0.027182330458171877,-0.00787778731137223,-0.018098944565281272,-0.00011297629498585593,0.00040653954560714874,3.4775399488659993e-7,0.5793778830364182,1.8112187233677083e-7,-1.0034844417231126]
562.0,[-0.027212820074078565,-0.00787068188401463,-0.018064838513964787,-0.00012008172234345693,0.00040639788405499926,3.4801136407854963e-7,0.579362585522877,1.8125591879091128e-7,-1.0035209374035396]
563.0,[-0.027244127321134237,-0.00786712917033583,-0.018063417428493267,-0.00011652900866465643,0.0004061195756278273,3.485854175143145e-7,0.5793598565635928,1.8155490495537215e-7,-1.003527448330727]
564.0,[-0.027275303302856563,-0.00787068188401463,-0.018053469830192626,-0.00012008172234345693,0.0004060684017528166,3.4868049461996434e-7,0.5793551895445905,1.8160442428123145e-7,-1.0035385825725445]
565.0,[-0.027306720893159418,-0.007853628858356387,-0.018041390603684704,-0.00010871303857129533,0.00040598343030799253,3.488553828435909e-7,0.579354225817359,1.8169551189770358e-7,-1.0035408818752882]
566.0,[-0.027901418698251995,-0.015331380609495682,-0.03711591034516459,-0.00017124079931818414,0.0004117778746016523,3.4889430588262664e-7,0.5877556953429368,1.8171578431386808e-7,-0.983497376034926]
567.0,[-0.027952377844785513,-0.015504753037021146,-0.037551473042185535,-0.00017976731214730535,0.0005645082320841358,3.044210399128663e-8,0.5880674041113763,1.5855262495461787e-8,-0.9827535005072192]
568.0,[-0.027586211345833292,-0.01014726080938999,-0.024067503545666113,-0.00013571366253017914,0.0005652806869313016,2.302174041204942e-8,0.5821932998152248,1.1990489797942407e-8,-0.9967674297420638]
569.0,[-0.027610896968453837,-0.010098943903358304,-0.023941026938700816,-0.00013358203432289883,0.0004585179129955267,2.4613874071664836e-7,0.582056524653157,1.2819726078992105e-7,-0.997093895569426]
570.0,[-0.02752494797398568,-0.008602540901847533,-0.020012436152683222,-0.00012363443602225743,0.00045539606868931894,2.482274197647909e-7,0.58028822922652,1.2928511446082862e-7,-1.0013125447220306]
571.0,[-0.027550726811045135,-0.008548539653929765,-0.019871038148266962,-0.00012576606422953773,0.0004232354273635932,3.150313484108669e-7,0.5801916450538367,1.6407882729732652e-7,-1.0015430146796669]
572.0,[-0.027546946749972337,-0.008105160986815463,-0.018700063719734317,-0.00011581846592889633,0.00042128308884424907,3.17748212883835e-7,0.5796585744268492,1.6549386087699743e-7,-1.0028147708303832]
573.0,[-0.028147021783931685,-0.015570833511446835,-0.037704950273109716,-0.00017834622667578515,0.0004173946633639964,3.378356837387065e-7,0.5880188925120713,1.759560852805763e-7,-0.9828694548895469]
574.0,[-0.028186936482367572,-0.015594281421726919,-0.037763214777442045,-0.00017905676941154525,0.0005693221790802091,2.058616281258738e-8,0.5881680337968458,1.0721959798222594e-8,-0.9825134197890698]
575.0,[-0.0278144007426836,-0.010219025625701761,-0.0242494024860207,-0.00013216094885137863,0.000567139660220431,1.9330782739293774e-8,0.5822756314731669,1.006811601004884e-8,-0.9965710072931467]
576.0,[-0.027835663232330582,-0.01013873429656087,-0.02403126586614235,-0.00013358203432289883,0.00046002652753482934,2.430753997162543e-7,0.582089377782335,1.2660177068554913e-7,-0.9970155152017146]
577.0,[-0.027747771145760276,-0.008620304470241535,-0.02007354282795859,-0.00011795009413617663,0.00045600167541339946,2.470268305448283e-7,0.5803139536434565,1.286598075754314e-7,-1.00125117275549]
578.0,[-0.028351324312760325,-0.016126477930811234,-0.03906706069756183,-0.00017834622667578515,0.0004295190629032006,3.1407708039746927e-7,0.5886152394130448,1.6358181270701525e-7,-0.9814467245982217]
579.0,[-0.028364706667784248,-0.015781154161231825,-0.038252068179644994,-0.00017337242752546445,0.0005802389350402099,-0.0,0.5883857123078715,0.0,-0.9819940863512207]
580.0,[-0.027986125137877665,-0.010383871540398104,-0.024655122388139716,-0.00014210854715202004,0.0005711596552700144,1.1359922020981174e-8,0.5824618840919795,5.916626052594362e-9,-0.9961266560662217]
581.0,[-0.027999467037431825,-0.010193446087214397,-0.02418261146885925,-0.00013002932064409833,0.0004634408165843566,2.3614045482007615e-7,0.5821607062529179,1.2298982021878967e-7,-0.9968453408969351]
582.0,[-0.027909630358944202,-0.008667910833537462,-0.020191492922094767,-0.00011297629498585593,0.000457316506557988,2.4442361002905173e-7,0.5803720577365983,1.2730396355679778e-7,-1.0011125511309795]
583.0,[-0.027931913352330688,-0.008571987564209849,-0.01993001319533505,-0.00012434497875801753,0.00042477271319002496,3.119199557055433e-7,0.5802255200394641,1.6245831026330382e-7,-1.0014621964201043]
584.0,[-0.027926876085824504,-0.008120792927002185,-0.018756196595859365,-0.00011368683772161603,0.0004219091547842235,3.165132853660099e-7,0.5796847558843345,1.6485066946146349e-7,-1.0027523084711487]
585.0,[-0.028538024315075582,-0.015587886537105078,-0.03775113555093412,-0.00017905676941154525,0.00041787426635050257,3.368647667139611e-7,0.5880299920066252,1.7545039933018807e-7,-0.9828429739733132]
586.0,[-0.028577899425539337,-0.015593570878991159,-0.03779447865781549,-0.00017124079931818414,0.0005695263601233894,2.017752600061637e-8,0.5881763245595384,1.0509128125321027e-8,-0.9824936401061917]
587.0,[-0.02819646485397197,-0.010219025625701761,-0.02425579737064254,-0.00014139800441625994,0.000567291612329414,1.902107368616855e-8,0.5822792313941669,9.90680921154612e-9,-0.996562418688969]
588.0,[-0.028217440326000737,-0.01014797135212575,-0.02404263454991451,-0.00013571366253017914,0.0004600930279856576,2.429435568076905e-7,0.5820919843528625,1.2653310250400547e-7,-0.9970092965749975]
589.0,[-0.028126928315439004,-0.008620304470241535,-0.02007283228522283,-0.00012008172234345693,0.0004560493663798632,2.4693001078443365e-7,0.5803151152194868,1.2860938061689255e-7,-1.0012484014978038]
590.0,[-0.02874248285625593,-0.016130741187225794,-0.03907345558218367,-0.00017834622667578515,0.00042954031432094174,3.1403444527907305e-7,0.5886160670308802,1.635596069161839e-7,-0.9814447501080753]
591.0,[-0.02875542673143976,-0.015789680674060946,-0.038252068179644994,-0.00017124079931818414,0.000580254106473289,-0.0,0.58838609090308,0.0,-0.9819931831312234]
592.0,[-0.02836822621017043,-0.010370371228418662,-0.024655122388139716,-0.00013145040611561853,0.0005711665709246589,1.13459457669032e-8,0.5824621450246141,5.909346753595417e-9,-0.9961260335455246]
593.0,[-0.028381174097898008,-0.010192025001742877,-0.02418474309706653,-0.00012931877790833823,0.0004634456359705119,2.3613079038094517e-7,0.5821608283385078,1.229847866567423e-7,-0.9968450496286957]
594.0,[-0.02888453820787945,-0.016274981362585095,-0.03942091097997036,-0.00018047785488306545,0.00046313799920786475,2.444225207456696e-7,0.5887868994628729,1.2730339622170293e-7,-0.9810371430118041]
595.0,[-0.028926618642305158,-0.01632400881135254,-0.03955804572797206,-0.00017976731214730535,0.0005835615879707165,-0.0,0.5889515186605343,0.0,-0.9806442340527255]
596.0,[-0.028500237834078894,-0.01042792519001523,-0.024802915277177817,-0.00014139800441625994,0.0005814650889834511,-0.0,0.582531387638018,0.0,-0.9959608323492998]
597.0,[-0.028520478703642393,-0.01034905494634586,-0.024570567802584264,-0.00014281908988778014,0.0004647674973001387,2.338072795704283e-7,0.5823330774252485,1.2177462477626475e-7,-0.996434110862107]
598.0,[-0.028416943757534636,-0.008693490372024826,-0.020256862853784696,-0.00012150280781497713,0.00046045307641910405,2.379319133597832e-7,0.5803983216209382,1.2392287154155374e-7,-1.0010498883699854]
599.0,[-0.028440852735914384,-0.008615330671091215,-0.020045831661263946,-0.00011866063687193673,0.0004252695626372152,3.1101845869532575e-7,0.5802780381368349,1.6198878057048217e-7,-1.0013369026010215]
